1396564288.822454682 159.29
1396564288.835853175 477.01
1396564288.858263148 477.009
1396564288.872934934 477.01
1396564288.885859488 477.01
1396564288.899365325 477.01
1396564288.914018484 477.01
1396564288.926117275 477.01
1396564288.940311563 477.009
1396564288.953572161 477.01
1396564288.968924909 477.01
1396564288.988782093 477.01
1396564289.001942623 477.009
1396564289.017237258 477.01
1396564289.029801230 477.009
1396564289.043630865 477.01
1396564289.057819482 477.01
1396564289.070749596 477.01
1396564289.084113542 477.01
1396564289.097664468 477.009
1396564289.120866327 477.01
1396564289.133689359 477.01
1396564289.147737927 477.01
1396564289.161771890 477.01
1396564289.174740484 477.01
1396564289.187752876 477.01
1396564289.201847323 477.01
1396564289.214305843 477.009
1396564289.227984132 477.01
1396564289.250131359 477.01
1396564289.262110482 477.01
1396564289.275801841 477.01
1396564289.289429071 477.01
1396564289.302113633 477.01
1396564289.316997856 477.009
1396564289.331117519 477.01
1396564289.346002577 477.01
1396564289.358855839 477.01
1396564289.379736524 477.009
1396564289.393868100 477.01
1396564289.406255219 477.009
1396564289.420185335 477.01
1396564289.433840673 477.01
1396564289.449118664 477.01
1396564289.461700203 477.009
1396564289.476889317 477.01
1396564289.497540418 477.01
1396564289.510197718 477.01
1396564289.523800321 477.009
1396564289.537975849 477.01
1396564289.551094931 477.01
1396564289.564862923 477.009
1396564289.577719732 477.01
1396564289.591215927 477.009
1396564289.604991905 477.01
1396564289.625875541 477.01
1396564289.638731774 477.01
1396564289.652492795 477.01
1396564289.665718005 477.01
1396564289.679145539 477.01
1396564289.691952513 477.01
1396564289.705676339 477.01
1396564289.719360710 477.01
1396564289.731867736 477.01
1396564289.754548169 477.01
1396564289.768910052 477.01
1396564289.781609075 477.01
1396564289.794923235 477.01
1396564289.808988222 477.01
1396564289.822345439 477.01
1396564289.835341030 477.01
1396564289.849762325 477.01
1396564289.862344417 477.01
1396564289.884804546 477.009
1396564289.897820600 477.009
1396564289.910821830 477.01
1396564289.923961062 477.01
1396564289.937663788 477.009
1396564289.952915384 477.01
1396564289.965358570 477.009
1396564289.979232051 477.01
1396564289.993113888 477.01
1396564290.012569022 477.01
1396564290.027242969 477.01
1396564290.041569558 477.01
1396564290.055298520 477.01
1396564290.068227128 477.009
1396564290.082029390 477.01
1396564290.097106230 477.009
1396564290.109597454 477.01
1396564290.123398145 477.009
1396564290.144440850 477.01
1396564290.157862056 477.009
1396564290.171116415 477.01
1396564290.184970994 477.009
1396564290.197414216 477.01
1396564290.212101336 477.01
1396564290.225604354 477.009
1396564290.239031446 477.01
1396564290.252231410 477.01
1396564290.274244408 477.01
1396564290.289057076 477.01
1396564290.301861570 477.01
1396564290.315984466 477.01
1396564290.329870162 477.009
1396564290.342855636 477.01
1396564290.355869960 477.01
1396564290.369986744 477.01
1396564290.393102269 477.009
1396564290.405862791 477.01
1396564290.419617435 477.01
1396564290.433854646 477.01
1396564290.447183318 477.009
1396564290.461313619 477.009
1396564290.474909043 477.01
1396564290.489173380 477.009
1396564290.502230119 477.01
1396564290.522652341 477.01
1396564290.536922523 477.01
1396564290.549990048 477.01
1396564290.566563448 477.009
1396564290.577895516 477.01
1396564290.593100315 477.009
1396564290.605948298 477.01
1396564290.619214473 477.01
1396564290.633377274 477.01
1396564290.652617761 477.01
1396564290.665995802 477.009
1396564290.679350943 477.01
1396564290.691859265 477.01
1396564290.706647178 477.009
1396564290.720288467 477.01
1396564290.732985041 477.01
1396564290.747810216 477.01
1396564290.761502348 477.01
1396564290.784992780 477.009
1396564290.797364498 477.01
1396564290.810898509 477.01
1396564290.824987683 477.01
1396564290.837885543 477.01
1396564290.851832422 477.009
1396564290.865677249 477.01
1396564290.878759578 477.01
1396564290.891672968 477.01
1396564290.913239660 477.01
1396564290.926352363 477.01
1396564290.939866675 477.01
1396564290.953482529 477.009
1396564290.965797173 477.01
1396564290.979017412 477.01
1396564290.993852978 477.01
1396564291.006117184 477.01
1396564291.019229247 477.01
1396564291.039239784 477.009
1396564291.053105733 477.01
1396564291.066142485 477.009
1396564291.078849137 477.01
1396564291.091814322 477.01
1396564291.105941308 477.01
1396564291.120886597 477.01
1396564291.134247951 477.01
1396564291.147867546 477.009
1396564291.169809505 477.01
1396564291.184994431 477.009
1396564291.198008671 477.01
1396564291.210918275 477.01
1396564291.224902481 477.009
1396564291.238149026 477.01
1396564291.253029613 477.01
1396564291.266350190 477.009
1396564291.288738941 477.01
1396564291.300971024 477.009
1396564291.315622908 477.009
1396564291.329998211 477.01
1396564291.344841836 477.009
1396564291.357579305 477.01
1396564291.371730936 477.01
1396564291.386019977 477.01
1396564291.398068363 477.01
1396564291.418948025 477.01
1396564291.435052615 477.009
1396564291.452215612 477.01
1396564291.469590920 477.01
1396564291.485671308 477.009
1396564291.505291790 477.01
1396564291.527005534 477.01
1396564291.554943206 477.01
1396564291.573124628 477.01
1396564291.589842475 477.01
1396564291.607782966 477.01
1396564291.625132309 477.01
1396564291.643258913 477.01
1396564291.661137548 477.01
1396564291.686161885 477.01
1396564291.703294156 477.01
1396564291.722372740 477.01
1396564291.740389590 477.01
1396564291.758015223 477.01
1396564291.776296250 477.01
1396564291.802264181 477.01
1396564292.035493381 477.01
1396564292.059888984 477.01
1396564292.078252893 477.01
1396564292.095944587 477.01
1396564292.114010407 477.01
1396564292.131146475 477.01
1396564292.149188535 477.01
1396564292.167490777 477.01
1396564292.192677957 477.01
1396564292.210149674 477.01
1396564292.228511167 477.01
1396564292.246647965 477.01
1396564292.263405637 477.01
1396564292.282019923 477.01
1396564292.299387274 477.01
1396564292.324983477 477.01
1396564292.343925026 477.01
1396564292.359939668 477.01
1396564292.378042924 477.01
1396564292.395982088 477.01
1396564292.413896728 101.424
1396564292.430173144 101.532
1396564292.455839382 101.7
1396564292.475689417 101.874
1396564292.492574015 101.994
1396564292.509774137 102.117
1396564292.529274453 102.243
1396564292.549876232 102.438
1396564292.580233991 102.708
1396564292.598064154 102.848
1396564292.616096442 102.99
1396564292.632453761 103.136
1396564292.651016898 103.361
1396564292.670316930 103.514
1396564292.687834635 103.67
1396564292.710533405 103.911
1396564292.727895517 104.075
1396564292.744260330 104.242
1396564292.760206762 104.412
1396564292.778310204 104.585
1396564292.795815186 104.85
1396564292.814083534 105.03
1396564292.839600763 105.307
1396564292.856570365 105.495
1396564292.873817397 105.686
1396564292.891186174 105.978
1396564292.908218030 106.177
1396564292.926151966 106.378
1396564292.943972681 106.583
1396564292.967829837 106.895
1396564292.984960539 107.107
1396564293.002961345 107.322
1396564293.019521467 107.65
1396564293.037279927 107.873
1396564293.054698943 108.098
1396564293.080277879 108.327
1396564293.097112229 108.675
1396564293.116012076 109.03
1396564293.133181263 109.271
1396564293.150687963 109.514
1396564293.167863787 109.76
1396564293.184564073 110.009
1396564293.209968434 110.262
1396564293.227560922 110.775
1396564293.246141680 111.036
1396564293.262398796 111.3
1396564293.281855885 111.567
1396564293.299189709 111.973
1396564293.317552439 112.247
1396564293.341459413 112.664
1396564293.357900455 112.946
1396564293.377079277 113.231
1396564293.393813117 113.518
1396564293.411558862 113.955
1396564293.427803980 114.25
1396564293.445600794 114.547
1396564293.468205138 114.999
1396564293.485828714 115.304
1396564293.502580608 115.612
1396564293.518184796 115.923
1396564293.535828065 116.237
1396564293.553332169 116.553
1396564293.568246878 116.873
1396564293.595329758 117.521
1396564293.611805434 117.849
1396564293.629653371 118.18
1396564293.647695966 118.514
1396564293.665060459 118.851
1396564293.683052655 119.361
1396564293.700012801 119.705
1396564293.724555400 120.227
1396564293.741694758 120.578
1396564293.758294989 120.932
1396564293.774307547 121.289
1396564293.792720778 121.648
1396564293.809441270 122.011
1396564293.828054798 122.56
1396564293.852209626 123.115
1396564293.870257953 123.489
1396564293.887688729 123.866
1396564293.904126305 124.245
1396564293.921955346 124.628
1396564293.938067579 125.013
1396564293.956309947 125.596
1396564293.980444633 126.185
1396564293.997768010 126.581
1396564294.016005630 126.98
1396564294.033131644 127.382
1396564294.050553605 127.99
1396564294.078167248 128.399
1396564294.095876645 129.017
1396564294.119623005 129.642
1396564294.138076134 130.062
1396564294.155704147 130.697
1396564294.173048552 131.124
1396564294.190100683 131.553
1396564294.207985254 131.986
1396564294.232000558 132.421
1396564294.248266366 133.078
1396564294.266207144 133.742
1396564294.284071252 134.188
1396564294.301719178 134.636
1396564294.319960674 135.088
1396564294.336743315 135.542
1396564294.363623954 136.458
1396564294.381118095 136.92
1396564294.398000372 137.385
1396564294.415771256 137.852
1396564294.433055440 138.322
1396564294.451434034 139.033
1396564294.470326310 139.509
1396564294.494201516 140.23
1396564294.511694954 140.713
1396564294.529804985 141.199
1396564294.547406973 141.933
1396564294.564053983 142.426
1396564294.581871202 142.921
1396564294.600748494 143.419
1396564294.625735084 144.171
1396564294.643117336 144.929
1396564294.659941498 145.437
1396564294.682628429 145.948
1396564294.705882133 146.719
1396564294.723793335 147.497
1396564294.748198864 148.279
1396564294.765754261 148.805
1396564294.783622318 149.332
1396564294.801950568 149.863
1396564294.817707335 150.396
1396564294.835302524 151.2
1396564294.853055260 151.739
1396564294.878221054 152.552
1396564294.896695785 153.098
1396564294.914194800 153.921
1396564294.933046368 154.473
1396564294.950512620 155.027
1396564294.968182175 155.584
1396564294.987040232 156.143
1396564295.019303231 157.27
1396564295.035886532 158.121
1396564295.054049661 158.691
1396564295.070116573 159.264
1396564295.089344957 159.839
1396564295.112865945 160.707
1396564295.137748451 161.58
1396564295.156040264 162.459
1396564295.173172867 163.048
1396564295.191805882 163.639
1396564295.210312711 164.233
1396564295.227582483 165.128
1396564295.245046062 165.727
1396564295.270069642 166.631
1396564295.286513667 167.237
1396564295.304074672 167.845
1396564295.320967183 168.455
1396564295.338945599 169.068
1396564295.356049066 169.992
1396564295.374176184 170.61
1396564295.399941020 171.543
1396564295.418005450 172.167
1396564295.435942074 173.108
1396564295.453800848 173.738
1396564295.473546830 174.371
1396564295.491582167 175.324
1396564295.515538365 176.282
1396564295.534381782 176.924
1396564295.551625780 177.568
1396564295.567906967 178.214
1396564295.585816412 178.863
1396564295.603176935 179.84
1396564295.619686362 180.494
1396564295.644566877 181.48
1396564295.661936845 182.139
1396564295.681122940 182.801
1396564295.700079760 183.799
1396564295.715711512 184.466
1396564295.734363356 185.136
1396564295.751628396 185.808
1396564295.774003766 186.82
1396564295.790469159 187.497
1396564295.808478032 188.177
1396564295.826691350 189.201
1396564295.843561852 189.886
1396564295.861491963 190.573
1396564295.879666845 191.263
1396564295.902005671 192.301
1396564295.919668967 192.997
1396564295.935628395 193.694
1396564295.953688338 194.393
1396564295.972039846 195.446
1396564295.989611890 196.151
1396564296.005534938 196.857
1396564296.030188589 197.922
1396564296.048748784 198.634
1396564296.065428346 199.348
1396564296.083860266 200.423
1396564296.100912679 201.142
1396564296.119529293 201.864
1396564296.137100868 202.587
1396564296.161841556 203.676
1396564296.179922644 204.769
1396564296.196292630 205.501
1396564296.215644067 206.234
1396564296.231707299 206.97
1396564296.250044298 207.708
1396564296.267982937 208.818
1396564296.293718517 209.932
1396564296.313061000 210.678
1396564296.329768150 211.425
1396564296.347417461 212.55
1396564296.364046033 213.302
1396564296.383693254 214.056
1396564296.399558278 214.812
1396564296.424932920 215.95
1396564296.443036744 217.092
1396564296.460380546 217.855
1396564296.479359384 218.621
1396564296.495686750 219.388
1396564296.512984507 220.157
1396564296.538266127 221.702
1396564296.555783811 222.476
1396564296.572859556 223.253
1396564296.592810184 224.031
1396564296.608816742 224.811
1396564296.627704384 225.985
1396564296.645123948 226.77
1396564296.668062739 227.95
1396564296.685558742 228.739
1396564296.703997601 229.53
1396564296.719792629 230.322
1396564296.737192820 231.116
1396564296.754010065 231.912
1396564296.771922700 233.11
1396564296.796960636 234.311
1396564296.815481855 235.113
1396564296.833808886 235.918
1396564296.851718436 237.127
1396564296.868414096 237.936
1396564296.886736534 238.745
1396564296.903625482 239.557
1396564296.927251509 240.776
1396564296.943625701 241.591
1396564296.960929842 242.407
1396564296.977877905 243.225
1396564296.994977199 244.454
1396564297.012152015 245.274
1396564297.030154807 246.096
1396564297.055232307 247.331
1396564297.073192574 248.155
1396564297.089869987 248.981
1396564297.108436462 250.221
1396564297.124272318 251.049
1396564297.141618485 251.878
1396564297.158105259 252.708
1396564297.182182592 253.954
1396564297.199711864 254.786
1396564297.215676432 255.618
1396564297.233329887 256.451
1396564297.250856917 257.702
1396564297.268231706 258.537
1396564297.287551246 259.372
1396564297.310083641 260.626
1396564297.329306424 261.463
1396564297.345737062 262.3
1396564297.363035212 263.557
1396564297.381533510 264.394
1396564297.398221240 265.233
1396564297.417794917 266.071
1396564297.444812106 267.749
1396564297.464484418 268.588
1396564297.479186682 269.427
1396564297.495621399 270.267
1396564297.512125347 271.106
1396564297.531784082 272.365
1396564297.550530394 273.204
1396564297.575629579 274.463
1396564297.593700496 275.302
1396564297.611154069 276.56
1396564297.629027747 277.398
1396564297.646001196 278.236
1396564297.662183135 279.074
1396564297.679652011 279.911
1396564297.702181040 281.167
1396564297.721865572 282.003
1396564297.737881419 282.839
1396564297.756226445 284.091
1396564297.773498141 284.926
1396564297.789886999 285.76
1396564297.807370310 286.593
1396564297.832980738 287.841
1396564297.850783893 289.088
1396564297.872710757 289.918
1396564297.899077551 291.576
1396564297.917767161 292.403
1396564297.934049055 293.229
1396564297.959751516 294.467
1396564297.978987871 295.703
1396564297.997048492 296.525
1396564298.014060281 297.346
1396564298.031756395 298.166
1396564298.050847753 298.984
1396564298.075897704 300.618
1396564298.093441092 301.432
1396564298.111728037 302.245
1396564298.131736102 303.463
1396564298.154129521 304.272
1396564298.172724217 305.484
1396564298.190178477 306.29
1396564298.216496601 307.496
1396564298.235235125 308.698
1396564298.253143977 309.497
1396564298.270015191 310.294
1396564298.288751911 311.09
1396564298.307606749 312.28
1396564298.332141614 313.465
1396564298.349866479 314.253
1396564298.367759253 315.039
1396564298.385596492 315.823
1396564298.403919543 316.995
1396564298.421679166 317.774
1396564298.440640517 318.551
1396564298.465429665 319.712
1396564298.483990921 320.868
1396564298.501933235 321.637
1396564298.519934508 322.403
1396564298.537184554 323.167
1396564298.556925506 324.308
1396564298.575737895 325.067
1396564298.600738508 326.2
1396564298.619072446 327.329
1396564298.637527419 328.079
1396564298.656902936 328.826
1396564298.675734150 329.943
1396564298.694367512 330.685
1396564298.718093242 331.793
1396564298.737724325 332.529
1396564298.755615579 333.628
1396564298.775786984 334.358
1396564298.793216592 335.085
1396564298.811024174 336.172
1396564298.829905170 336.893
1396564298.855569152 337.971
1396564298.873425602 338.687
1396564298.891772510 339.755
1396564298.909855836 340.465
1396564298.929410730 341.172
1396564298.947649349 342.227
1396564298.973280712 343.278
1396564298.990674538 343.975
1396564299.008566577 344.669
1396564299.027293654 345.707
1396564299.045676418 346.395
1396564299.063623741 347.081
1396564299.083031933 347.765
1396564299.105550819 348.785
1396564299.124243950 349.8
1396564299.143549463 350.473
1396564299.161898581 351.144
1396564299.179645881 352.146
1396564299.197901515 352.81
1396564299.224547197 353.472
1396564299.242178806 354.46
1396564299.260963783 355.443
1396564299.280659215 356.094
1396564299.298900942 357.067
1396564299.316116862 357.712
1396564299.336718206 358.355
1396564299.361992780 359.314
1396564299.380648144 360.267
1396564299.399732861 360.9
1396564299.417166123 361.529
1396564299.435152795 362.469
1396564299.453397316 363.092
1396564299.471792429 363.712
1396564299.496930087 364.638
1396564299.515040157 365.558
1396564299.533144990 366.168
1396564299.551343827 366.775
1396564299.569469379 367.38
1396564299.588404652 368.283
1396564299.612299733 369.179
1396564299.630658916 369.774
1396564299.648909344 370.366
1396564299.667149406 371.248
1396564299.685171608 371.833
1396564299.703549649 372.416
1396564299.720796209 372.996
1396564299.745476055 373.861
1396564299.763488657 374.72
1396564299.782200887 375.289
1396564299.801195164 375.856
1396564299.819041686 376.702
1396564299.837338373 377.263
1396564299.864677889 377.822
1396564299.883640856 378.933
1396564299.902305900 379.486
1396564299.919738902 380.036
1396564299.938036315 380.584
1396564299.956026158 381.402
1396564299.975362646 381.946
1396564299.998159733 382.757
1396564300.015740878 383.296
1396564300.033691424 383.833
1396564300.051892394 384.636
1396564300.071414514 385.169
1396564300.089522237 385.701
1396564300.107472877 386.495
1396564300.134006877 387.287
1396564300.153781512 387.813
1396564300.173780313 388.6
1396564300.189766774 389.123
1396564300.209289914 389.645
1396564300.227086870 390.426
1396564300.252164788 391.204
1396564300.271770050 391.722
1396564300.289463200 392.239
1396564300.307766936 393.013
1396564300.325911887 393.529
1396564300.344979671 394.043
1396564300.362868256 394.814
1396564300.388060333 395.583
1396564300.407544089 396.096
1396564300.425791461 396.608
1396564300.444780827 397.376
1396564300.462523201 397.887
1396564300.482796012 398.653
1396564300.508157694 399.42
1396564300.525898045 399.93
1396564300.544739086 400.441
1396564300.562963384 401.207
1396564300.580988404 401.718
1396564300.599544018 402.23
1396564300.618784221 402.741
1396564300.641793271 403.509
1396564300.659890636 404.278
1396564300.678161831 404.791
1396564300.696639904 405.304
1396564300.714898375 406.076
1396564300.733387636 406.591
1396564300.750355263 407.106
1396564300.776656652 407.881
1396564300.795908270 408.658
1396564300.813891716 409.177
1396564300.832787558 409.697
1396564300.851635990 410.479
1396564300.869710359 411.002
1396564300.895351673 411.788
1396564300.911749158 412.313
1396564300.929959650 412.84
1396564300.948473681 413.633
1396564300.966211289 414.164
1396564300.985579746 414.696
1396564301.003699135 415.496
1396564301.029895655 416.301
1396564301.049007425 416.839
1396564301.067890551 417.649
1396564301.087460010 418.192
1396564301.103762451 418.737
1396564301.121889831 419.283
1396564301.148065905 420.382
1396564301.165958764 420.935
1396564301.187003795 421.768
1396564301.204566363 422.326
1396564301.222134254 422.886
1396564301.240924006 423.449
1396564301.258139482 424.297
1396564301.284153002 425.151
1396564301.302141446 425.724
1396564301.320842192 426.299
1396564301.339717021 427.166
1396564301.357689522 427.748
1396564301.377044073 428.332
1396564301.402908870 429.509
1396564301.421368645 430.102
1396564301.439710135 430.697
1396564301.457888690 431.294
1396564301.476655618 432.196
1396564301.493891072 432.8
1396564301.511740689 433.407
1396564301.537783252 434.322
1396564301.556511391 435.244
1396564301.575100499 435.861
1396564301.592851661 436.481
1396564301.611471095 437.416
1396564301.629405838 438.042
1396564301.647458925 438.671
1396564301.673041697 439.62
1396564301.691265846 440.575
1396564301.712099311 441.215
1396564301.727443073 441.857
1396564301.746349503 442.502
1396564301.763533569 443.474
1396564301.788903389 444.452
1396564301.807767798 445.108
1396564301.827158501 446.096
1396564301.847652866 446.757
1396564301.866181664 447.422
1396564301.884958254 448.423
1396564301.902007184 449.094
1396564301.927236804 450.104
1396564301.945864121 450.782
1396564301.965695028 451.802
1396564301.987536125 452.828
1396564302.007601085 453.515
1396564302.024810524 454.205
1396564302.049917042 455.244
1396564302.077398078 456.638
1396564302.095416587 457.339
1396564302.111756640 458.042
1396564302.130220035 458.748
1396564302.149027583 459.811
1396564302.173388035 460.88
1396564302.189764022 461.595
1396564302.207784426 462.313
1396564302.225697521 463.034
1396564302.243832816 464.119
1396564302.262006990 464.845
1396564302.280948722 465.574
1396564302.305600740 466.672
1396564302.325419610 467.775
1396564302.344516811 468.514
1396564302.363151159 469.626
1396564302.381126923 470.37
1396564302.399378037 471.116
1396564302.427527830 472.616
1396564302.445775762 473.37
1396564302.464612924 474.125
1396564302.483527838 475.263
1396564302.502017742 476.024
1396564302.521254483 476.787
1396564302.539777615 477.935
1396564302.565474141 479.089
1396564302.583501500 479.86
1396564302.600668303 480.634
1396564302.618883726 481.799
1396564302.638341756 482.578
1396564302.657022228 483.359
1396564302.683036188 484.927
1396564302.700147974 485.715
1396564302.717703133 486.504
1396564302.735586330 487.295
1396564302.753794065 488.088
1396564302.771173361 489.281
1396564302.788260708 490.079
1396564302.812138456 491.279
1396564302.830158587 492.081
1396564302.847767324 492.884
1396564302.866001086 493.69
1396564302.884023599 494.901
1396564302.901785371 495.71
1396564302.919672099 496.521
1396564302.945798129 497.74
1396564302.962948914 498.962
1396564302.980647322 499.778
1396564302.998952084 500.596
1396564303.015755824 501.415
1396564303.034644618 502.646
1396564303.052193322 503.469
1396564303.079019657 504.704
1396564303.096845490 505.529
1396564303.113735265 506.355
1396564303.131769040 507.596
1396564303.149821407 508.424
1396564303.167352468 509.254
1396564303.183778534 510.084
1396564303.207676034 511.331
1396564303.224258329 512.163
1396564303.242616099 512.997
1396564303.259931161 514.248
1396564303.277673251 515.082
1396564303.294497819 515.918
1396564303.311503935 516.754
1396564303.335751019 518.009
1396564303.353665173 518.846
1396564303.370970892 520.103
1396564303.388565150 520.942
1396564303.405491721 521.78
1396564303.424386897 522.619
1396564303.449579334 523.459
1396564303.467244925 525.138
1396564303.486293456 525.978
1396564303.502643766 526.818
1396564303.519766755 527.659
1396564303.538197036 528.499
1396564303.555763673 529.759
1396564303.580818016 531.02
1396564303.597269960 531.86
1396564303.613771258 532.7
1396564303.631586509 533.539
1396564303.649768485 534.379
1396564303.667252908 535.638
1396564303.685610789 536.477
1396564303.708103636 537.735
1396564303.726594472 538.573
1396564303.745711048 539.41
1396564303.763625103 540.666
1396564303.780889414 541.502
1396564303.798016404 542.337
1396564303.815831061 543.173
1396564303.837962454 544.424
1396564303.855902332 545.257
1396564303.872543130 546.09
1396564303.889710802 546.922
1396564303.907064745 548.168
1396564303.924512687 548.998
1396564303.941751319 549.827
1396564303.964921743 551.068
1396564303.981891335 551.895
1396564303.999718785 552.72
1396564304.016824025 553.544
1396564304.034828153 554.779
1396564304.051775571 555.6
1396564304.070273608 556.42
1396564304.095343288 557.648
1396564304.111712384 558.465
1396564304.128638363 559.281
1396564304.146145019 560.502
1396564304.163703934 561.314
1396564304.183393071 562.124
1396564304.199620717 562.933
1396564304.222487344 564.144
1396564304.240280691 564.949
1396564304.257875922 565.753
1396564304.275951379 566.955
1396564304.293562232 567.754
1396564304.312770784 568.552
1396564304.329763505 569.348
1396564304.353662151 570.538
1396564304.371060397 571.725
1396564304.388160293 572.513
1396564304.405498129 573.301
1396564304.425140457 574.086
1396564304.441658292 574.869
1396564304.459147181 576.041
1396564304.483969353 577.209
1396564304.501814340 577.985
1396564304.521453827 578.759
1396564304.544698801 579.917
1396564304.562023775 580.687
1396564304.579492117 581.838
1396564304.604011423 582.985
1396564304.622164878 583.747
1396564304.640184845 584.507
1396564304.658995749 585.644
1396564304.675698757 586.4
1396564304.694625643 587.153
1396564304.711491571 587.905
1396564304.735268778 589.029
1396564304.752907657 589.775
1396564304.768075614 590.52
1396564304.788785283 591.263
1396564304.811022807 592.742
1396564304.828105506 593.479
1396564304.845944074 594.214
1396564304.869835052 595.312
1396564304.890581579 596.406
1396564304.907702907 597.133
1396564304.925559770 597.857
1396564304.941812968 598.58
1396564304.959491904 599.3
1396564304.975614473 600.019
1396564304.999662514 601.092
1396564305.016825818 601.805
1396564305.035873633 602.871
1396564305.053514020 603.579
1396564305.070051955 604.285
1396564305.089196925 604.988
1396564305.114123675 606.389
1396564305.131888640 607.086
1396564305.149493861 607.781
1396564305.166112437 608.474
1396564305.184784690 609.165
1396564305.201746928 609.853
1396564305.219656440 610.881
1396564305.244568122 611.905
1396564305.261086580 612.584
1396564305.279366605 613.262
1396564305.295372173 613.937
1396564305.311646600 614.61
1396564305.329740044 615.28
1396564305.348111887 616.282
1396564305.371989029 617.279
1396564305.390116670 617.94
1396564305.408138971 618.6
1396564305.424818986 619.257
1396564305.444065371 620.239
1396564305.460730010 620.89
1396564305.477807778 621.54
1396564305.500136717 622.51
1396564305.517651876 623.154
1396564305.534187029 623.795
1396564305.552447268 624.434
1396564305.567627112 625.071
1396564305.585506088 625.706
1396564305.602931795 626.653
1396564305.629716466 627.596
1396564305.645609258 628.221
1396564305.663301034 628.844
1396564305.680781800 629.465
1396564305.697739513 630.083
1396564305.715084048 631.006
1396564305.731862127 631.618
1396564305.759511414 632.533
1396564305.777789146 633.139
1396564305.795106958 634.044
1396564305.811488612 634.645
1396564305.829648839 635.243
1396564305.848056117 635.839
1396564305.864806849 636.432
1396564305.889133949 637.318
1396564305.907115458 638.198
1396564305.923616967 638.782
1396564305.943990495 639.363
1396564305.959469588 639.942
1396564305.975616965 640.518
1396564306.254022938 641.092
1396564306.276255127 650.995
1396564306.293680391 651.522
1396564306.312029951 652.045
1396564306.329063388 652.566
1396564306.347697070 653.343
1396564306.364105029 653.857
1396564306.384019243 654.369
1396564306.407886076 655.132
1396564306.424001826 655.638
1396564306.443552392 656.391
1396564306.461506155 656.89
1396564306.479506452 657.387
1396564306.496103341 657.88
1396564306.521475409 658.371
1396564306.538861621 659.345
1396564306.558090290 659.829
1396564306.573856370 660.309
1396564306.591624628 660.787
1396564306.607602498 661.262
1396564306.624758790 661.735
1396564306.651100522 662.672
1396564306.668370750 663.136
1396564306.687676707 663.598
1396564306.703457005 664.057
1396564306.719482999 664.513
1396564306.736506775 664.967
1396564306.754999247 665.642
1396564306.780474125 666.312
1396564306.797096277 666.755
1396564306.815480527 667.195
1396564306.832927616 667.632
1396564306.851293600 668.283
1396564306.867673802 668.714
1396564306.885687332 669.142
1396564306.909851452 669.778
1396564306.927618063 670.199
1396564306.945601706 670.617
1396564306.963504598 671.239
1396564306.980103667 671.651
1396564306.998106938 672.059
1396564307.015451608 672.465
1396564307.037891236 673.068
1396564307.055750472 673.467
1396564307.072174302 673.863
1396564307.091171462 674.452
1396564307.107815061 674.841
1396564307.125790167 675.227
1396564307.143328208 675.61
1396564307.165936690 676.18
1396564307.184875461 676.556
1396564307.201999090 677.115
1396564307.219772619 677.485
1396564307.240384831 677.851
1396564307.257667721 678.215
1396564307.275102493 678.755
1396564307.300000334 679.288
1396564307.317717624 679.64
1396564307.335793683 679.99
1396564307.352668593 680.336
1396564307.369685745 680.68
1396564307.387469165 681.19
1396564307.403979064 681.526
1396564307.429798516 682.026
1396564307.448702638 682.355
1396564307.466350933 682.844
1396564307.484353364 683.166
1396564307.502164555 683.485
1396564307.519608788 683.801
1396564307.543914490 684.114
1396564307.560720059 684.579
1396564307.579765420 685.037
1396564307.596043938 685.339
1396564307.614038628 685.638
1396564307.630171068 685.934
1396564307.647994658 686.227
1396564307.673593963 686.517
1396564307.691601296 687.088
1396564307.708848270 687.37
1396564307.727483013 687.648
1396564307.744991500 687.923
1396564307.761494473 688.196
1396564307.781199889 688.599
1396564307.804119790 688.996
1396564308.029096713 692.376
1396564308.046096560 692.595
1396564308.069868507 692.918
1396564308.087789428 693.13
1396564308.105596146 693.339
1396564308.123241791 693.646
1396564308.141094234 693.848
1396564308.157228820 694.046
1396564308.173981600 694.241
1396564308.198411977 694.528
1396564308.215672815 694.716
1396564308.233097367 694.901
1396564308.251600566 695.172
1396564308.267592366 695.349
1396564308.285190915 695.523
1396564308.302415035 695.694
1396564308.326123198 695.945
1396564308.346051949 696.19
1396564308.363799385 696.349
1396564308.381855954 696.505
1396564308.397915325 696.658
1396564308.415822084 696.808
1396564308.440366253 696.954
1396564308.456912717 697.169
1396564308.474969069 697.377
1396564308.491415414 697.512
1396564308.509235177 697.644
1396564308.525847126 697.772
1396564308.544777185 697.898
1396564308.568899978 698.021
1396564308.587764272 698.257
1396564308.606227289 698.37
1396564308.621966514 698.481
1396564308.639681386 698.588
1396564308.656996040 698.693
1396564308.673656279 698.794
1396564308.699495112 698.988
1396564308.716801502 699.08
1396564308.735577517 699.169
1396564308.752746104 699.255
1396564308.769562159 699.338
1396564309.004463498 700.216
1396564309.023360118 700.25
1396564309.040908840 700.281
1396564309.058885347 700.322
1396564309.084851878 700.356
1396564309.101405315 700.374
1396564309.119120130 700.39
1396564309.137846611 700.403
1396564309.155959882 700.416
1396564309.173173290 700.421
1396564309.192185258 700.423
1396564309.215022410 700.42
1396564309.233093083 700.414
1396564309.251852812 700.399
1396564309.269460119 700.386
1396564309.286072823 700.369
1396564309.303590412 700.35
1396564309.320775997 700.327
1396564309.345961519 700.287
1396564309.363491296 700.241
1396564309.381727685 700.206
1396564309.397872409 700.168
1396564309.416709712 700.127
1396564309.435236473 700.059
1396564309.453086719 700.011
1396564309.477231377 699.932
1396564309.493792151 699.875
1396564309.511481707 699.816
1396564309.527712830 699.754
1396564309.544793800 699.688
1396564309.563035724 699.584
1396564309.580838580 699.511
1396564309.605656398 699.395
1396564309.621905213 699.314
1396564309.641678085 699.231
1396564309.660717291 699.099
1396564309.676852652 699.007
1396564309.695549782 698.913
1396564309.712154269 698.815
1396564309.734912827 698.663
1396564309.752245516 698.558
1396564309.768096174 698.45
1396564309.786838414 698.281
1396564309.804799893 698.165
1396564309.821683473 698.046
1396564309.837903362 697.924
1396564309.862275412 697.736
1396564309.880077510 697.606
1396564309.897597131 697.474
1396564309.915276001 697.269
1396564309.931924353 697.129
1396564309.949129372 696.985
1396564309.966480798 696.839
1396564309.992397466 696.614
1396564310.008833384 696.46
1396564310.025872302 696.303
1396564310.044602107 696.062
1396564310.062971063 695.898
1396564310.080599805 695.73
1396564310.105503674 695.56
1396564310.123727605 695.21
1396564310.143482924 695.03
1396564310.159494852 694.848
1396564310.176544396 694.662
1396564310.193333975 694.474
1396564310.210957745 694.185
1396564310.235448330 693.89
1396564310.253540890 693.689
1396564310.271524183 693.486
1396564310.288708777 693.279
1396564310.306164374 693.07
1396564310.323828614 692.75
1396564310.341359561 692.533
1396564310.366038220 692.202
1396564310.383579021 691.977
1396564310.403789538 691.75
1396564310.426438655 691.286
1396564310.443960417 691.049
1396564310.463479221 690.81
1396564310.487818302 690.568
1396564310.504548432 690.199
1396564310.521967166 689.823
1396564310.539881175 689.569
1396564310.557459411 689.312
1396564310.574210916 689.052
1396564310.593708705 688.788
1396564310.619209141 688.254
1396564310.635833892 687.982
1396564310.654296475 687.707
1396564310.669270979 687.429
1396564310.687113507 687.148
1396564310.704358694 686.865
1396564310.721147886 686.578
1396564310.747479644 685.996
1396564310.765834226 685.701
1396564310.782579606 685.403
1396564310.799578416 685.102
1396564310.816503192 684.798
1396564310.832955858 684.491
1396564310.851275956 684.025
1396564310.875980599 683.552
1396564310.893570613 683.234
1396564310.911474539 682.912
1396564310.928492151 682.588
1396564310.946865953 682.096
1396564310.965686664 681.765
1396564310.981969668 681.43
1396564311.005916903 680.923
1396564311.024346833 680.582
1396564311.040832107 680.237
1396564311.057592340 679.89
1396564311.074956070 679.364
1396564311.092824363 679.009
1396564311.111570944 678.652
1396564311.134098979 678.111
1396564311.152452371 677.746
1396564311.169199414 677.379
1396564311.187634173 676.823
1396564311.203581944 676.448
1396564311.221274061 676.071
1396564311.238412974 675.691
1396564311.262206354 675.116
1396564311.279453254 674.729
1396564311.296078537 674.339
1396564311.314924069 673.749
1396564311.334790974 673.353
1396564311.352817900 672.953
1396564311.371279114 672.551
1396564311.395660217 671.738
1396564311.412959102 671.327
1396564311.429575665 670.914
1396564311.446452046 670.497
1396564311.463771074 670.078
1396564311.481583419 669.657
1396564311.498617131 669.019
1396564311.523733233 668.375
1396564311.541716884 667.942
1396564311.558406793 667.507
1396564311.575695891 667.069
1396564311.593916209 666.628
1396564311.611824565 665.961
1396564311.629574837 665.514
1396564311.653777547 664.837
1396564311.669344715 664.383
1396564311.687647570 663.925
1396564311.703703819 663.466
1396564311.721423936 663.003
1396564311.739520025 662.304
1396564311.756102043 661.835
1396564311.781971015 661.126
1396564311.800521281 660.65
1396564311.817449585 660.171
1396564311.834891354 659.449
1396564311.851821759 658.963
1396564311.869323922 658.475
1396564311.885599963 657.985
1396564311.909744345 657.244
1396564311.927796749 656.747
1396564311.945708682 656.248
1396564311.962957202 655.493
1396564311.980541664 654.987
1396564311.997693607 654.478
1396564312.015627764 653.967
1396564312.038097944 653.195
1396564312.056683126 652.677
1396564312.072971097 652.156
1396564312.091652956 651.371
1396564312.108831682 650.844
1396564312.125696466 650.314
1396564312.143539178 649.782
1396564312.167417331 648.98
1396564312.183824037 648.441
1396564312.199962830 647.9
1396564312.398735364 647.084
1396564312.420093340 640.065
1396564312.440594267 639.486
1396564312.458409850 638.614
1396564312.475325046 638.03
1396564312.493944945 637.443
1396564312.511920094 636.854
1396564312.535980545 636.262
1396564312.552691567 635.37
1396564312.570318708 634.473
1396564312.587971768 633.872
1396564312.605575274 633.268
1396564312.624596126 632.662
1396564312.642899972 631.749
1396564312.667838778 630.83
1396564312.685057225 630.214
1396564312.702652542 629.596
1396564312.721565310 628.976
1396564312.738864040 628.042
1396564312.755519673 627.416
1396564312.773818637 626.787
1396564312.798970538 625.84
1396564312.815765351 625.206
1396564312.832071058 624.57
1396564312.850070449 623.931
1396564312.867843383 622.969
1396564312.885441242 622.325
1396564312.901685167 621.678
1396564312.925979229 620.704
1396564312.945727069 620.051
1396564312.963024922 619.069
1396564312.980442122 618.411
1396564312.997476515 617.751
1396564313.015414790 617.088
1396564313.031405340 616.424
1396564313.053955629 615.423
1396564313.071567208 614.753
1396564313.087939000 614.08
1396564313.105566836 613.406
1396564313.123773667 612.39
1396564313.143445897 611.71
1396564313.159618204 611.027
1396564313.182137537 610
1396564313.200593834 609.312
1396564313.218556849 608.276
1396564313.235337962 607.583
1396564313.252190092 606.888
1396564313.270539930 606.19
1396564313.287515236 605.491
1396564313.313526535 604.437
1396564313.331313991 603.379
1396564313.347957830 602.67
1396564313.365357565 601.96
1396564313.381945386 601.248
1396564313.400032291 600.533
1396564313.416938026 599.817
1396564313.441610791 598.738
1396564313.459273143 597.655
1396564313.475812240 596.93
1396564313.493529743 596.203
1396564313.512687371 595.474
1396564313.530563691 594.377
1396564313.547813966 593.643
1396564313.572215339 592.539
1396564313.589814725 591.8
1396564313.607684585 591.059
1396564313.625569561 590.316
1396564313.643505850 589.198
1396564313.660312346 588.451
1396564313.677486054 587.701
1396564313.701313216 586.573
1396564313.717822227 585.818
1396564313.735632081 585.062
1396564313.752686389 584.304
1396564313.769499813 583.543
1396564313.786816161 582.4
1396564313.803825892 581.635
1396564313.829890082 580.484
1396564313.847941344 579.714
1396564313.866691998 578.557
1396564313.884874208 577.782
1396564313.901441438 577.007
1396564313.918003579 576.229
1396564313.935110932 575.449
1396564313.959810844 574.276
1396564313.975927902 573.493
1396564313.993222437 572.707
1396564314.011255704 571.525
1396564314.027682649 570.735
1396564314.045686444 569.943
1396564314.063249991 569.149
1396564314.085684154 567.955
1396564314.103379980 567.157
1396564314.120834613 566.357
1396564314.138961585 565.155
1396564314.155808284 564.351
1396564314.173460739 563.546
1396564314.190305449 562.738
1396564314.216706337 561.525
1396564314.238706531 560.308
1396564314.259688387 559.088
1396564314.277579157 558.273
1396564314.296639767 557.457
1396564314.314934284 556.23
1396564314.340960799 555
1396564314.356932403 554.179
1396564314.373936063 553.356
1396564314.392724456 552.532
1396564314.410879825 551.295
1396564314.428842340 550.469
1396564314.446080562 549.641
1396564314.472071602 548.399
1396564314.491824609 547.154
1396564314.508059081 546.324
1396564314.525432073 545.492
1396564314.542118490 544.66
1396564314.559623922 543.827
1396564314.575449770 542.993
1396564314.600522176 541.742
1396564314.619199171 540.489
1396564314.637096306 539.653
1396564314.652838321 538.816
1396564314.669553551 537.979
1396564314.685921734 537.142
1396564314.703461767 536.304
1396564314.726080859 535.047
1396564314.743624585 534.209
1396564314.761705918 533.37
1396564314.778883947 532.112
1396564314.795580533 531.272
1396564314.813435216 530.433
1396564314.829921148 529.594
1396564314.855372263 528.335
1396564314.871453519 527.496
1396564314.888822653 526.656
1396564314.905305104 525.817
1396564314.923203294 524.559
1396564314.941209691 523.72
1396564314.958648901 522.882
1396564314.982452329 521.625
1396564315.000320266 520.787
1396564315.016599361 519.95
1396564315.033575911 519.113
1396564315.051508464 517.858
1396564315.069813783 517.022
1396564315.096078406 516.187
1396564315.112747019 514.935
1396564315.129762949 513.685
1396564315.147693447 512.853
1396564315.165377389 512.021
1396564315.183302944 511.189
1396564315.211834137 509.529
1396564315.239366886 508.287
1396564315.256461197 507.46
1396564315.274082678 506.22
1396564315.293253331 505.396
1396564315.312578165 504.572
1396564315.330683232 503.339
1396564315.355928675 502.108
1396564315.373445769 501.289
1396564315.393096656 500.471
1396564315.410958805 499.247
1396564315.429057876 498.433
1396564315.448272411 497.619
1396564315.467232583 496.402
1396564315.493658888 495.189
1396564315.511498519 494.382
1396564315.530672985 493.576
1396564315.547446227 492.371
1396564315.565766125 491.569
1396564315.584990984 490.77
1396564315.611204095 489.176
1396564315.629436224 488.381
1396564315.648877512 487.589
1396564315.666014160 486.404
1396564315.683507527 485.616
1396564315.701678842 484.83
1396564315.719550617 484.047
1396564315.741960369 482.875
1396564315.759468542 482.096
1396564315.776692733 481.32
1396564315.795549685 480.159
1396564315.816450914 479.388
1396564315.835325529 478.236
1396564315.853877653 477.47
1396564315.881512665 476.326
1396564315.899579332 475.186
1396564315.917449607 474.429
1396564315.933738096 473.674
1396564315.951564255 472.922
1396564315.969807707 472.171
1396564315.995725444 470.677
1396564316.013681969 469.933
1396564316.030077220 469.192
1396564316.049052380 468.453
1396564316.067508687 467.349
1396564316.087352605 466.616
1396564316.104321135 465.885
1396564316.130233584 464.794
1396564316.147921250 463.708
1396564316.165677909 462.986
1396564316.183633341 462.268
1396564316.201135954 461.551
1396564316.220487868 460.481
1396564316.239232580 459.771
1396564316.265696526 458.71
1396564316.283625722 457.655
1396564316.301754330 456.955
1396564316.326258514 456.257
1396564316.346929387 454.868
1396564316.580049342 445.1
1396564316.600837101 444.446
1396564316.619006444 443.47
1396564316.644067975 442.5
1396564316.663544369 441.856
1396564316.680859385 441.215
1396564316.699918493 440.258
1396564316.717393563 439.624
1396564316.736468112 438.992
1396564316.762794978 437.736
1396564316.780086441 437.112
1396564316.800509573 436.491
1396564316.818984867 435.563
1396564316.836918220 434.948
1396564316.855295750 434.336
1396564316.873637878 433.726
1396564316.900642605 432.515
1396564316.918467405 431.913
1396564316.936259916 431.313
1396564316.954602945 430.419
1396564316.972050745 429.826
1396564316.992821136 429.236
1396564317.018753380 428.064
1396564317.036981029 427.482
1396564317.055046019 426.902
1396564317.073317503 426.325
1396564317.091692829 425.465
1396564317.110220410 424.894
1396564317.127696244 424.326
1396564317.150944600 423.479
1396564317.168873678 422.917
1396564317.187246370 422.078
1396564317.205069555 421.522
1396564317.224417732 420.968
1396564317.243664667 420.14
1396564317.261248984 419.591
1396564317.288540340 418.772
1396564317.307408679 417.956
1396564317.325863252 417.415
1396564317.344432995 416.876
1396564317.362991927 416.07
1396564317.380140343 415.534
1396564317.406540880 414.734
1396564317.424797378 414.203
1396564317.443426228 413.408
1396564317.461686272 412.881
1396564317.479118155 412.354
1396564317.497873043 411.829
1396564317.516418665 411.043
1396564317.541444093 410.26
1396564317.560751095 409.739
1396564317.578169637 408.96
1396564317.597635717 408.442
1396564317.617491742 407.924
1396564317.636641851 407.15
1396564317.661888425 406.377
1396564317.680576809 405.862
1396564317.699940106 405.092
1396564317.719830442 404.578
1396564317.737357110 404.066
1396564317.755864687 403.298
1396564317.773915416 402.786
1396564317.800448518 402.019
1396564317.819161729 401.252
1396564317.836710956 400.742
1396564317.854874360 400.231
1396564317.872686817 399.72
1396564317.890788685 398.954
1396564317.915911726 398.187
1396564317.933684094 397.676
1396564317.952298515 397.165
1396564317.971370798 396.397
1396564317.989387754 395.884
1396564318.008560086 395.372
1396564318.027070185 394.601
1396564318.051932482 393.83
1396564318.069923816 393.315
1396564318.088727834 392.799
1396564318.106917302 392.024
1396564318.126040337 391.506
1396564318.144785117 390.988
1396564318.174071256 389.947
1396564318.197329217 389.164
1396564318.216908707 388.641
1396564318.235132734 387.854
1396564318.253158728 387.327
1396564318.272495378 386.8
1396564318.298314596 385.74
1396564318.317284149 385.208
1396564318.334470940 384.674
1396564318.352830951 384.139
1396564318.371285910 383.333
1396564318.389406103 382.794
1396564318.408695855 382.253
1396564318.433812867 381.438
1396564318.451906514 380.619
1396564318.470009862 380.07
1396564318.485735620 379.519
1396564318.505432578 378.966
1396564318.523668419 378.133
1396564318.552258056 377.575
1396564318.570741171 376.451
1396564318.589291023 375.886
1396564318.608556268 375.318
1396564318.627781522 374.462
1396564318.647282566 373.888
1396564318.665654216 373.311
1396564318.689507203 372.441
1396564318.707655278 371.565
1396564318.725785250 370.978
1396564318.745490751 370.388
1396564318.763621742 369.497
1396564318.781426144 368.901
1396564318.808312498 368.301
1396564318.826731847 367.095
1396564318.846164286 366.488
1396564318.861915725 365.878
1396564318.880318242 365.265
1396564318.898660023 364.342
1396564318.916858561 363.723
1396564318.941932766 362.789
1396564318.960681502 362.164
1396564318.978729347 361.22
1396564318.997677099 360.588
1396564319.016907687 359.953
1396564319.034862571 358.996
1396564319.052809457 358.355
1396564319.077726680 357.388
1396564319.095369611 356.74
1396564319.112781077 356.09
1396564319.130850986 355.109
1396564319.364848652 345.333
1396564319.384749726 344.64
1396564319.403024901 343.595
1396564319.421540272 342.895
1396564319.448435426 342.192
1396564319.465295056 341.134
1396564319.483933857 340.07
1396564319.502102942 339.358
1396564319.520431813 338.643
1396564319.539621296 337.567
1396564319.557783654 336.846
1396564319.583047518 335.76
1396564319.601779887 335.033
1396564319.620988304 333.939
1396564319.640299599 333.206
1396564319.659001367 332.102
1396564319.676796720 331.363
1396564319.695281709 330.622
1396564319.720562506 329.506
1396564319.739901292 328.385
1396564319.757778010 327.634
1396564319.775283526 326.882
1396564319.792733806 326.127
1396564319.810901271 324.991
1396564319.837087977 323.85
1396564319.854903008 323.086
1396564319.871568837 322.321
1396564319.889777929 321.553
1396564319.908040744 320.397
1396564319.927152063 319.624
1396564319.944766064 318.849
1396564319.969673856 317.683
1396564319.988794454 316.511
1396564320.005903526 315.728
1396564320.023358796 314.942
1396564320.040524640 314.154
1396564320.058398109 312.969
1396564320.075495661 312.177
1396564320.099924411 310.985
1396564320.119554156 310.188
1396564320.137999194 309.389
1396564320.155290257 308.187
1396564320.172775905 307.384
1396564320.189021926 306.579
1396564320.206743011 305.773
1396564320.232296094 304.56
1396564320.250736300 303.344
1396564320.267995010 302.532
1396564320.284894412 301.718
1396564320.301872630 300.902
1396564320.320715712 300.086
1396564320.346733842 298.448
1396564320.363740005 297.628
1396564320.382192642 296.806
1396564320.398277670 295.983
1396564320.416548621 295.159
1396564320.433557691 294.334
1396564320.451486777 293.094
1396564320.476542530 291.852
1396564320.493502531 291.023
1396564320.511377531 290.193
1396564320.529402794 289.362
1396564320.547471584 288.114
1396564320.565491348 287.282
1396564320.581897783 286.448
1396564320.606846423 285.196
1396564320.623316425 284.361
1396564320.640542111 283.525
1396564320.657144723 282.689
1396564320.675274752 281.433
1396564320.693515701 280.596
1396564320.709708508 279.757
1396564320.732520198 278.5
1396564320.751021378 277.661
1396564320.767546447 276.821
1396564320.787122016 275.562
1396564320.804643810 274.722
1396564320.821746413 273.882
1396564320.840645696 273.042
1396564320.865520440 271.781
1396564320.882861109 270.521
1396564320.900649492 269.681
1396564320.917083929 268.841
1396564320.937060468 268.001
1396564320.955315952 266.741
1396564320.972582900 265.901
1396564320.996734535 264.642
1396564321.015962270 263.803
1396564321.032661740 262.964
1396564321.050773510 261.707
1396564321.067778518 260.869
1396564321.085400660 260.032
1396564321.103454769 259.195
1396564321.127339755 257.941
1396564321.146885086 256.689
1396564321.163605422 255.854
1396564321.181399289 255.021
1396564321.201229143 254.188
1396564321.216537079 253.356
1396564321.243710502 251.694
1396564321.261268004 250.864
1396564321.277895252 250.036
1396564321.295269033 249.208
1396564321.313534388 248.381
1396564321.331889835 247.143
1396564321.349549864 246.319
1396564321.375094209 245.085
1396564321.392768290 244.263
1396564321.411879768 243.034
1396564321.429472815 242.216
1396564321.447373486 241.399
1396564321.464599616 240.584
1396564321.480951242 239.77
1396564321.505436229 238.551
1396564321.522514097 237.336
1396564321.540335656 236.528
1396564321.557206598 235.722
1396564321.573516983 234.917
1396564321.591166774 234.114
1396564321.607915751 233.312
1396564321.633376458 232.113
1396564321.655535602 230.918
1396564321.672757842 230.123
1396564321.690696618 228.934
1396564321.708455458 228.144
1396564321.725259436 227.356
1396564321.743284219 226.569
1396564321.766981167 225.392
1396564321.783519676 224.61
1396564321.801350278 223.829
1396564321.819759256 222.662
1396564321.837386936 221.886
1396564321.855408092 221.112
1396564321.881433088 220.34
1396564321.899266260 218.801
1396564321.918272830 218.035
1396564321.933387729 217.27
1396564321.951850714 216.507
1396564321.968833289 215.746
1396564321.985268284 214.987
1396564322.011833855 213.475
1396564322.029266891 212.722
1396564322.047519747 211.97
1396564322.064838141 211.221
1396564322.081488953 210.474
1396564322.099260197 209.356
1396564322.116712016 208.614
1396564322.141886023 207.504
1396564322.159711799 206.766
1396564322.176540605 206.031
1396564322.194625078 204.932
1396564322.211412176 204.201
1396564322.229515183 203.473
1396564322.248518178 202.747
1396564322.273546718 201.661
1396564322.291262772 200.58
1396564322.308756210 199.862
1396564322.327788895 199.146
1396564322.344657273 198.432
1396564322.363300069 197.366
1396564322.380597701 196.657
1396564322.404880119 195.598
1396564322.423268752 194.895
1396564322.440588907 194.194
1396564322.457761382 193.495
1396564322.475529119 192.451
1396564322.493679865 191.757
1396564322.511333298 191.066
1396564322.533731450 190.033
1396564322.552526952 189.347
1396564322.569784979 188.663
1396564322.588656368 187.642
1396564322.606300618 186.964
1396564322.623577442 186.288
1396564322.647635919 185.615
1396564322.664760270 184.609
1396564322.682647248 183.607
1396564322.699568122 182.943
1396564322.718763962 182.28
1396564322.737128077 181.62
1396564322.753006256 180.962
1396564322.779329869 179.653
1396564322.797384796 179.001
1396564322.815933200 178.352
1396564322.832695250 177.706
1396564322.850699514 176.74
1396564322.867864218 176.099
1396564322.885161900 175.46
1396564322.907778473 174.506
1396564322.925575233 173.873
1396564322.944631010 173.242
1396564322.960923297 172.614
1396564322.979276386 171.675
1396564322.997709023 171.053
1396564323.015278715 170.433
1396564323.039900057 169.507
1396564323.057526962 168.892
1396564323.076581115 167.975
1396564323.099271585 167.063
1396564323.116977120 166.458
1396564323.135374843 165.856
1396564323.159791983 165.255
1396564323.178920757 164.36
1396564323.201512496 163.174
1396564323.219749328 162.584
1396564323.237375757 161.997
1396564323.255381216 161.413
1396564323.272678201 160.831
1396564323.297365236 159.962
1396564323.315387944 159.099
1396564323.333216348 158.527
1396564323.353003632 157.957
1396564323.371305509 157.107
1396564323.389109220 156.544
1396564323.406784892 155.983
1396564323.430284700 155.146
1396564323.448504354 154.591
1396564323.466789785 153.763
1396564323.483692534 153.215
1396564323.501548081 152.669
1396564323.519525280 152.125
1396564323.543714225 151.584
1396564323.560644521 150.777
1396564323.579158480 149.976
1396564323.597395819 149.445
1396564323.613880452 148.917
1396564323.632414620 148.391
1396564323.650879413 147.607
1396564323.675907189 146.829
1396564323.693250685 146.314
1396564323.711275049 145.801
1396564323.727450177 145.291
1396564323.745779598 144.53
1396564323.763654246 144.027
1396564323.780399220 143.526
1396564323.803908166 142.779
1396564323.822223908 142.284
1396564323.840499108 141.792
1396564323.857375612 141.303
1396564323.874711067 140.574
1396564323.891824120 140.091
1396564323.909444418 139.611
1396564323.934893358 138.896
1396564323.952633913 138.423
1396564323.968819969 137.952
1396564323.988662092 137.251
1396564324.005208880 136.787
1396564324.023317816 136.326
1396564324.040569489 135.867
1396564324.065498066 135.184
1396564324.083250346 134.507
1396564324.099580920 134.06
1396564324.118149402 133.614
1396564324.135416494 133.172
1396564324.153320351 132.732
1396564324.171015338 132.078
1396564324.195409316 131.43
1396564324.213874178 131.001
1396564324.231316945 130.575
1396564324.250566277 130.152
1396564324.268627183 129.522
1396564324.287078143 129.106
1396564324.303416807 128.692
1396564324.327267478 128.077
1396564324.345305097 127.67
1396564324.362959233 127.066
1396564324.380583665 126.666
1396564324.398401887 126.269
1396564324.416255108 125.875
1396564324.441419552 125.484
1396564324.459771991 124.709
1396564324.478500682 124.326
1396564324.493813633 123.946
1396564324.511357179 123.569
1396564324.528282585 123.195
1396564324.546780338 122.638
1396564324.571560244 122.088
1396564324.590939527 121.725
1396564324.608621493 121.365
1396564324.625264438 121.008
1396564324.642963052 120.477
1396564324.660947506 120.126
1396564324.677332197 119.779
1396564324.700497068 119.263
1396564324.717248506 118.923
1396564324.733371761 118.585
1396564324.752775046 118.251
1396564324.768831462 117.919
1396564324.787380860 117.427
1396564324.804820857 117.103
1396564324.829695856 116.621
1396564324.848718028 116.304
1396564324.866397034 115.834
1396564324.883675507 115.524
1396564324.901087000 115.217
1396564324.919263953 114.912
1396564324.937288693 114.611
1396564324.961264907 114.165
1396564324.978748205 113.725
1396564324.996820138 113.435
1396564325.014175113 113.148
1396564325.031202312 112.865
1396564325.050355440 112.445
1396564325.067741598 112.168
1396564325.092593723 111.759
1396564325.113676478 111.49
1396564325.135338235 111.092
1396564325.155066873 110.7
1396564325.171757145 110.443
1396564325.188896551 110.189
1396564325.211884977 109.813
1396564325.228807053 109.566
1396564325.247214620 109.322
1396564325.264192848 109.081
1396564325.281372441 108.843
1396564325.299012939 108.492
1396564325.316613379 108.261
1396564325.341776568 107.921
1396564325.360018642 107.698
1396564325.377014161 107.477
1396564325.396618524 107.153
1396564325.413811194 106.94
1396564325.429609511 106.73
1396564325.448638312 106.524
1396564325.473310779 106.219
1396564325.491641271 105.922
1396564325.509255982 105.727
1396564325.525906060 105.535
1396564325.543158433 105.346
1396564325.559446100 105.161
1396564325.576495648 104.978
1396564325.600995215 104.71
1396564325.618943693 104.448
1396564325.635743937 104.277
1396564325.652449355 104.11
1396564325.669515476 103.945
1396564325.687080199 103.784
1396564325.703364738 103.625
1396564325.726831890 103.393
1396564325.744491007 103.242
1396564325.761712039 103.094
1396564325.779186773 102.878
1396564325.797429251 102.738
1396564325.815242505 102.6
1396564325.832489147 102.466
1396564325.857452417 102.27
1396564325.874720747 102.081
1396564325.891812174 101.959
1396564325.909235105 101.84
1396564325.927239274 101.724
1396564325.946627839 101.556
1396564325.963685111 101.447
1396564325.989086876 101.29
1396564326.007260883 101.189
1396564326.023327093 101.092
1396564326.042891379 100.951
1396564326.060871127 100.861
1396564326.077889928 100.773
1396564326.095330968 100.689
1396564326.120016216 100.569
1396564326.135490078 100.493
1396564326.153241437 100.419
1396564326.170768787 100.315
1396564326.187753186 100.249
1396564326.206259178 100.187
1396564326.231773822 100.127
1396564326.249489582 100.044
1396564326.267385172 99.967
1396564326.285258131 99.919
1396564326.301939824 99.875
1396564326.321071474 99.834
1396564326.346764061 99.761
1396564326.371758230 99.714
1396564326.389788893 99.686
1396564326.407387371 99.662
1396564326.425845896 99.641
1396564326.443404795 99.615
1396564326.461746730 99.601
1396564326.477500936 99.591
1396564326.501533647 99.58
1396564326.521028872 99.578
1396564326.539824984 99.579
1396564326.557384282 99.584
1396564326.575196092 99.592
1396564326.592566562 99.603
1396564326.618807461 99.634
1396564326.635375269 99.654
1396564326.653358530 99.677
1396564326.670322312 99.703
1396564326.687517494 99.732
1396564326.705673336 99.765
1396564326.723639663 99.819
1396564326.751637202 99.88
1396564326.775357501 99.949
1396564326.794588090 100.023
1396564326.811742201 100.077
1396564326.829514425 100.134
1396564326.848905238 100.194
1396564326.873391714 100.257
1396564326.890810737 100.392
1396564326.908860683 100.464
1396564326.925384761 100.54
1396564326.944551617 100.618
1396564326.961232188 100.699
1396564326.979364379 100.827
1396564327.003752963 100.962
1396564327.022313638 101.055
1396564327.039558117 101.152
1396564327.057858695 101.252
1396564327.074703340 101.407
1396564327.091681060 101.514
1396564327.109801779 101.624
1396564327.133751985 101.796
1396564327.152626933 101.913
1396564327.170630340 102.096
1396564327.188674381 102.222
1396564327.206366520 102.35
1396564327.224007484 102.482
1396564327.453398216 102.616
1396564327.489955334 105.091
1396564327.517132441 105.463
1396564327.533120768 105.654
1396564327.552393845 105.847
1396564327.575346269 106.143
1396564327.593709702 106.344
1396564327.612130519 106.651
1396564327.629214889 106.86
1396564327.653074105 107.178
1396564327.670662765 107.394
1396564327.903340647 110.861
1396564327.920749378 111.123
1396564327.938953115 111.522
1396564327.956633760 111.791
1396564327.973351131 112.064
1396564327.991937856 112.339
1396564328.008631321 112.617
1396564328.033375803 113.04
1396564328.051312674 113.47
1396564328.068992728 113.76
1396564328.085853084 114.052
1396564328.104624002 114.348
1396564328.122987157 114.797
1396564328.140671553 115.1
1396564328.164691677 115.561
1396564328.186168622 115.871
1396564328.210872093 116.5
1396564328.228227251 116.819
1396564328.245605413 117.141
1396564328.262236686 117.466
1396564328.286044270 117.959
1396564328.304983280 118.291
1396564328.323035569 118.794
1396564328.340724669 119.133
1396564328.357682394 119.475
1396564328.373740610 119.82
1396564328.392543450 120.168
1396564328.417243251 120.695
1396564328.435469922 121.229
1396564328.453194431 121.588
1396564328.471745071 121.95
1396564328.487326030 122.315
1396564328.506560919 122.867
1396564328.524372977 123.239
1396564328.551618000 123.802
1396564328.567351533 124.181
1396564328.584506131 124.563
1396564328.603058859 125.141
1396564328.619722062 125.53
1396564328.637033927 125.922
1396564328.653719689 126.316
1396564328.677615470 126.913
1396564328.695843595 127.315
1396564328.713992138 127.922
1396564328.731374237 128.33
1396564328.749872378 128.741
1396564328.767420660 129.155
1396564328.783618895 129.572
1396564328.805750904 130.202
1396564328.824000562 130.626
1396564328.842597184 131.266
1396564328.859296011 131.697
1396564328.877099917 132.13
1396564328.895289313 132.566
1396564328.919770697 133.004
1396564328.936494913 133.667
1396564328.956117873 134.337
1396564328.973080015 134.786
1396564328.989450647 135.238
1396564329.006865739 135.693
1396564329.024485397 136.151
1396564329.049177077 136.611
1396564329.067468807 137.54
1396564329.086225200 138.008
1396564329.101366357 138.479
1396564329.119242690 138.953
1396564329.136623431 139.429
1396564329.154538836 140.149
1396564329.179718051 140.874
1396564329.197114740 141.361
1396564329.213912568 141.851
1396564329.231537998 142.343
1396564329.247777508 142.838
1396564329.265035504 143.336
1396564329.281553707 143.836
1396564329.395142391 144.844
1396564329.414834972 148.192
1396564329.438845405 148.98
1396564329.456782512 149.508
1396564329.472986743 150.04
1396564329.491305736 150.841
1396564329.508216040 151.379
1396564329.526185775 151.919
1396564329.544212826 152.461
1396564329.569530193 153.28
1396564329.586817662 154.104
1396564329.603718136 154.657
1396564329.621087585 155.212
1396564329.637470297 155.77
1396564329.655590359 156.33
1396564329.672378581 156.893
1396564329.697774916 157.741
1396564329.714840366 158.595
1396564329.731590200 159.168
1396564329.749504124 159.743
1396564329.767158986 160.32
1396564329.783219222 160.9
1396564329.800055594 161.483
1396564329.825233067 162.361
1396564329.843467255 163.244
1396564329.860905851 163.836
1396564329.879234471 164.431
1396564329.896496366 165.028
1396564329.913716178 165.927
1396564329.931341527 166.53
1396564329.955784973 167.439
1396564329.974716752 168.048
1396564329.991843842 168.659
1396564330.009037555 169.272
1396564330.026725529 170.197
1396564330.043535032 170.816
1396564330.061234762 171.438
1396564330.084973230 172.375
1396564330.102718948 173.003
1396564330.120490061 173.633
1396564330.137407012 174.265
1396564330.154878211 175.217
1396564330.172460792 175.855
1396564330.191213860 176.496
1396564330.216539414 177.46
1396564330.234396579 178.43
1396564330.251342708 179.079
1396564330.268529826 179.731
1396564330.285083706 180.384
1396564330.305742253 181.04
1396564330.331363492 182.359
1396564330.349037893 183.022
1396564330.365681361 183.687
1396564330.381805823 184.354
1396564330.399783039 185.023
1396564330.417334809 185.695
1396564330.435523531 186.707
1396564330.460501241 187.723
1396564330.477083952 188.404
1396564330.494105232 189.086
1396564330.511445569 189.771
1396564330.529025423 190.458
1396564330.546711455 191.493
1396564330.563653815 192.185
1396564330.587604648 193.228
1396564330.605338355 193.926
1396564330.622743499 194.626
1396564330.641412123 195.328
1396564330.657407616 196.032
1396564330.674585973 197.093
1396564330.692428566 197.803
1396564330.715547346 198.871
1396564330.733083549 199.586
1396564330.751860429 200.303
1396564330.768480771 201.021
1396564330.785357061 201.742
1396564330.803628944 202.828
1396564330.820588607 203.554
1396564330.844833581 204.647
1396564330.863039810 205.378
1396564330.879613282 206.111
1396564330.896483383 206.847
1396564330.913031216 207.584
1396564330.930772916 208.693
1396564330.947205517 209.436
1396564330.971925336 210.553
1396564330.989080333 211.3
1396564331.007358566 212.049
1396564331.024651208 212.8
1396564331.042907137 213.93
1396564331.059231447 214.685
1396564331.076956503 215.443
1396564331.099704825 216.583
1396564331.116936930 217.345
1396564331.135453448 218.11
1396564331.152459098 218.876
1396564331.169779471 220.029
1396564331.187164502 220.799
1396564331.206589769 221.572
1396564331.230629025 222.734
1396564331.248460070 223.511
1396564331.265458654 224.29
1396564331.282588030 225.462
1396564331.299684936 226.246
1396564331.317581671 227.031
1396564331.335781954 227.818
1396564331.357651422 229.002
1396564331.375083380 229.793
1396564331.393048170 230.586
1396564331.411567916 231.779
1396564331.428576712 232.576
1396564331.446972123 233.375
1396564331.463858251 234.176
1396564331.487557589 235.381
1396564331.505579112 236.185
1396564331.523455841 237.396
1396564331.543645801 238.205
1396564331.559187971 239.015
1396564331.575449608 239.827
1396564331.593356337 240.64
1396564331.616729629 241.862
1396564331.634607427 243.088
1396564331.654911727 243.906
1396564331.671785681 244.726
1396564331.687854999 245.547
1396564331.706726109 246.781
1396564331.723738076 247.605
1396564331.748540423 248.842
1396564331.767348883 249.669
1396564331.784488786 250.496
1396564331.801726791 251.739
1396564332.059241029 252.569
1396564332.083792774 266.35
1396564332.103353846 267.189
1396564332.126971524 268.447
1396564332.144672350 269.287
1396564332.162367472 270.126
1396564332.178059013 271.385
1396564332.195647615 272.224
1396564332.215202598 273.063
1396564332.231229710 273.903
1396564332.254676488 275.161
1396564332.271072477 276
1396564332.287205101 276.838
1396564332.305856347 277.677
1396564332.324215332 278.934
1396564332.340726498 279.771
1396564332.357708449 280.608
1396564332.381952235 281.863
1396564332.400330707 282.699
1396564332.416970734 283.534
1396564332.435391889 284.786
1396564332.453199912 285.62
1396564332.469526670 286.453
1396564332.487076235 287.286
1396564332.509722771 288.533
1396564332.532574329 289.779
1396564332.560678441 291.023
1396564332.578822512 292.264
1396564332.596580109 293.091
1396564332.615218010 293.917
1396564332.637760008 295.153
1396564332.657516115 295.976
1396564332.675695078 297.208
1396564332.694235905 298.028
1396564332.712035541 298.847
1396564332.730475294 300.073
1396564332.747716586 300.888
1396564332.772935581 302.109
1396564332.794037854 302.921
1396564332.811595047 304.137
1396564332.828847214 304.945
1396564332.847355305 305.752
1396564332.864890364 306.557
1396564332.890605930 308.163
1396564332.910474541 308.963
1396564332.927269319 309.762
1396564332.944700541 310.559
1396564332.961773954 311.75
1396564332.979692365 312.543
1396564333.000366385 313.333
1396564333.023227352 314.515
1396564333.039864186 315.3
1396564333.058545573 316.474
1396564333.075606228 317.255
1396564333.094818083 318.033
1396564333.113516547 318.809
1396564333.130975547 319.969
1396564333.156469903 321.124
1396564333.175102727 321.892
1396564333.192970853 322.657
1396564333.212313861 323.801
1396564333.229782592 324.561
1396564333.248726015 325.318
1396564333.274395824 326.827
1396564333.291545611 327.578
1396564333.311293078 328.327
1396564333.329444910 329.074
1396564333.348329185 330.19
1396564333.364822116 330.931
1396564333.382270216 331.669
1396564333.405719094 332.773
1396564333.424475203 333.505
1396564333.442966220 334.6
1396564333.461139227 335.326
1396564333.479293933 336.051
1396564333.497450191 336.773
1396564333.515080341 337.851
1396564333.541069325 338.924
1396564333.560200257 339.636
1396564333.578541281 340.7
1396564333.597299890 341.406
1396564333.617578065 342.11
1396564333.635334301 343.161
1396564333.660154560 344.206
1396564333.678599215 344.9
1396564333.696465233 345.591
1396564333.723008299 346.624
1396564333.739906208 347.65
1396564333.759430986 348.332
1396564333.784703243 349.01
1396564334.004237553 350.361
1396564334.027891441 359.526
1396564334.053476564 360.478
1396564334.072336462 361.109
1396564334.091190504 362.051
1396564334.110233231 362.676
1396564334.128484126 363.298
1396564334.146608806 364.227
1396564334.171711279 365.149
1396564334.188784466 365.761
1396564334.210370129 366.37
1396564334.228686073 367.279
1396564334.246647360 367.882
1396564334.264260767 368.482
1396564334.282451774 369.377
1396564334.308414336 370.267
1396564334.327140012 370.856
1396564334.344708072 371.443
1396564334.363138442 372.319
1396564334.380686679 372.899
1396564334.400375846 373.477
1396564334.427093892 374.624
1396564334.445576713 375.194
1396564334.464049348 375.761
1396564334.482563097 376.608
1396564334.500963996 377.17
1396564334.520628925 377.729
1396564334.538560432 378.563
1396564334.563724155 379.393
1396564334.581430324 379.944
1396564334.600481321 380.492
1396564334.619148156 381.311
1396564334.637887340 381.855
1396564334.657355037 382.397
1396564334.683580489 383.475
1396564334.702185692 384.011
1396564334.721433224 384.546
1396564334.738534165 385.346
1396564334.755733755 385.877
1396564334.773557593 386.407
1396564334.792838471 386.935
1396564334.817459830 387.725
1396564334.835438275 388.512
1396564334.854767718 389.035
1396564334.872022763 389.557
1396564334.892777774 390.338
1396564334.909694975 390.858
1396564334.936361053 391.376
1396564334.954369144 392.411
1396564334.972507795 392.927
1396564334.990216929 393.442
1396564335.009507804 393.957
1396564335.027464070 394.728
1396564335.046631490 395.241
1396564335.070578368 396.01
1396564335.087395877 396.522
1396564335.106375122 397.29
1396564335.124554030 397.801
1396564335.144024736 398.312
1396564335.162577006 399.079
1396564335.179873079 399.589
1396564335.206827939 400.356
1396564335.226061144 400.866
1396564335.245057392 401.633
1396564335.263280433 402.144
1396564335.280495066 402.656
1396564335.298565905 403.423
1396564335.324275565 404.192
1396564335.341150368 404.705
1396564335.360461274 405.218
1396564335.379181965 405.989
1396564335.397496945 406.504
1396564335.416029077 407.02
1396564335.435123124 407.795
1396564335.459571873 408.571
1396564335.477508281 409.09
1396564335.495453975 409.61
1396564335.512685786 410.131
1396564335.530429078 410.914
1396564335.548944883 411.438
1396564335.567175949 411.962
1396564335.592327249 412.752
1396564335.610755170 413.545
1396564335.627996781 414.075
1396564335.647167067 414.606
1396564335.663631504 415.14
1396564335.681555371 415.674
1396564335.707705145 416.748
1396564335.725202468 417.288
1396564335.742924878 417.83
1396564335.760610473 418.373
1396564335.778394632 419.192
1396564335.795602842 419.74
1396564335.813449173 420.29
1396564335.835954976 421.119
1396564335.854831350 421.675
1396564335.873371567 422.232
1396564335.890897013 423.073
1396564335.909704647 423.637
1396564335.930674325 424.486
1396564335.947158414 425.056
1396564335.973679979 425.915
1396564335.992622109 426.491
1396564336.011705667 427.36
1396564336.029272658 427.942
1396564336.049163184 428.527
1396564336.066558603 429.41
1396564336.708768895 455.127
1396564336.734553342 456.171
1396564336.752569224 456.871
1396564336.770674639 457.924
1396564336.788291692 458.629
1396564336.808601674 459.337
1396564336.826649657 460.403
1396564336.844824303 461.117
1396564336.868737485 462.193
1396564336.888536341 462.913
1396564336.904695881 463.635
1396564336.923300062 464.723
1396564336.941323279 465.452
1396564336.960713433 466.183
1396564336.986570696 467.652
1396564337.004803904 468.39
1396564337.024447185 469.13
1396564337.042766199 470.245
1396564337.060243361 470.991
1396564337.077158390 471.74
1396564337.096112601 472.49
1396564337.120943159 473.621
1396564337.139119826 474.756
1396564337.158690745 475.515
1396564337.176367852 476.277
1396564337.195136156 477.423
1396564337.214314062 478.19
1396564337.240018301 478.96
1396564337.259327345 480.504
1396564337.278424356 481.28
1396564337.295438239 482.057
1396564337.315400873 483.228
1396564337.332666932 484.011
1396564337.351335514 484.795
1396564337.374678058 485.977
1396564337.392570060 486.767
1396564337.411728754 487.955
1396564337.430672356 488.75
1396564337.447191177 489.546
1396564337.464657460 490.344
1396564337.480693060 491.144
1396564337.505062673 492.348
1396564337.523291986 493.555
1396564337.540924914 494.361
1396564337.559168640 495.17
1396564337.575195059 495.979
1396564337.592365580 496.791
1396564337.610563075 498.01
1396564337.635531244 499.233
1396564337.655124494 500.05
1396564337.672288047 500.868
1396564337.690635596 502.098
1396564337.707447996 502.92
1396564337.725427578 503.742
1396564337.743157649 504.566
1396564337.765828787 505.803
1396564337.783166340 506.63
1396564337.799299466 507.457
1396564337.816367150 508.285
1396564337.833717031 509.53
1396564337.852044902 510.36
1396564337.869179203 511.192
1396564337.892631993 512.44
1396564337.911555632 513.274
1396564337.928250050 514.108
1396564337.945558220 514.942
1396564337.963422015 516.196
1396564337.981208425 517.032
1396564338.007571492 517.869
1396564338.024568833 519.125
1396564338.042816168 520.382
1396564338.061118910 521.22
1396564338.078118796 522.059
1396564338.097092687 522.898
1396564338.112343465 523.738
1396564338.138692203 525.418
1396564338.155921069 526.258
1396564338.172860957 527.098
1396564338.190988513 527.938
1396564338.208421194 528.778
1396564338.226678528 530.039
1396564338.243665374 530.879
1396564338.267778360 532.139
1396564338.286044171 532.979
1396564338.302059539 533.819
1396564338.319733500 534.658
1396564338.335728604 535.497
1396564338.354662780 536.756
1396564338.372416101 537.594
1396564338.397310472 538.851
1396564338.413788355 539.688
1396564338.431192618 540.525
1396564338.448437720 541.362
1396564338.466389563 542.198
1396564338.490194011 543.867
1396564338.507520321 544.701
1396564338.533058399 545.951
1396564338.551291818 546.783
1396564338.568706138 547.614
1396564338.587850623 548.859
1396564338.604233971 549.688
