1396564288.623088035 308
1396564288.647073416 290
1396564288.672889546 311
1396564288.697948019 271
1396564288.722914574 307
1396564288.747968804 314
1396564288.772930353 292
1396564288.797810552 317
1396564288.821853038 287
1396564288.847776182 320
1396564288.872812492 319
1396564288.897682334 282
1396564288.922654713 281
1396564288.946665792 300
1396564288.972632524 329
1396564288.996659454 327
1396564289.022541090 329
1396564289.047542125 298
1396564289.072527412 342
1396564289.098556451 344
1396564289.122501178 342
1396564289.148399036 343
1396564289.172399821 342
1396564289.198405088 343
1396564289.223394180 342
1396564289.247249186 349
1396564289.273276125 351
1396564289.297269143 340
1396564289.323255244 348
1396564289.347336291 335
1396564289.372164104 355
1396564289.398201586 357
1396564289.422186392 350
1396564289.448207999 363
1396564289.472211335 284
1396564289.498207972 364
1396564289.523029858 358
1396564289.548079609 338
1396564289.574082689 374
1396564289.597939933 320
1396564289.623961166 377
1396564289.647910285 282
1396564289.672917619 362
1396564289.697983809 381
1396564289.722775559 328
1396564289.748834416 382
1396564289.772817660 320
1396564289.797656818 363
1396564289.822694225 392
1396564289.847687470 324
1396564289.872707453 398
1396564289.897750286 334
1396564289.923554051 389
1396564289.947637672 398
1396564289.972577673 380
1396564289.997577574 412
1396564290.022590349 379
1396564290.047406144 391
1396564290.072460426 392
1396564290.097453146 380
1396564290.122404233 421
1396564290.147335333 376
1396564290.172330934 408
1396564290.197263954 393
1396564290.222332274 368
1396564290.248328184 420
1396564290.273195715 368
1396564290.298214095 414
1396564290.323149672 398
1396564290.348204649 392
1396564290.373209796 398
1396564290.397201438 347
1396564290.423133080 421
1396564290.448095814 399
1396564290.473093982 392
1396564290.497960272 400
1396564290.521910519 338
1396564290.547955419 407
1396564290.571939257 379
1396564290.597746434 386
1396564290.622795092 348
1396564290.647822930 317
1396564290.673775764 393
1396564290.697829952 381
1396564290.723690581 395
1396564290.747700838 376
1396564290.773696523 315
1396564290.798680893 300
1396564290.822584067 366
1396564290.848575281 407
1396564290.872523575 382
1396564290.898575104 372
1396564290.922467430 368
1396564290.947433021 393
1396564290.973427127 401
1396564290.997376303 392
1396564291.023326206 382
1396564291.047325277 376
1396564291.073326985 400
1396564291.098191775 381
1396564291.122100413 393
1396564291.148112510 419
1396564291.172158686 376
1396564291.198152412 405
1396564291.222137377 373
1396564291.247201222 394
1396564291.272149867 406
1396564291.297073841 378
1396564291.323073603 417
1396564291.346929214 376
1396564291.372948401 405
1396564291.397907484 393
1396564291.422946581 370
1396564291.448827972 440
1396564291.472835166 371
1396564291.498813690 407
1396564291.522805912 372
1396564291.547770307 385
1396564291.572672979 452
1396564291.597694150 371
1396564291.623677349 421
1396564291.647692336 370
1396564291.672648365 389
1396564291.697560845 433
1396564291.722530729 381
1396564291.747566538 439
1396564291.772628042 372
1396564291.798449702 393
1396564291.823392388 421
1396564291.848448253 382
1396564291.873443627 442
1396564291.898511763 380
1396564291.923304078 389
1396564291.948272383 402
1396564291.972314798 380
1396564291.998282504 426
1396564292.023190963 381
1396564292.048190493 393
1396564292.073195739 405
1396564292.097149154 381
1396564292.123159856 420
1396564292.147126896 378
1396564292.173187660 398
1396564292.198065036 402
1396564292.223008317 380
1396564292.248160690 396
1396564292.271877597 377
1396564292.297943336 424
1396564292.321943931 402
1396564292.347894721 385
1396564292.372938404 394
1396564292.396820179 377
1396564292.422818083 408
1396564292.446816580 403
1396564292.472814718 403
1396564292.496603472 393
1396564292.522705823 389
1396564292.548686308 392
1396564292.572687103 408
1396564292.598563892 410
1396564292.622567028 389
1396564292.648475107 386
1396564292.672564751 378
1396564292.697539811 408
1396564292.723457510 409
1396564292.747444959 400
1396564292.773393233 390
1396564292.797426284 375
1396564292.822300590 410
1396564292.848301430 393
1396564292.872295572 399
1396564292.898274667 402
1396564292.922239602 387
1396564292.948186211 417
1396564292.973194211 386
1396564292.998188874 386
1396564293.023164233 409
1396564293.048134384 318
1396564293.074060755 428
1396564293.097960824 312
1396564293.123062108 353
1396564293.147975948 412
1396564293.172868249 305
1396564293.198927308 417
1396564293.222935992 297
1396564293.247792272 390
1396564293.272778063 394
1396564293.297833323 343
1396564293.322731192 432
1396564293.347706679 331
1396564293.373698726 394
1396564293.397681824 325
1396564293.422672761 370
1396564293.447633341 431
1396564293.472557096 365
1396564293.497556783 413
1396564293.522496372 366
1396564293.547481104 376
1396564293.572379314 419
1396564293.597368231 360
1396564293.622416011 412
1396564293.647366109 371
1396564293.672315591 388
1396564293.698270270 411
1396564293.723263403 371
1396564293.748296827 412
1396564293.773169220 368
1396564293.798170035 388
1396564293.823097657 399
1396564293.847130222 380
1396564293.873160584 405
1396564293.897104703 379
1396564293.923104066 386
1396564293.947972962 392
1396564293.972018566 346
1396564293.997859213 384
1396564294.021940141 323
1396564294.047876781 379
1396564294.072928359 380
1396564294.097880526 333
1396564294.123778079 354
1396564294.147804282 327
1396564294.173812705 369
1396564294.197899829 369
1396564294.223697311 336
1396564294.248627984 360
1396564294.272613076 313
1396564294.298678562 366
1396564294.322580350 365
1396564294.348487843 348
1396564294.372570263 353
1396564294.397470450 341
1396564294.424868213 353
1396564294.447428742 349
1396564294.473434884 350
1396564294.497430232 346
1396564294.523442549 344
1396564294.547326090 343
1396564294.572282117 350
1396564294.598274639 345
1396564294.622301874 343
1396564294.648197492 343
1396564294.672125954 342
1396564294.697186706 344
1396564294.722162342 328
1396564294.747171836 292
1396564294.773221428 332
1396564294.797125892 297
1396564294.823068802 334
1396564294.848048322 298
1396564294.872900254 321
1396564294.897887763 321
1396564294.922945243 279
1396564294.948837637 319
1396564294.972943446 269
1396564294.997796579 313
1396564295.022786193 311
1396564295.047805188 299
1396564295.072731584 317
1396564295.097789954 262
1396564295.122633421 302
1396564295.147631713 295
1396564295.172618295 270
1396564295.197654654 309
1396564295.222571044 276
1396564295.247547293 294
1396564295.273555190 292
1396564295.298570151 285
1396564295.323525991 304
1396564295.348357184 284
1396564295.373406809 291
1396564295.398422256 286
1396564295.422382876 284
1396564295.448313225 290
1396564295.473281423 284
1396564295.498703633 286
1396564295.523299016 284
1396564295.547169993 284
1396564295.573189346 286
1396564295.597129293 284
1396564295.623104206 278
1396564295.649771553 233
1396564295.673193100 237
1396564295.698051361 272
1396564295.722011504 229
1396564295.748045128 269
1396564295.772047000 236
1396564295.797939911 260
1396564295.822943967 262
1396564295.846891639 240
1396564295.872937154 260
1396564295.896851991 215
1396564295.922870796 254
1396564295.946790980 254
1396564295.972794818 247
1396564295.997811929 250
1396564296.022740092 237
1396564296.049941227 252
1396564296.072670290 251
1396564296.098685945 242
1396564296.122648821 236
1396564296.147504695 241
1396564296.173480275 238
1396564296.197544087 239
1396564296.223544256 234
1396564296.247419441 230
1396564296.272443732 227
1396564296.297367230 227
1396564296.322403287 231
1396564296.348296724 229
1396564296.372321490 228
1396564296.398291983 227
1396564296.423245289 226
1396564296.448247870 231
1396564296.473179430 224
1396564296.498161902 223
1396564296.524164667 223
1396564296.548193216 223
1396564296.573114057 224
1396564296.598167350 224
1396564296.623164841 223
1396564296.648022851 224
1396564296.673039555 222
1396564296.696987814 223
1396564296.722913981 223
1396564296.747914759 211
1396564296.772849722 217
1396564296.797861995 199
1396564296.822831492 213
1396564296.847705310 195
1396564296.872711550 208
1396564296.897741936 206
1396564296.922604220 192
1396564296.947615457 207
1396564296.972571605 198
1396564296.996602589 196
1396564297.022461502 196
1396564297.047551969 203
1396564297.072654423 204
1396564297.097485378 157
1396564297.122534478 190
1396564297.148421524 189
1396564297.172359085 185
1396564297.198370829 197
1396564297.223412666 154
1396564297.248239363 187
1396564297.273265960 183
1396564297.297284710 184
1396564297.323279853 194
1396564297.347161153 182
1396564297.373079698 188
1396564297.398175026 182
1396564297.422168339 185
1396564297.448168212 190
1396564297.472183190 177
1396564297.498092848 185
1396564297.522043500 177
1396564297.548075758 181
1396564297.573882708 182
1396564297.597930130 179
1396564297.623894083 178
1396564297.647907162 174
1396564297.673881879 173
1396564297.697785913 173
1396564297.722750323 170
1396564297.748789305 174
1396564297.772732893 172
1396564297.798670707 167
1396564297.823250434 167
1396564297.847682696 165
1396564297.872604246 166
1396564297.897579671 165
1396564297.923532129 169
1396564297.947531489 168
1396564297.973633765 167
1396564297.997526786 166
1396564298.022498103 161
1396564298.047339380 162
1396564298.072404865 161
1396564298.098408912 161
1396564298.122408830 161
1396564298.147406436 161
1396564298.172202131 161
1396564298.197287465 162
1396564298.222279595 163
1396564298.247273195 160
1396564298.273157896 161
1396564298.298109227 161
1396564298.323126368 161
1396564298.348143253 161
1396564298.373152317 160
1396564298.398157303 161
1396564298.423012325 161
1396564298.447981365 160
1396564298.472923902 161
1396564298.497920908 160
1396564298.522903440 152
1396564298.547919583 133
1396564298.571848358 153
1396564298.597726727 147
1396564298.622775512 151
1396564298.647771265 154
1396564298.672784186 150
1396564298.697824308 148
1396564298.723599394 141
1396564298.747671289 147
1396564298.773676013 145
1396564298.798547488 125
1396564298.823529420 150
1396564298.848488535 113
1396564298.872512151 132
1396564298.898494454 144
1396564298.922528940 132
1396564298.948380442 144
1396564298.973386948 132
1396564298.997391800 136
1396564299.023404797 137
1396564299.047295103 132
1396564299.073306717 144
1396564299.097275621 129
1396564299.123222120 136
1396564299.148277084 136
1396564299.172147068 133
1396564299.198089280 142
1396564299.222157192 132
1396564299.248150757 137
1396564299.272353235 136
1396564299.297146995 132
1396564299.322051228 139
1396564299.346903785 129
1396564299.373085425 139
1396564299.396848779 136
1396564299.422907005 131
1396564299.447877851 133
1396564299.472857870 124
1396564299.498926594 135
1396564299.522707958 133
1396564299.548714181 133
1396564299.572771390 133
1396564299.597776134 130
1396564299.622679610 134
1396564299.647587203 133
1396564299.672647008 134
1396564299.697674897 134
1396564299.722626530 127
1396564299.753545733 126
1396564299.772625885 128
1396564299.797450748 130
1396564299.822525089 128
1396564299.848410454 123
1396564299.873395862 120
1396564299.898397674 124
1396564299.923356393 129
1396564299.948272275 128
1396564299.973252301 124
1396564299.998268164 123
1396564300.023266450 124
1396564300.048123884 123
1396564300.073082822 125
1396564300.098146323 124
1396564300.123139649 124
1396564300.147133529 125
1396564300.172996636 123
1396564300.197091281 124
1396564300.223043075 126
1396564300.248015338 122
1396564300.272891468 126
1396564300.297918310 122
1396564300.321834295 125
1396564300.347855954 125
1396564300.372744747 123
1396564300.397774345 123
1396564300.422770897 122
1396564300.446750771 130
1396564300.472700314 123
1396564300.496650883 113
1396564300.522605970 128
1396564300.546592790 108
1396564300.572647385 125
1396564300.598467512 110
1396564300.622522572 116
1396564300.648531631 123
1396564300.672515929 116
1396564300.698485588 120
1396564300.723359339 115
1396564300.747325539 117
1396564300.773395373 122
1396564300.797216752 115
1396564300.823268328 117
1396564300.847210997 110
1396564300.872217687 118
1396564300.898230315 119
1396564300.922108132 117
1396564300.948087029 123
1396564300.972144497 115
1396564300.998082186 119
1396564301.023073557 120
1396564301.048118901 118
1396564301.073993460 121
1396564301.097978883 117
1396564301.124027032 118
1396564301.147987858 119
1396564301.173018484 117
1396564301.197900584 119
1396564301.222868037 118
1396564301.248797597 119
1396564301.272868912 118
1396564301.297711139 111
1396564301.322727652 111
1396564301.347731447 111
1396564301.372639236 114
1396564301.397660355 113
1396564301.423554709 111
1396564301.447637936 112
1396564301.472593641 111
1396564301.497513184 113
1396564301.522496640 112
1396564301.547550039 112
1396564301.572456030 112
1396564301.597463859 107
1396564301.622386912 108
1396564301.647390334 109
1396564301.672385705 111
1396564301.697333752 108
1396564301.722242284 111
1396564301.748260490 111
1396564301.773286365 110
1396564301.798281835 110
1396564301.823063363 108
1396564301.848070764 109
1396564301.873133892 107
1396564301.897134012 110
1396564301.923128864 103
1396564301.948016014 102
1396564301.972932511 109
1396564301.997971159 108
1396564302.021902821 110
1396564302.047865219 107
1396564302.071878712 103
1396564302.097815319 105
1396564302.122879068 102
1396564302.147738330 107
1396564302.173768733 101
1396564302.197757823 106
1396564302.223811359 104
1396564302.247631319 106
1396564302.273610118 114
1396564302.298635107 103
1396564302.322629480 107
1396564302.348620568 103
1396564302.372473438 101
1396564302.398490740 112
1396564302.422502530 102
1396564302.447513712 103
1396564302.473384689 101
1396564302.497343507 102
1396564302.523363961 108
1396564302.547330057 102
1396564302.572399711 98
1396564302.596366984 96
1396564302.621191335 96
1396564302.648201276 102
1396564302.671252025 96
1396564302.698253719 100
1396564302.721131002 96
1396564302.746062445 96
1396564302.772371323 98
1396564302.797107349 102
1396564302.823128666 106
1396564302.847109046 102
1396564302.873013162 102
1396564302.897919667 103
1396564302.923033164 102
1396564302.947831153 106
1396564302.972893752 102
1396564302.998881048 103
1396564303.022875956 104
1396564303.047834777 103
1396564303.071733581 98
1396564303.096741359 97
1396564303.121678173 98
1396564303.146752292 98
1396564303.171700194 103
1396564303.197649660 102
1396564303.222622195 102
1396564303.246623712 99
1396564303.271625732 97
1396564303.296457883 97
1396564303.322504232 96
1396564303.346502908 97
1396564303.372485812 97
1396564303.397516595 97
1396564303.422401180 97
1396564303.447308175 96
1396564303.471373978 96
1396564303.497382134 97
1396564303.521181889 98
1396564303.547234747 98
1396564303.572197666 97
1396564303.596248239 96
1396564303.622131859 96
1396564303.646105755 95
1396564303.672239074 97
1396564303.696116761 97
1396564303.722101068 96
1396564303.747025764 97
1396564303.771071020 96
1396564303.797003526 96
1396564303.820999482 96
1396564303.846930896 97
1396564303.870878129 97
1396564303.896890484 104
1396564303.921793231 97
1396564303.946819407 101
1396564303.971707909 98
1396564303.996777401 101
1396564304.022765288 104
1396564304.048674188 101
1396564304.072584082 101
1396564304.097679811 97
1396564304.122586311 100
1396564304.147630908 98
1396564304.172553835 311
1396564304.196495346 90
1396564304.221940304 91
1396564304.247438299 308
1396564304.272461456 93
1396564304.297479254 318
1396564304.321372148 85
1396564304.347376125 313
1396564304.372324118 302
1396564304.396370192 90
1396564304.422228530 305
1396564304.447268974 86
1396564304.473193229 306
1396564304.498245689 317
1396564304.522176027 95
1396564304.547131716 97
1396564304.573063845 98
1396564304.597114887 96
1396564304.622123976 97
1396564304.647051720 99
1396564304.672098183 97
1396564304.696989011 98
1396564304.721994396 96
1396564304.745866943 96
1396564304.771898165 96
1396564304.797810198 256
1396564304.821977876 92
1396564304.847872150 319
1396564304.871765528 91
1396564304.896741876 92
1396564304.921017395 85
1396564304.946701427 86
1396564304.971747890 84
1396564304.996615239 85
1396564305.021613291 86
1396564305.045531775 84
1396564305.072593758 315
1396564305.095499882 96
1396564305.121496479 96
1396564305.146473574 96
1396564305.171449599 90
1396564305.197475536 90
1396564305.222365292 285
1396564305.247383055 82
1396564305.271370659 82
1396564305.297312837 84
1396564305.322200224 85
1396564305.346238144 96
1396564305.372367742 91
1396564305.396239220 92
1396564305.422245782 97
1396564305.446189754 97
1396564305.471097612 90
1396564305.498135514 277
1396564305.521117756 86
1396564305.547113980 86
1396564305.571078150 85
1396564305.597007816 85
1396564305.623988118 279
1396564305.646992359 97
1396564305.672885221 91
1396564305.696844383 89
1396564305.722799892 82
1396564305.747856956 278
1396564305.771859762 88
1396564305.796837327 80
1396564305.822717548 315
1396564305.847666487 88
1396564305.872721765 303
1396564305.896734698 88
1396564305.922552338 294
1396564305.946632239 80
1396564305.971541926 78
1396564305.997608540 271
1396564306.022567990 83
1396564306.047478599 308
1396564306.071620895 91
1396564306.096457166 85
1396564306.122449058 280
1396564306.146413989 93
1396564306.172369908 306
1396564306.196368545 85
1396564306.222360570 303
1396564306.246292647 74
1396564306.271238011 86
1396564306.297251932 284
1396564306.321218621 82
1396564306.347235017 80
1396564306.372163754 80
1396564306.397129519 85
1396564306.423103690 278
1396564306.447109748 76
1396564306.472114511 75
1396564306.496023652 80
1396564306.522106696 83
1396564306.547000009 265
1396564306.571978747 82
1396564306.596978532 80
1396564306.620859537 84
1396564306.646788034 85
1396564306.671854315 308
1396564306.696799076 88
1396564306.721744898 84
1396564306.746713255 80
1396564306.772684475 81
1396564306.797711046 304
1396564306.822712269 91
1396564306.846603079 90
1396564306.872628165 91
1396564306.897653255 91
1396564306.921558790 84
1396564306.947459979 85
1396564306.971487906 81
1396564306.997723128 78
1396564307.021506369 76
1396564307.046299377 76
1396564307.072343385 75
1396564307.096283431 75
1396564307.122210330 76
1396564307.146175334 77
1396564307.172207208 85
1396564307.197157882 265
1396564307.221230831 90
1396564307.247209275 75
1396564307.271090465 77
1396564307.297106171 77
1396564307.321043813 75
1396564307.346070428 76
1396564307.372109471 281
1396564307.396232542 77
1396564307.421995962 74
1396564307.445912119 75
1396564307.471984979 77
1396564307.496813537 78
1396564307.521856740 91
1396564307.546784132 86
1396564307.572828157 318
1396564307.597673237 92
1396564307.622708795 312
1396564307.646711654 90
1396564307.671701702 85
1396564307.697674520 315
1396564307.721536639 92
1396564307.747598150 312
1396564307.771646658 77
1396564307.797546895 299
1396564307.821475537 75
1396564307.846508398 75
1396564307.872529747 279
1396564307.896526252 74
1396564307.923419111 293
1396564307.947400612 71
1396564307.972400899 70
1396564307.998284366 221
1396564308.022345751 76
1396564308.048151215 274
1396564308.070222134 76
1396564308.097187691 76
1396564308.123185139 283
1396564308.147203567 87
1396564308.173079570 307
1396564308.196105708 85
1396564308.222101091 85
1396564308.247160568 319
1396564308.272057851 93
1396564308.298099786 319
1396564308.322098342 85
1396564308.346951493 85
1396564308.370953373 85
1396564308.396792860 81
1396564308.421847989 310
1396564308.446851044 77
1396564308.471840639 76
1396564308.495842672 76
1396564308.521802674 76
1396564308.545727143 75
1396564308.571718232 74
1396564308.595620014 72
1396564308.621708524 76
1396564308.647597085 75
1396564308.671541523 72
1396564308.697596397 82
1396564308.721580858 81
1396564308.747578471 85
1396564308.771463545 85
1396564308.796416816 80
1396564308.822468983 80
1396564308.846467775 72
1396564308.872366097 77
1396564308.896362589 76
1396564308.921362634 75
1396564308.946393151 75
1396564308.971317962 85
1396564308.997329267 87
1396564309.021232238 86
1396564309.047217649 85
1396564309.072142666 84
1396564309.097212056 86
1396564309.122100288 81
1396564309.147071880 81
1396564309.173073443 77
1396564309.197026179 75
1396564309.222051419 77
1396564309.248048456 266
1396564309.272097880 95
1396564309.296969922 86
1396564309.322965341 317
1396564309.345909230 78
1396564309.372816010 303
1396564309.396820248 76
1396564309.421842346 72
1396564309.447844764 303
1396564309.471668731 82
1396564309.497717507 304
1396564309.520708723 72
1396564309.546711042 72
1396564309.571714832 71
1396564309.596601927 76
1396564309.622519147 302
1396564309.645580875 77
1396564309.672587241 302
1396564309.695446533 84
1396564309.721411342 84
1396564309.747377702 274
1396564309.771381464 83
1396564309.798402232 305
1396564309.821273389 80
1396564309.847277006 76
1396564309.871268876 71
1396564309.897297120 75
1396564309.923215384 245
1396564309.946214619 76
1396564309.972205473 76
1396564309.996224498 71
1396564310.022022542 80
1396564310.048085306 258
1396564310.071085662 76
1396564310.097090091 76
1396564310.121089804 74
1396564310.146917457 78
1396564310.170958208 75
1396564310.196981982 76
1396564310.222985750 76
1396564310.247835256 281
1396564310.272767658 92
1396564310.297842938 311
1396564310.322815827 82
1396564310.346732643 81
1396564310.371728811 80
1396564310.396708203 81
1396564310.422653971 304
1396564310.447712952 87
1396564310.471689422 85
1396564310.496578857 86
1396564310.521575854 85
1396564310.547542070 305
1396564310.571583663 76
1396564310.596437112 76
1396564310.622455457 76
1396564310.646484482 75
1396564310.671404635 75
1396564310.696334386 75
1396564310.721262304 76
1396564310.746337148 77
1396564310.771284183 76
1396564310.796221534 85
1396564310.822150596 281
1396564310.846207524 86
1396564310.871207612 76
1396564310.896204957 76
1396564310.921211733 76
1396564310.947037658 74
1396564310.972078341 77
1396564310.997082502 76
1396564311.021901631 76
1396564311.046966692 76
1396564311.071903790 78
1396564311.096206728 87
1396564311.122948555 309
1396564311.146828094 88
1396564311.171912129 86
1396564311.197816241 311
1396564311.220756714 91
1396564311.247988283 308
1396564311.270700939 84
1396564311.296649933 86
1396564311.322663021 306
1396564311.346701270 87
1396564311.373529169 313
1396564311.396579031 75
1396564311.422574760 76
1396564311.448562196 274
1396564311.472529369 81
1396564311.498385233 297
1396564311.521478286 76
1396564311.548430197 301
1396564311.572941412 236
1396564311.597470940 82
1396564311.622267517 271
1396564311.646326749 78
1396564311.673323446 285
1396564311.696322480 75
1396564311.722279496 81
1396564311.747217773 297
1396564311.772148239 92
1396564311.797183898 315
1396564311.821180139 90
1396564311.847079200 91
1396564311.872075071 316
1396564311.897031667 93
1396564311.921914997 318
1396564311.946058169 91
1396564311.971069607 91
1396564311.995957319 89
1396564312.021914474 82
1396564312.046851721 309
1396564312.071801831 85
1396564312.096801582 86
1396564312.121837299 85
1396564312.146675504 82
1396564312.171625761 80
1396564312.197654316 82
1396564312.221646017 81
1396564312.246701629 80
1396564312.271635356 80
1396564312.296527635 81
1396564312.321635534 91
1396564312.346631706 91
1396564312.371507671 90
1396564312.396442474 90
1396564312.421414004 84
1396564312.446376402 81
1396564312.471429309 82
1396564312.496295905 81
1396564312.522319376 81
1396564312.547325300 85
1396564312.572271978 91
1396564312.597298891 92
1396564312.622233554 91
1396564312.647196002 90
1396564312.671139442 90
1396564312.697215398 89
1396564312.722016792 91
1396564312.747049439 87
1396564312.772065868 85
1396564312.796068267 89
1396564312.823073832 281
1396564312.846017611 97
1396564312.871967058 97
1396564312.897926308 101
1396564312.921948572 96
1396564312.947797092 309
1396564312.970766431 91
1396564312.997725883 286
1396564313.021844844 299
1396564313.046696139 86
1396564313.072701004 311
1396564313.095695492 87
1396564313.122603949 314
1396564313.145716299 85
1396564313.171549783 86
1396564313.196565405 312
1396564313.221585887 84
1396564313.248584852 309
1396564313.271410248 85
1396564313.297458572 91
1396564313.322446244 274
1396564313.347436588 96
1396564313.373341176 316
1396564313.396354947 91
1396564313.423314138 317
1396564313.446302920 90
1396564313.472205457 90
1396564313.497132342 283
1396564313.521138079 86
1396564313.548190535 311
1396564313.571191212 84
1396564313.597061435 94
1396564313.622077057 281
1396564313.647069938 91
1396564313.673008395 300
1396564313.697061627 90
1396564313.722064430 92
1396564313.747945062 249
1396564313.772949990 96
1396564313.796776371 96
1396564313.821795955 90
1396564313.846795742 92
1396564313.871830583 96
1396564313.896779021 98
1396564313.921656133 96
1396564313.947690708 96
1396564313.971667807 96
1396564313.996760392 96
1396564314.021709732 97
1396564314.046539788 97
1396564314.071503157 96
1396564314.096561250 98
1396564314.121576886 97
1396564314.146399067 96
1396564314.171396845 96
1396564314.196383535 96
1396564314.221455993 96
1396564314.245425230 96
1396564314.271281834 96
1396564314.296257400 97
1396564314.321315939 96
1396564314.346258166 96
1396564314.371158656 96
1396564314.397133258 96
1396564314.421185153 96
1396564314.447134517 97
1396564314.472016473 98
1396564314.497056703 96
1396564314.522058970 97
1396564314.546989498 101
1396564314.572038355 97
1396564314.597021057 103
1396564314.621995545 97
1396564314.648056494 101
1396564314.671961511 101
1396564314.697880555 101
1396564314.721801220 103
1396564314.746754545 97
1396564314.773928412 101
1396564314.797815962 102
1396564314.823691357 100
1396564314.846681455 97
1396564314.872683383 97
1396564314.896626236 96
1396564314.922678840 99
1396564314.946566306 96
1396564314.971563291 99
1396564314.997524521 96
1396564315.021488854 96
1396564315.047553172 98
1396564315.071439949 96
1396564315.096449006 99
1396564315.121434475 96
1396564315.146466058 96
1396564315.172252675 97
1396564315.196322592 96
1396564315.223308461 100
1396564315.246306437 97
1396564315.271294526 96
1396564315.296114854 96
1396564315.321184043 96
1396564315.348145948 104
1396564315.371207945 96
1396564315.397031222 104
1396564315.422177792 102
1396564315.447052333 102
1396564315.472058525 110
1396564315.497059474 101
1396564315.523055924 105
1396564315.547912470 102
1396564315.572874513 102
1396564315.597937217 106
1396564315.622818930 101
1396564315.649322942 106
1396564315.672794908 102
1396564315.697697861 102
1396564315.722824716 103
1396564315.747634972 102
1396564315.772680466 105
1396564315.797681383 102
1396564315.821641328 103
1396564315.847558353 103
1396564315.872545110 102
1396564315.897550126 103
1396564315.922552126 102
1396564315.947478879 104
1396564315.973357519 104
1396564315.998424665 101
1396564316.023401819 102
1396564316.048311270 103
1396564316.073319500 105
1396564316.098248118 104
1396564316.122277509 102
1396564316.148280961 102
1396564316.173153970 103
1396564316.198157976 104
1396564316.223178578 104
1396564316.247164926 109
1396564316.273068321 108
1396564316.297024651 112
1396564316.323043519 108
1396564316.348034193 114
1396564316.372983730 115
1396564316.398049339 110
1396564316.422011216 113
1396564316.447990519 109
1396564316.471975971 113
1396564316.497892760 110
1396564316.521999963 108
1396564316.546842327 108
1396564316.572776105 104
1396564316.596793421 108
1396564316.622754963 109
1396564316.647532024 108
1396564316.672692515 110
1396564316.697694962 106
1396564316.722654748 109
1396564316.748692050 108
1396564316.772493125 106
1396564316.798528040 112
1396564316.822569569 106
1396564316.847550019 111
1396564316.872447984 107
1396564316.897369872 108
1396564316.923459914 117
1396564316.947425435 108
1396564316.972401175 118
1396564316.997292065 111
1396564317.022328783 111
1396564317.047201377 114
1396564317.072255951 111
1396564317.098205005 119
1396564317.123153109 108
1396564317.148130890 112
1396564317.173103043 113
1396564317.198033045 111
1396564317.224032854 119
1396564317.248040510 111
1396564317.273026004 118
1396564317.298026581 119
1396564317.322967526 118
1396564317.347915505 121
1396564317.372893913 118
1396564317.397929411 120
1396564317.422790243 120
1396564317.447743266 117
1396564317.472781002 120
1396564317.497773387 117
1396564317.522673152 121
1396564317.547660280 119
1396564317.571665398 118
1396564317.597616453 120
1396564317.622662316 117
1396564317.647544836 122
1396564317.672544867 120
1396564317.696546316 119
1396564317.722445658 119
1396564317.746567872 117
1396564317.772422716 120
1396564317.797417300 120
1396564317.822432096 122
1396564317.848438619 119
1396564317.872417165 117
1396564317.898243488 119
1396564317.922234532 125
1396564317.948288514 127
1396564317.973292536 124
1396564317.997234936 119
1396564318.023161871 118
1396564318.047158697 125
1396564318.073141472 126
1396564318.097157246 126
1396564318.121983759 128
1396564318.148036980 107
1396564318.172051008 128
1396564318.198025551 124
1396564318.222206631 125
1396564318.248041560 128
1396564318.272982558 100
1396564318.297901795 129
1396564318.323889220 121
1396564318.347891369 123
1396564318.373773018 126
1396564318.397716672 121
1396564318.422761484 129
1396564318.447783936 104
1396564318.472747024 127
1396564318.498672584 128
1396564318.522683310 125
1396564318.547670514 130
1396564318.572668706 123
1396564318.597536382 128
1396564318.622555689 126
1396564318.647487140 126
1396564318.673484164 134
1396564318.697412381 124
1396564318.722422551 129
1396564318.747413256 124
1396564318.772394620 127
1396564318.797286471 134
1396564318.822302384 125
1396564318.847261844 131
1396564318.872300117 124
1396564318.897115841 127
1396564318.922161947 136
1396564318.947103997 130
1396564318.972101065 137
1396564318.998020551 130
1396564319.023041219 132
1396564319.048045324 135
1396564319.073038751 132
1396564319.097965756 143
1396564319.123031293 131
1396564319.147030635 142
1396564319.173030458 143
1396564319.197908068 136
1396564319.222852403 145
1396564319.247760477 135
1396564319.271793965 143
1396564319.297858360 142
1396564319.321768108 137
1396564319.347718443 143
1396564319.372655480 134
1396564319.397699104 143
1396564319.423649580 143
1396564319.447616278 141
1396564319.473671261 141
1396564319.497471746 144
1396564319.523544833 148
1396564319.548463890 147
1396564319.572512055 142
1396564319.598402831 142
1396564319.622338007 144
1396564319.648405629 152
1396564319.672419319 153
1396564319.697385364 152
1396564319.723257934 151
1396564319.747232851 149
1396564319.773208516 149
1396564319.797281954 158
1396564319.823112058 158
1396564319.847119505 151
1396564319.872098272 134
1396564319.898106412 126
1396564319.922104594 166
1396564319.947958954 163
1396564319.971963076 165
1396564319.996985824 162
1396564320.021938560 165
1396564320.046967969 161
1396564320.071985246 161
1396564320.096835271 160
1396564320.122882131 162
1396564320.147864650 160
1396564320.172718159 160
1396564320.197754445 161
1396564320.222776602 160
1396564320.248672280 163
1396564320.272652575 160
1396564320.297584992 162
1396564320.322652158 160
1396564320.347624833 160
1396564320.372480823 168
1396564320.397465458 165
1396564320.422471708 170
1396564320.447518564 165
1396564320.472534302 167
1396564320.497396345 167
1396564320.522423322 165
1396564320.547402873 172
1396564320.573344532 165
1396564320.598293000 168
1396564320.623255201 165
1396564320.648275913 165
1396564320.673236219 177
1396564320.698208312 163
1396564320.722150040 174
1396564320.748158246 169
1396564320.773155571 175
1396564320.798155744 183
1396564320.823032962 174
1396564320.847018742 185
1396564320.873026013 163
1396564320.897023306 182
1396564320.923040495 184
1396564320.948023542 181
1396564320.972840285 188
1396564320.997879045 180
1396564321.021900623 187
1396564321.047890017 189
1396564321.071783684 184
1396564321.097710027 189
1396564321.122763623 184
1396564321.146698317 188
1396564321.172735891 189
1396564321.196589614 187
1396564321.222643982 197
1396564321.246600737 190
1396564321.272525044 198
1396564321.298519348 197
1396564321.322549861 193
1396564321.348500400 195
1396564321.372424039 189
1396564321.398378210 203
1396564321.422408862 202
1396564321.447325584 200
1396564321.473416551 203
1396564321.497312022 193
1396564321.523212238 211
1396564321.547295853 211
1396564321.572292216 210
1396564321.597210612 206
1396564321.622149846 200
1396564321.648073542 206
1396564321.672122246 216
1396564321.698089530 222
1396564321.723029761 196
1396564321.747961314 228
1396564321.772978473 227
1396564321.797965888 229
1396564321.824010736 224
1396564321.847963150 228
1396564321.873017713 227
1396564321.897820729 226
1396564321.922834539 228
1396564321.947880014 223
1396564321.972745521 223
1396564321.997738673 229
1396564322.022790610 218
1396564322.047736919 230
1396564322.072724015 227
1396564322.097673138 227
1396564322.122653724 236
1396564322.147593003 229
1396564322.172621168 237
1396564322.197467643 225
1396564322.222510526 236
1396564322.247520906 237
1396564322.272516141 233
1396564322.296508542 249
1396564322.322389385 235
1396564322.347336184 244
1396564322.372368627 244
1396564322.397283731 238
1396564322.422244244 256
1396564322.448226391 227
1396564322.472192933 249
1396564322.498286459 220
1396564322.523136702 239
1396564322.548140837 264
1396564322.573160418 238
1396564322.597134768 259
1396564322.623068336 235
1396564322.647013563 241
1396564322.672996266 274
1396564322.697994329 226
1396564322.722013590 272
1396564322.747940345 228
1396564322.771986060 236
1396564322.797987572 278
1396564322.821889485 284
1396564322.847855485 288
1396564322.873885744 285
1396564322.897705454 285
1396564322.923783841 285
1396564322.947781995 285
1396564322.973766318 293
1396564322.997560145 289
1396564323.022545865 291
1396564323.048573756 291
1396564323.072644779 288
1396564323.098655237 290
1396564323.122552263 288
1396564323.147461443 297
1396564323.172461921 297
1396564323.197504227 294
1396564323.223378652 291
1396564323.247378402 295
1396564323.273393308 307
1396564323.297330072 307
1396564323.322380785 303
1396564323.347266984 284
1396564323.372277748 291
1396564323.398284126 311
1396564323.422206326 313
1396564323.447262072 315
1396564323.472132430 309
1396564323.497108295 300
1396564323.522138024 316
1396564323.547099214 322
1396564323.572130105 324
1396564323.597997298 309
1396564323.622991718 327
1396564323.648008978 296
1396564323.673003203 338
1396564323.697950828 344
1396564323.722992252 346
1396564323.746856785 347
1396564323.772895452 346
1396564323.797915398 348
1396564323.822690753 344
1396564323.847764407 345
1396564323.871757520 352
1396564323.897759950 294
1396564323.921672787 350
1396564323.947649746 343
1396564323.972558263 333
1396564323.997609774 358
1396564324.023634294 279
1396564324.047495870 356
1396564324.073526086 306
1396564324.098466463 351
1396564324.123521834 361
1396564324.148372142 295
1396564324.172374385 368
1396564324.198379541 298
1396564324.222359709 358
1396564324.248198403 369
1396564324.272248319 324
1396564324.297273292 383
1396564324.323246565 276
1396564324.347254247 373
1396564324.373077987 342
1396564324.397108259 329
1396564324.423128925 397
1396564324.447125111 317
1396564324.471994593 389
1396564324.497953344 350
1396564324.521946152 352
1396564324.547879610 405
1396564324.572004027 379
1396564324.596996452 402
1396564324.622899636 385
1396564324.646816269 383
1396564324.672761464 402
1396564324.696730131 380
1396564324.722750738 409
1396564324.747771449 392
1396564324.772698658 383
1396564324.798629885 400
1396564324.822628551 373
1396564324.848643584 415
1396564324.872627327 390
1396564324.897653014 386
1396564324.922430433 404
1396564324.947490960 372
1396564324.973500030 403
1396564324.997455293 390
1396564325.022301129 413
1396564325.047289049 401
1396564325.072371191 381
1396564325.097369803 365
1396564325.122195795 390
1396564325.148251170 416
1396564325.173245715 396
1396564325.198178234 394
1396564325.223239957 361
1396564325.248125665 398
1396564325.273062001 407
1396564325.298066794 396
1396564325.323067429 398
1396564325.348118410 350
1396564325.372995853 398
1396564325.398046979 387
1396564325.422925192 409
1396564325.446996691 416
1396564325.472912639 389
1396564325.496996893 402
1396564325.522964180 326
1396564325.547867365 408
1396564325.573058148 406
1396564325.597692699 385
1396564325.621750362 410
1396564325.647763379 385
1396564325.671682916 412
1396564325.697729324 393
1396564325.722631169 385
1396564325.746608482 426
1396564325.772571235 381
1396564325.796596623 420
1396564325.822493187 380
1396564325.846528275 378
1396564325.872441496 440
1396564325.898499743 375
1396564325.922395861 407
1396564325.948382829 370
1396564325.972371835 374
1396564325.998348074 439
1396564326.022296366 365
1396564326.047371037 435
1396564326.073240955 365
1396564326.097240047 380
1396564326.123200892 417
1396564326.147059712 374
1396564326.172099053 465
1396564326.197082732 373
1396564326.222080082 395
1396564326.248120442 391
1396564326.272053891 371
1396564326.297992708 457
1396564326.322969828 365
1396564326.347995568 395
1396564326.372884850 395
1396564326.398000820 380
1396564326.423920327 430
1396564326.447860738 377
1396564326.472865244 403
1396564326.497869619 395
1396564326.522718108 381
1396564326.547688944 404
1396564326.572710626 377
1396564326.597743160 422
1396564326.622733474 395
1396564326.647591182 388
1396564326.672615704 385
1396564326.697614762 379
1396564326.722611156 409
1396564326.747603946 395
1396564326.772478709 390
1396564326.797495424 397
1396564326.822431779 379
1396564326.847494815 402
1396564326.872368849 396
1396564326.896315187 402
1396564326.922364183 396
1396564326.947310029 379
1396564326.972368817 380
1396564326.997244600 396
1396564327.022212499 419
1396564327.048243618 392
1396564327.072275369 381
1396564327.098204039 382
1396564327.123107562 401
1396564327.148108492 409
1396564327.173112694 391
1396564327.197111720 400
1396564327.223044308 377
1396564327.246968843 403
1396564327.272983625 389
1396564327.297993007 387
1396564327.321991823 417
1396564327.348032732 376
1396564327.371973690 410
1396564327.397925664 374
1396564327.421915029 403
1396564327.447909030 408
1396564327.473736494 383
1396564327.497662939 420
1396564327.523728017 369
1396564327.547739262 403
1396564327.573703209 397
1396564327.597603772 387
1396564327.622543262 438
1396564327.648530806 378
1396564327.672606842 408
1396564327.698478243 355
1396564327.722545029 383
1396564327.747555374 446
1396564327.772508042 371
1396564327.797415515 423
1396564327.823336085 380
1396564327.847295536 387
1396564327.873288804 440
1396564327.897267898 372
1396564327.922341278 435
1396564327.947207240 370
1396564327.972229553 341
1396564327.998175684 423
1396564328.022051741 299
1396564328.047117438 431
1396564328.072107992 294
1396564328.097399874 347
1396564328.121961722 376
1396564328.146975847 349
1396564328.172923646 429
1396564328.197998641 290
1396564328.222857560 385
1396564328.247978640 390
1396564328.272974712 358
1396564328.297800497 414
1396564328.322874589 361
1396564328.347831779 400
1396564328.372766722 398
1396564328.397753529 381
1396564328.422661569 399
1396564328.447709222 367
1396564328.471598454 404
1396564328.497545777 395
1396564328.522559075 384
1396564328.547542366 386
1396564328.572530363 315
1396564328.597456806 389
1396564328.623485355 386
1396564328.647424272 361
1396564328.673383494 310
1396564328.698360394 312
1396564328.723329998 378
1396564328.748293270 378
1396564328.772330048 378
1396564328.798132379 364
1396564328.822205758 329
1396564328.848167705 305
1396564328.873200651 368
1396564328.897834493 365
1396564328.923137727 356
1396564328.947052969 352
1396564328.973029524 335
1396564328.997204704 363
1396564329.022985476 364
1396564329.047939799 359
1396564329.071968213 352
1396564329.097937753 343
1396564329.121971073 349
1396564329.147954006 347
1396564329.171846090 347
1396564329.196841330 351
1396564329.222852814 344
1396564329.246761743 344
1396564329.272697704 342
1396564329.296683927 343
1396564329.322724411 344
1396564329.347722568 342
1396564329.372540877 339
1396564329.398596237 316
1396564329.422610695 335
1396564329.449160159 332
1396564329.472431214 315
1396564329.497476472 333
1396564329.522401183 307
1396564329.547430953 324
1396564329.573406157 288
1396564329.597410619 312
1396564329.622329190 320
1396564329.647288860 288
1396564329.672344057 313
1396564329.697236014 268
1396564329.722235841 303
1396564329.748200343 312
1396564329.773224348 301
1396564329.798169885 308
1396564329.823108795 267
1396564329.848103794 297
1396564329.873091983 306
1396564329.898101882 295
1396564329.923050007 301
1396564329.947972867 293
1396564329.972968016 293
1396564329.997943973 292
1396564330.022989358 287
1396564330.046918643 295
1396564330.072917651 280
1396564330.096831709 291
1396564330.122841338 296
1396564330.147833662 288
1396564330.172838940 287
1396564330.197618592 288
1396564330.221719329 290
1396564330.247700555 290
1396564330.271718018 285
1396564330.297519091 285
1396564330.322531005 268
1396564330.346585883 274
1396564330.372549490 270
1396564330.396569749 230
1396564330.422449711 251
1396564330.446489777 221
1396564330.472387028 260
1396564330.498461610 258
1396564330.522447278 255
1396564330.548353698 240
1396564330.572343318 225
1396564330.598319043 253
1396564330.622340425 253
1396564330.647216541 250
1396564330.673243198 243
1396564330.697216721 238
1396564330.723189389 239
1396564330.747020996 245
1396564330.772079476 245
1396564330.798071142 226
1396564330.822086889 236
1396564330.847957890 226
1396564330.871905598 239
1396564330.897905106 238
1396564330.922952865 235
1396564330.947934635 233
1396564330.972963852 226
1396564330.997894716 236
1396564331.023741374 228
1396564331.047731372 227
1396564331.072713242 229
1396564331.097701222 227
1396564331.122711528 231
1396564331.148654746 227
1396564331.172709124 223
1396564331.197608768 224
1396564331.222598490 223
1396564331.247585497 226
1396564331.272519826 222
1396564331.297584448 223
1396564331.323436321 216
1396564331.347459870 199
1396564331.372456879 219
1396564331.397441188 202
1396564331.422415784 209
1396564331.447341721 206
1396564331.472332526 198
1396564331.496333784 213
1396564331.522351943 191
1396564331.547135860 201
1396564331.572205668 190
1396564331.597204432 199
1396564331.622273391 212
1396564331.648219763 188
1396564331.672035145 203
1396564331.698051721 186
1396564331.723081893 191
1396564331.748102720 202
1396564331.773084632 187
1396564331.796938450 200
1396564331.822877468 186
1396564331.847015146 191
1396564331.872982155 193
1396564331.898010245 178
1396564331.921905115 194
1396564331.947926386 155
1396564331.971878716 187
1396564331.997879726 194
1396564332.021708385 157
1396564332.047760952 185
1396564332.073747034 157
1396564332.097652374 184
1396564332.123680522 187
1396564332.147570807 150
1396564332.173576384 182
1396564332.197575622 152
1396564332.222524726 176
1396564332.248456886 176
1396564332.272549903 173
1396564332.298454715 167
1396564332.322442241 171
1396564332.347329791 177
1396564332.372261855 176
1396564332.397329192 171
1396564332.423258168 171
1396564332.447202729 170
1396564332.473139873 173
1396564332.497145984 173
1396564332.522268000 166
1396564332.547181085 165
1396564332.572070796 165
1396564332.598078026 166
1396564332.622027041 168
1396564332.647025878 168
1396564332.671957770 166
1396564332.696953697 166
1396564332.721952497 165
1396564332.746949397 162
1396564332.772884976 162
1396564332.797967049 160
1396564332.822834164 161
1396564332.847830262 160
1396564332.872825151 162
1396564332.898703730 161
1396564332.922720338 161
1396564332.947698524 161
1396564332.972696034 161
1396564332.997578128 161
1396564333.022553059 161
1396564333.047504280 161
1396564333.071573440 161
1396564333.097577399 161
1396564333.122462304 161
1396564333.147459031 160
1396564333.172408794 151
1396564333.197456028 152
1396564333.223444325 148
1396564333.247339521 151
1396564333.273330113 118
1396564333.298327563 146
1396564333.323255253 147
1396564333.348173001 145
1396564333.372199284 148
1396564333.398192963 140
1396564333.423136367 142
1396564333.448017547 141
1396564333.473083555 140
1396564333.497053572 147
1396564333.523073380 139
1396564333.547059553 143
1396564333.572942181 142
1396564333.596934356 140
1396564333.622927253 151
1396564333.647924348 143
1396564333.671946508 154
1396564333.697956720 148
1396564333.721750962 132
1396564333.747796555 143
1396564333.771819013 112
1396564333.796709786 144
1396564333.822696054 126
1396564333.846653891 127
1396564333.872669757 147
1396564333.896747778 111
1396564333.922801418 138
1396564333.947556535 131
1396564333.972527770 131
1396564334.000703984 135
1396564334.022487331 125
1396564334.048423570 133
1396564334.072400106 131
1396564334.097426142 134
1396564334.122411484 133
1396564334.147295413 128
1396564334.173319466 127
1396564334.197295039 132
1396564334.222210244 135
1396564334.247120875 133
1396564334.272190627 133
1396564334.298206902 130
1396564334.322196824 127
1396564334.348083341 128
1396564334.373012208 127
1396564334.398043624 128
1396564334.423046926 122
1396564334.448080735 128
1396564334.472942924 127
1396564334.497922639 128
1396564334.522876419 129
1396564334.547947643 124
1396564334.572922262 128
1396564334.597984804 115
1396564334.622940319 124
1396564334.646748844 125
1396564334.672817120 122
1396564334.697670269 128
1396564334.722687032 125
1396564334.747689699 125
1396564334.772669273 123
1396564334.797725858 123
1396564334.821559645 127
1396564334.847564130 122
1396564334.872542246 121
1396564334.897541355 117
1396564334.922523673 118
1396564334.946453352 123
1396564334.972438793 118
1396564334.996379608 123
1396564335.022443470 117
1396564335.047255942 118
1396564335.072307474 120
1396564335.098313186 117
1396564335.122330940 123
1396564335.148312412 117
1396564335.172131636 119
1396564335.198135168 121
1396564335.223183052 117
1396564335.247129273 125
1396564335.273057550 117
1396564335.296989069 119
1396564335.323004693 119
1396564335.347060289 118
1396564335.371940108 126
1396564335.397913866 117
1396564335.421939588 125
1396564335.448012938 119
1396564335.471922262 114
1396564335.497931513 121
1396564335.522914962 117
1396564335.547738056 124
1396564335.573814043 123
1396564335.597754130 119
1396564335.623666224 119
1396564335.647634582 104
1396564335.672703072 120
1396564335.697647511 122
1396564335.722480064 116
1396564335.748489412 117
1396564335.772560066 116
1396564335.797431544 119
1396564335.822416481 117
1396564335.847420958 111
1396564335.872343989 110
1396564335.897433846 117
1396564335.923453478 118
1396564335.947254738 118
1396564335.972300075 118
1396564335.997223269 118
1396564336.022244436 111
1396564336.047126784 108
1396564336.072193805 111
1396564336.097130081 113
1396564336.122186781 111
1396564336.147136123 108
1396564336.172066813 107
1396564336.197014770 109
1396564336.222015709 112
1396564336.248003078 111
1396564336.272880267 111
1396564336.297981108 110
1396564336.323067611 109
1396564336.347984038 108
1396564336.372945315 108
1396564336.396864182 111
1396564336.422909024 108
1396564336.447853454 109
1396564336.472852383 107
1396564336.497823715 108
1396564336.521609735 104
1396564336.547672525 101
1396564336.571729594 111
1396564336.597612111 108
1396564336.622743840 109
1396564336.647618477 109
1396564336.673501007 107
1396564336.697670673 113
1396564336.723582453 107
1396564336.747432658 110
1396564336.773441327 108
1396564336.798464616 100
1396564336.822370420 110
1396564336.848237422 101
1396564336.872232144 105
1396564336.898263170 102
1396564336.922237443 103
1396564336.947239860 106
1396564336.973133358 103
1396564337.003897459 107
1396564337.023133005 102
1396564337.047136411 103
1396564337.072996771 105
1396564337.097125643 102
1396564337.121969050 108
1396564337.147986618 102
1396564337.171856735 107
1396564337.197863399 109
1396564337.221829468 105
1396564337.246855103 108
1396564337.271856508 104
1396564337.296860880 106
1396564337.322734327 107
1396564337.346692952 100
1396564337.372737251 105
1396564337.397615997 103
1396564337.422612921 102
1396564337.447599337 107
1396564337.472618934 102
1396564337.498613108 103
1396564337.522493931 101
1396564337.547556996 104
1396564337.572523351 102
1396564337.596569385 96
1396564337.621473750 96
1396564337.646466549 97
1396564337.671403176 98
1396564337.696422527 97
1396564337.721417442 97
1396564337.746349605 96
1396564337.773128018 101
1396564337.797318173 103
1396564337.823260090 103
1396564337.847300265 97
1396564337.872131495 96
1396564337.897116318 95
1396564337.922211248 97
1396564337.947171509 96
1396564337.971173461 97
1396564337.997025966 96
1396564338.021992288 97
1396564338.047049496 96
1396564338.072022152 97
1396564338.095920695 97
1396564338.121920397 97
1396564338.145907552 97
1396564338.171828730 96
1396564338.195919202 98
1396564338.221921621 96
1396564338.246794775 96
1396564338.270792172 98
1396564338.296725784 97
1396564338.320667327 99
1396564338.346666910 97
1396564338.371563394 97
1396564338.395670148 97
1396564338.421650153 96
1396564338.445546149 96
1396564338.471469105 96
1396564338.495543381 96
1396564338.521486671 97
1396564338.547431205 96
1396564338.571430927 96
