1396564288.616098614 308
1396564288.640091588 308
1396564288.666017704 311
1396564288.690596697 305
1396564288.715974480 310
1396564288.739983955 318
1396564288.765978913 313
1396564288.790842630 314
1396564288.814743435 310
1396564288.840792700 320
1396564288.864797936 322
1396564288.890778334 317
1396564288.914657197 301
1396564288.939653387 315
1396564288.965673545 331
1396564288.989705642 336
1396564289.015585709 331
1396564289.039545797 334
1396564289.065558524 330
1396564289.091520314 335
1396564289.115528956 344
1396564289.141444969 341
1396564289.165402115 339
1396564289.191457781 346
1396564289.215360387 360
1396564289.240405688 356
1396564289.265338682 354
1396564289.290361415 354
1396564289.316339177 355
1396564289.340283546 356
1396564289.365232081 361
1396564289.390163687 360
1396564289.415204911 355
1396564289.440206851 361
1396564289.465161515 341
1396564289.491163367 368
1396564289.516205771 366
1396564289.541081291 331
1396564289.566111724 377
1396564289.590963023 292
1396564289.615912538 385
1396564289.640941199 286
1396564289.665944238 309
1396564289.690915071 384
1396564289.715845804 290
1396564289.740870933 391
1396564289.765843744 293
1396564289.789832774 355
1396564289.815708170 389
1396564289.840709693 281
1396564289.865767024 398
1396564289.890679738 303
1396564289.915706275 384
1396564289.940579604 389
1396564289.964579429 291
1396564289.990582282 413
1396564290.015526078 291
1396564290.040432024 394
1396564290.065455394 359
1396564290.089443823 383
1396564290.115462042 419
1396564290.139282200 380
1396564290.165321394 404
1396564290.190330742 385
1396564290.215327426 384
1396564290.241317567 415
1396564290.265216287 379
1396564290.291112483 407
1396564290.315201075 390
1396564290.341199977 385
1396564290.366204814 389
1396564290.390205215 382
1396564290.416156542 415
1396564290.440138304 391
1396564290.466139435 386
1396564290.489886842 404
1396564290.514956818 367
1396564290.540936189 414
1396564290.564905510 390
1396564290.590835490 389
1396564290.614842864 404
1396564290.640830174 364
1396564290.666830760 399
1396564290.690776892 396
1396564290.716710724 415
1396564290.740630585 397
1396564290.766703522 334
1396564290.790641388 378
1396564290.815582261 396
1396564290.840548566 414
1396564290.865568588 396
1396564290.891567459 394
1396564290.915450523 370
1396564290.940398032 398
1396564290.965398395 397
1396564290.990436139 386
1396564291.016329556 405
1396564291.040280285 367
1396564291.066294490 405
1396564291.090272847 377
1396564291.115212489 409
1396564291.140178974 413
1396564291.165200375 377
1396564291.191144858 410
1396564291.215184510 375
1396564291.240167508 412
1396564291.265195828 400
1396564291.290054559 389
1396564291.315126087 422
1396564291.339944398 386
1396564291.365898227 410
1396564291.390944544 383
1396564291.415945106 386
1396564291.440938162 449
1396564291.465808188 382
1396564291.490820457 413
1396564291.515779006 384
1396564291.539825925 389
1396564291.565851913 445
1396564291.590693289 379
1396564291.615648096 421
1396564291.640643092 375
1396564291.664677819 378
1396564291.690556243 426
1396564291.715573935 370
1396564291.740532649 435
1396564291.765615571 372
1396564291.790555487 383
1396564291.816444294 417
1396564291.840444498 375
1396564291.866461981 450
1396564291.891444854 373
1396564291.916294144 392
1396564291.941382370 396
1396564291.965320564 373
1396564291.991347780 441
1396564292.015317575 375
1396564292.041196222 396
1396564292.066093040 399
1396564292.090194424 383
1396564292.116190024 416
1396564292.140152057 366
1396564292.166175474 409
1396564292.190139850 396
1396564292.216066297 383
1396564292.240063314 391
1396564292.265105432 379
1396564292.290940488 418
1396564292.314890697 394
1396564292.340922823 387
1396564292.364939204 386
1396564292.389821268 380
1396564292.414798388 401
1396564292.439753811 394
1396564292.465757215 397
1396564292.489699196 397
1396564292.515686467 382
1396564292.540689505 384
1396564292.565687452 402
1396564292.590648060 404
1396564292.615546510 393
1396564292.641561483 379
1396564292.665562650 380
1396564292.690563077 402
1396564292.715509528 415
1396564292.740413233 395
1396564292.766428658 377
1396564292.790323835 377
1396564292.815318609 404
1396564292.840316265 400
1396564292.865239674 392
1396564292.890312658 407
1396564292.915191796 367
1396564292.941184463 412
1396564292.966165427 387
1396564292.991214087 389
1396564293.016170706 419
1396564293.041186323 356
1396564293.066189767 421
1396564293.091059042 349
1396564293.115937693 402
1396564293.140901140 406
1396564293.165959911 324
1396564293.190932504 433
1396564293.215936026 346
1396564293.239830140 411
1396564293.265766772 389
1396564293.289809389 388
1396564293.315806947 443
1396564293.340810582 321
1396564293.365666717 411
1396564293.390684699 362
1396564293.414602353 390
1396564293.440703555 433
1396564293.465563660 387
1396564293.490580254 418
1396564293.515558555 376
1396564293.539496901 392
1396564293.565459533 418
1396564293.589414495 384
1396564293.615433381 419
1396564293.640432350 381
1396564293.665267533 386
1396564293.691243854 413
1396564293.715309510 375
1396564293.741315788 414
1396564293.765182079 373
1396564293.791167861 344
1396564293.816168693 392
1396564293.840201937 283
1396564293.866186066 400
1396564293.890180393 281
1396564293.916161364 290
1396564293.940086558 382
1396564293.965058580 311
1396564293.991079605 389
1396564294.014863479 295
1396564294.040932385 388
1396564294.064896921 382
1396564294.090754933 275
1396564294.115820250 373
1396564294.140774347 299
1396564294.166805953 377
1396564294.190805180 375
1396564294.216788803 355
1396564294.240679814 358
1396564294.265640890 344
1396564294.290698603 368
1396564294.315621445 365
1396564294.341571601 363
1396564294.365502341 355
1396564294.390558162 354
1396564294.415482934 358
1396564294.440551527 360
1396564294.465375383 360
1396564294.490375990 346
1396564294.516428381 356
1396564294.540326846 352
1396564294.565398581 355
1396564294.590305362 354
1396564294.615288640 355
1396564294.640303341 354
1396564294.665301206 338
1396564294.690132869 344
1396564294.715205568 347
1396564294.740176248 335
1396564294.765114715 340
1396564294.790061530 325
1396564294.815051108 336
1396564294.841062272 320
1396564294.866222338 326
1396564294.890926857 338
1396564294.916000490 300
1396564294.940910162 329
1396564294.965902321 301
1396564294.989951162 317
1396564295.015765430 323
1396564295.040749633 293
1396564295.065790935 323
1396564295.090783469 287
1396564295.114642047 315
1396564295.140611102 316
1396564295.164604275 303
1396564295.190675765 317
1396564295.215556597 299
1396564295.240556486 302
1396564295.266511203 297
1396564295.290571027 287
1396564295.316496804 307
1396564295.340394463 295
1396564295.366430795 297
1396564295.391419716 295
1396564295.415423674 296
1396564295.441378036 298
1396564295.465299246 296
1396564295.491305735 289
1396564295.515310529 284
1396564295.540295059 284
1396564295.566153564 284
1396564295.590118769 275
1396564295.616188160 286
1396564295.640167215 288
1396564295.666025838 275
1396564295.690200247 275
1396564295.715120790 240
1396564295.741061437 274
1396564295.765040649 269
1396564295.791050557 265
1396564295.814919487 270
1396564295.839920450 272
1396564295.864888369 263
1396564295.889924173 271
1396564295.915792253 259
1396564295.939791911 261
1396564295.965799502 259
1396564295.990719095 254
1396564296.015790473 263
1396564296.040666920 258
1396564296.065668185 249
1396564296.091668167 244
1396564296.115617879 245
1396564296.140546631 240
1396564296.165550166 246
1396564296.190548931 246
1396564296.215543113 246
1396564296.240442315 243
1396564296.265349736 239
1396564296.290416119 239
1396564296.315414622 241
1396564296.340416868 241
1396564296.365270804 239
1396564296.390237698 242
1396564296.416284426 237
1396564296.441293516 235
1396564296.466188705 235
1396564296.491177601 234
1396564296.516166251 234
1396564296.541120857 233
1396564296.565163792 235
1396564296.591165816 234
1396564296.615166165 240
1396564296.641041450 234
1396564296.665992567 234
1396564296.690043986 235
1396564296.715920013 234
1396564296.739913314 223
1396564296.765917819 227
1396564296.790836646 193
1396564296.815720281 224
1396564296.840790737 259
1396564296.864716402 219
1396564296.890730950 220
1396564296.914744864 210
1396564296.940587462 217
1396564296.965679282 204
1396564296.989602196 211
1396564297.015644264 216
1396564297.039519315 208
1396564297.065495038 216
1396564297.089525947 203
1396564297.115533845 202
1396564297.141367611 196
1396564297.165525414 195
1396564297.191363137 216
1396564297.215413882 194
1396564297.241286763 198
1396564297.265290046 194
1396564297.290332251 191
1396564297.316283515 203
1396564297.340270153 190
1396564297.366180604 194
1396564297.390159451 189
1396564297.415159035 191
1396564297.440163586 196
1396564297.465092737 190
1396564297.491161187 197
1396564297.515041349 190
1396564297.541005006 190
1396564297.565931961 187
1396564297.590859329 184
1396564297.615919250 189
1396564297.640916556 184
1396564297.666907138 186
1396564297.690917548 184
1396564297.715771610 166
1396564297.740717233 183
1396564297.765768425 181
1396564297.790715814 183
1396564297.815658658 177
1396564297.840604019 175
1396564297.865588619 176
1396564297.890653617 175
1396564297.915527828 180
1396564297.940480890 177
1396564297.965531423 176
1396564297.990487788 176
1396564298.015841880 176
1396564298.040526030 178
1396564298.065413075 179
1396564298.090397807 177
1396564298.115363190 177
1396564298.139397973 172
1396564298.165281087 171
1396564298.189283487 173
1396564298.215282744 172
1396564298.240250095 172
1396564298.265088324 172
1396564298.291164150 178
1396564298.315156878 172
1396564298.341111248 172
1396564298.366147358 172
1396564298.391266591 172
1396564298.416047011 172
1396564298.440007076 172
1396564298.466034937 172
1396564298.489914469 171
1396564298.515904074 172
1396564298.540851241 172
1396564298.564921070 171
1396564298.590790303 171
1396564298.614784570 172
1396564298.640789530 172
1396564298.664737168 171
1396564298.690904734 173
1396564298.716651654 156
1396564298.740651577 158
1396564298.766636016 164
1396564298.790666805 151
1396564298.816583733 160
1396564298.840530007 147
1396564298.865551537 158
1396564298.891527841 154
1396564298.915525109 145
1396564298.941388093 159
1396564298.965401153 145
1396564298.990400010 148
1396564299.015397952 147
1396564299.040299586 134
1396564299.066329031 155
1396564299.090212172 141
1396564299.116274158 148
1396564299.140273761 147
1396564299.165154563 147
1396564299.190155151 152
1396564299.215084119 134
1396564299.241878491 149
1396564299.265147948 147
1396564299.290025040 144
1396564299.315021383 149
1396564299.340113228 138
1396564299.365015718 149
1396564299.389921172 144
1396564299.415901014 144
1396564299.440915713 145
1396564299.465913058 132
1396564299.490861109 148
1396564299.515781172 141
1396564299.540793272 141
1396564299.565754465 144
1396564299.590754210 137
1396564299.615720601 150
1396564299.640650432 143
1396564299.665674216 143
1396564299.690571942 144
1396564299.714601863 140
1396564299.740569674 143
1396564299.765686550 143
1396564299.790547607 153
1396564299.815546892 139
1396564299.840410965 136
1396564299.866384805 135
1396564299.890333690 139
1396564299.916374007 140
1396564299.941253790 139
1396564299.966275888 138
1396564299.991250792 135
1396564300.015219486 138
1396564300.041260187 138
1396564300.065127579 138
1396564300.091150559 139
1396564300.116141702 136
1396564300.140143680 139
1396564300.166095346 135
1396564300.189960188 144
1396564300.215998637 140
1396564300.240017764 133
1396564300.265921936 139
1396564300.290831789 132
1396564300.314906939 140
1396564300.340886343 139
1396564300.364891273 124
1396564300.390764394 137
1396564300.414758466 128
1396564300.439769047 140
1396564300.465767929 136
1396564300.489725856 137
1396564300.515650212 144
1396564300.539645150 139
1396564300.565571802 138
1396564300.590641103 162
1396564300.615537284 134
1396564300.641518694 140
1396564300.665536041 133
1396564300.691527883 133
1396564300.715435506 128
1396564300.740414356 130
1396564300.765415806 131
1396564300.790391641 128
1396564300.816373934 133
1396564300.840202446 128
1396564300.865265779 129
1396564300.890316427 129
1396564300.915288929 128
1396564300.940146603 133
1396564300.965075935 128
1396564300.991072260 127
1396564301.016143374 130
1396564301.041138007 127
1396564301.066047903 133
1396564301.091027784 127
1396564301.115961675 129
1396564301.142256178 130
1396564301.165892689 124
1396564301.190902631 130
1396564301.215896167 123
1396564301.240830219 130
1396564301.265912327 131
1396564301.289766158 124
1396564301.315710970 130
1396564301.340755269 126
1396564301.365710838 131
1396564301.390562801 130
1396564301.415633544 128
1396564301.440546045 128
1396564301.464609258 117
1396564301.490523162 130
1396564301.515469705 129
1396564301.541228966 129
1396564301.565507159 129
1396564301.589423263 128
1396564301.615368266 128
1396564301.639388477 129
1396564301.665345302 130
1396564301.690341240 128
1396564301.715264944 128
1396564301.741267379 127
1396564301.765242760 123
1396564301.791210004 123
1396564301.815134081 122
1396564301.841143611 121
1396564301.866145267 120
1396564301.890093913 123
1396564301.916087969 122
1396564301.940074563 122
1396564301.965973264 123
1396564301.989887142 121
1396564302.014884275 124
1396564302.040867104 124
1396564302.064833229 122
1396564302.090887754 122
1396564302.114887634 121
1396564302.140759040 125
1396564302.165771040 121
1396564302.190688266 122
1396564302.216754758 124
1396564302.240754471 121
1396564302.266630128 127
1396564302.290613656 120
1396564302.315566302 122
1396564302.340593711 122
1396564302.365491390 121
1396564302.391507881 131
1396564302.415510686 121
1396564302.440494232 127
1396564302.465439388 118
1396564302.490378717 118
1396564302.515377547 123
1396564302.540364035 112
1396564302.566363533 118
1396564302.590336127 112
1396564302.615246810 112
1396564302.640235180 119
1396564302.665236776 112
1396564302.690239495 120
1396564302.715076892 111
1396564302.741770244 119
1396564302.765108894 115
1396564302.790019948 111
1396564302.815126652 121
1396564302.840147134 111
1396564302.864957484 112
1396564302.891027539 114
1396564302.915995303 112
1396564302.940879562 117
1396564302.965891126 113
1396564302.990826062 113
1396564303.015822024 114
1396564303.039873644 112
1396564303.065748410 114
1396564303.090758309 112
1396564303.115758616 114
1396564303.140764525 114
1396564303.164775119 112
1396564303.190630586 112
1396564303.214586861 112
1396564303.240623742 115
1396564303.265559265 115
1396564303.290488031 113
1396564303.316497366 117
1396564303.340496900 112
1396564303.366506174 120
1396564303.390501349 115
1396564303.416382736 112
1396564303.441387409 112
1396564303.465373661 112
1396564303.491392251 113
1396564303.515232083 115
1396564303.541205337 122
1396564303.565248457 112
1396564303.590248044 112
1396564303.616242982 113
1396564303.640123650 115
1396564303.666126876 115
1396564303.690070040 113
1396564303.716015225 120
1396564303.740125399 113
1396564303.765123977 114
1396564303.790999891 114
1396564303.815079617 113
1396564303.840811484 114
1396564303.864874028 112
1396564303.889861469 116
1396564303.914878714 113
1396564303.939798736 119
1396564303.965757283 114
1396564303.989737232 113
1396564304.015731292 116
1396564304.040689517 112
1396564304.065687380 113
1396564304.090635138 114
1396564304.115623989 118
1396564304.141559532 118
1396564304.165663427 113
1396564304.190516966 114
1396564304.215444386 113
1396564304.240498716 113
1396564304.265491993 116
1396564304.290474850 114
1396564304.315354784 109
1396564304.340304866 107
1396564304.365366768 107
1396564304.390350354 111
1396564304.415241478 108
1396564304.440220923 108
1396564304.466255090 114
1396564304.491179958 107
1396564304.516245387 111
1396564304.541095502 107
1396564304.566127354 109
1396564304.591145968 108
1396564304.615082845 108
1396564304.641097173 110
1396564304.665115625 108
1396564304.691102424 109
1396564304.716012809 108
1396564304.739946111 107
1396564304.765996797 108
1396564304.789879364 107
1396564304.815941261 119
1396564304.839861319 107
1396564304.865872533 106
1396564304.890660532 108
1396564304.914726577 107
1396564304.940687307 109
1396564304.964744273 107
1396564304.990563008 115
1396564305.014574653 108
1396564305.039592846 108
1396564305.065682553 107
1396564305.089482046 107
1396564305.115489698 109
1396564305.139399481 109
1396564305.165494661 107
1396564305.191434232 107
1396564305.215367475 114
1396564305.241313841 108
1396564305.265321002 108
1396564305.291309200 107
1396564305.315358276 108
1396564305.340211989 108
1396564305.366248070 107
1396564305.390226635 108
1396564305.416184737 108
1396564305.440124947 108
1396564305.465138375 107
1396564305.490121391 107
1396564305.515113675 109
1396564305.541043415 108
1396564305.565135057 107
1396564305.591112770 107
1396564305.615993070 113
1396564305.640967127 109
1396564305.665991884 107
1396564305.691234993 107
1396564305.716860637 108
1396564305.740869867 107
1396564305.765874349 111
1396564305.790754062 114
1396564305.815679327 107
1396564305.840740339 109
1396564305.865709481 108
1396564305.889740359 113
1396564305.915735848 108
1396564305.940538144 107
1396564305.965618741 108
1396564305.990569415 108
1396564306.015607474 112
1396564306.040481323 108
1396564306.064455720 107
1396564306.090555328 108
1396564306.115544805 107
1396564306.140498222 107
1396564306.165371039 107
1396564306.189345634 107
1396564306.215304292 108
1396564306.239357034 107
1396564306.265246973 111
1396564306.290234467 105
1396564306.315231906 113
1396564306.341170692 108
1396564306.365205529 108
1396564306.391111164 107
1396564306.415123211 108
1396564306.441108300 107
1396564306.466047712 108
1396564306.490159115 109
1396564306.516102315 107
1396564306.540085637 107
1396564306.565974251 108
1396564306.589850361 107
1396564306.614856956 107
1396564306.640862822 107
1396564306.664837560 108
1396564306.690873224 107
1396564306.714686282 107
1396564306.740660781 107
1396564306.765732045 108
1396564306.790729651 108
1396564306.816732040 108
1396564306.840599372 107
1396564306.866605175 107
1396564306.890617151 115
1396564306.915623531 107
1396564306.940477346 107
1396564306.965455547 108
1396564306.991486786 108
1396564307.015434044 108
1396564307.040357528 107
1396564307.065333541 107
1396564307.090291542 107
1396564307.115376196 115
1396564307.140180065 107
1396564307.166162607 107
1396564307.190226831 107
1396564307.215187838 107
1396564307.240264929 107
1396564307.265117291 107
1396564307.290051237 116
1396564307.315107901 107
1396564307.340107839 108
1396564307.365104849 107
1396564307.390081389 107
1396564307.414922035 106
1396564307.439994146 108
1396564307.464957518 107
1396564307.490867564 108
1396564307.515791956 115
1396564307.540854808 107
1396564307.565804134 107
1396564307.590852281 109
1396564307.615703480 107
1396564307.639710669 109
1396564307.665713408 107
1396564307.690520592 114
1396564307.715604039 110
1396564307.740604297 107
1396564307.764546920 110
1396564307.790604854 107
1396564307.814559490 108
1396564307.840518020 107
1396564307.865495928 114
1396564307.890540299 107
1396564307.916470055 107
1396564307.940428838 107
1396564307.966317454 101
1396564307.990403474 100
1396564308.016326353 103
1396564308.041326174 350
1396564308.064210674 99
1396564308.091169941 100
1396564308.115224655 345
1396564308.141185461 104
1396564308.165181834 346
1396564308.190100696 100
1396564308.216030121 100
1396564308.240096867 344
1396564308.266099016 107
1396564308.290111107 107
1396564308.316028301 107
1396564308.339966973 107
1396564308.364920248 107
1396564308.390949087 117
1396564308.414794184 108
1396564308.440850466 107
1396564308.464849131 107
1396564308.489792621 107
1396564308.514829972 107
1396564308.539717899 107
1396564308.565684664 107
1396564308.589726878 108
1396564308.615696583 111
1396564308.640666216 107
1396564308.665588443 107
1396564308.691927362 107
1396564308.715556994 107
1396564308.741429404 107
1396564308.765412988 107
1396564308.790481946 114
1396564308.815473882 107
1396564308.840474526 107
1396564308.865496201 107
1396564308.890296400 107
1396564308.915348392 107
1396564308.940396338 107
1396564308.965419342 107
1396564308.990347099 107
1396564309.015215300 107
1396564309.040151395 107
1396564309.066222157 107
1396564309.091211283 107
1396564309.116096950 107
1396564309.141096265 107
1396564309.166027115 107
1396564309.191068916 113
1396564309.214921892 107
1396564309.241085972 107
1396564309.265089348 108
1396564309.290964906 107
1396564309.315900082 108
1396564309.339959844 108
1396564309.365840313 113
1396564309.389822572 108
1396564309.415824254 108
1396564309.440791361 107
1396564309.465717758 109
1396564309.490713535 107
1396564309.514720210 108
1396564309.540713098 107
1396564309.564661955 107
1396564309.590583392 107
1396564309.615594613 107
1396564309.639587154 106
1396564309.665588095 109
1396564309.689487722 100
1396564309.715410632 103
1396564309.739464970 335
1396564309.765462877 117
1396564309.791464264 107
1396564309.815337050 107
1396564309.841290103 102
1396564309.865342631 334
1396564309.891335412 103
1396564309.915191891 346
1396564309.940607339 347
1396564309.966201404 101
1396564309.990539407 338
1396564310.016084104 107
1396564310.040084082 108
1396564310.065085562 107
1396564310.090091863 107
1396564310.114985907 113
1396564310.141086306 107
1396564310.165106631 107
1396564310.190960258 107
1396564310.215977313 108
1396564310.240764568 107
1396564310.265845485 101
1396564310.290810583 318
1396564310.316850257 107
1396564310.340727959 107
1396564310.365765923 107
1396564310.390707997 107
1396564310.415708111 107
1396564310.440710754 107
1396564310.465741721 108
1396564310.489556906 107
1396564310.515521639 107
1396564310.540565291 107
1396564310.565579082 107
1396564310.590459242 107
1396564310.615442876 107
1396564310.640415585 107
1396564310.665458781 107
1396564310.690347647 114
1396564310.715349581 107
1396564310.740324860 107
1396564310.765326295 107
1396564310.789333816 107
1396564310.815203154 108
1396564310.840182504 107
1396564310.865207933 116
1396564310.890207336 107
1396564310.915163527 107
1396564310.941083487 107
1396564310.965062308 107
1396564310.991078624 107
1396564311.016070812 107
1396564311.041084629 107
1396564311.065861871 107
1396564311.089978546 107
1396564311.115965896 108
1396564311.139851182 107
1396564311.165849798 107
1396564311.190791422 108
1396564311.214830425 109
1396564311.240722164 107
1396564311.264705711 115
1396564311.290720537 107
1396564311.314654145 107
1396564311.340669108 110
1396564311.366579690 107
1396564311.390598301 108
1396564311.416576028 108
1396564311.440577034 114
1396564311.466524128 111
1396564311.490480856 107
1396564311.515464400 108
1396564311.541466752 107
1396564311.565450563 107
1396564311.591402680 107
1396564311.615323520 114
1396564311.640271885 107
1396564311.665338871 106
1396564311.690267173 108
1396564311.716216113 107
1396564311.740132567 108
1396564311.766202851 107
1396564311.790163119 113
1396564311.815217704 107
1396564311.840192067 107
1396564311.864985796 107
1396564311.890081801 110
1396564311.914965334 107
1396564311.939928231 107
1396564311.965057499 108
1396564311.989950211 107
1396564312.015064185 108
1396564312.039792747 107
1396564312.064800306 107
1396564312.090776320 108
1396564312.115790790 108
1396564312.140745384 108
1396564312.165677201 108
1396564312.190683150 114
1396564312.215638025 108
1396564312.240703033 107
1396564312.265504768 107
1396564312.290623320 107
1396564312.315663697 109
1396564312.340626669 107
1396564312.364581255 114
1396564312.390431333 107
1396564312.414435328 107
1396564312.440458670 107
1396564312.465442034 108
1396564312.490334442 108
1396564312.516349137 107
1396564312.540283945 107
1396564312.566299617 107
1396564312.591319493 109
1396564312.616193540 108
1396564312.641213994 107
1396564312.665163958 107
1396564312.691130034 107
1396564312.715071907 108
1396564312.741053589 108
1396564312.766075170 114
1396564312.790075804 108
1396564312.816018231 107
1396564312.840068985 109
1396564312.866090273 108
1396564312.889961486 107
1396564312.915944724 107
1396564312.940797840 113
1396564312.964758392 110
1396564312.990823134 107
1396564313.014796614 108
1396564313.040712252 108
1396564313.064674113 107
1396564313.089655887 112
1396564313.115675721 107
1396564313.139696177 107
1396564313.165576102 115
1396564313.189574583 107
1396564313.215514743 111
1396564313.240565315 109
1396564313.265526878 107
1396564313.291473181 108
1396564313.315444795 107
1396564313.341469063 111
1396564313.365321613 108
1396564313.390300101 107
1396564313.415314951 107
1396564313.440320866 106
1396564313.466376864 111
1396564313.490136976 107
1396564313.515190698 116
1396564313.540191441 108
1396564313.565195211 109
1396564313.590013405 111
1396564313.615014769 107
1396564313.641071682 109
1396564313.666059161 109
1396564313.691067215 114
1396564313.716132014 110
1396564313.740941401 107
1396564313.765874430 109
1396564313.790940141 107
1396564313.815819981 107
1396564313.840837894 109
1396564313.865801368 113
1396564313.890763695 108
1396564313.915814724 107
1396564313.939686988 107
1396564313.965669693 109
1396564313.990764415 107
1396564314.015690529 108
1396564314.040493175 113
1396564314.065560105 108
1396564314.090566687 109
1396564314.114587578 107
1396564314.140461751 107
1396564314.165391393 108
1396564314.190378745 109
1396564314.215409686 109
1396564314.239432221 108
1396564314.265434381 114
1396564314.289266036 107
1396564314.315298816 114
1396564314.340331968 116
1396564314.365334490 114
1396564314.391209611 108
1396564314.415139516 107
1396564314.441128140 114
1396564314.465100288 109
1396564314.491066616 107
1396564314.516082308 113
1396564314.540058653 112
1396564314.566035940 113
1396564314.590005251 115
1396564314.616057973 115
1396564314.640066295 113
1396564314.664932834 119
1396564314.690937984 113
1396564314.714747331 115
1396564314.740784947 114
1396564314.764737997 113
1396564314.790827646 115
1396564314.815805140 113
1396564314.840643945 124
1396564314.866614536 112
1396564314.890683673 112
1396564314.916694221 118
1396564314.940550611 112
1396564314.965573645 120
1396564314.990504351 112
1396564315.015536676 120
1396564315.041558654 116
1396564315.065390810 111
1396564315.090450486 123
1396564315.115429050 112
1396564315.140813846 114
1396564315.165311104 114
1396564315.190303739 119
1396564315.216311541 119
1396564315.240314395 112
1396564315.265237089 114
1396564315.290177393 113
1396564315.315197654 113
1396564315.340178573 119
1396564315.365169549 116
1396564315.389124278 114
1396564315.415056837 112
1396564315.440050453 113
1396564315.465605296 120
1396564315.490057857 112
1396564315.515088436 114
1396564315.540890293 112
1396564315.565910047 112
1396564315.590929989 128
1396564315.615812770 118
1396564315.640807526 115
1396564315.665734813 112
1396564315.689796451 118
1396564315.715803700 120
1396564315.740675821 117
1396564315.765678518 128
1396564315.790624175 118
1396564315.814656841 118
1396564315.840675747 120
1396564315.864569203 118
1396564315.890553521 120
1396564315.915513932 118
1396564315.940577084 126
1396564315.966430510 119
1396564315.990425311 117
1396564316.016390335 119
1396564316.040410916 119
1396564316.066227119 122
1396564316.091322235 122
1396564316.115306228 128
1396564316.141336079 121
1396564316.165157178 122
1396564316.191131026 123
1396564316.215178198 123
1396564316.240174876 123
1396564316.266017844 121
1396564316.290062430 122
1396564316.316074380 122
1396564316.340301863 130
1396564316.366051515 123
1396564316.390055378 121
1396564316.415050520 122
1396564316.440110496 120
1396564316.464855824 124
1396564316.490976091 123
1396564316.514976435 127
1396564316.539854525 123
1396564316.564825901 125
1396564316.589760326 131
1396564316.614800252 129
1396564316.639687454 129
1396564316.665671602 131
1396564316.690713844 128
1396564316.715682042 130
1396564316.740588031 131
1396564316.765549719 129
1396564316.790545617 134
1396564316.815548950 128
1396564316.840549693 132
1396564316.865490364 128
1396564316.890425596 129
1396564316.915422385 132
1396564316.940442059 128
1396564316.964421225 131
1396564316.990372995 127
1396564317.015281634 128
1396564317.040297256 123
1396564317.065296678 120
1396564317.090294178 137
1396564317.116161450 120
1396564317.140115297 123
1396564317.166147582 130
1396564317.191065772 127
1396564317.216065873 134
1396564317.241045317 125
1396564317.264994871 134
1396564317.291049039 130
1396564317.315045776 127
1396564317.340935415 135
1396564317.365941245 126
1396564317.389923288 131
1396564317.415739464 130
1396564317.439795114 115
1396564317.465853857 132
1396564317.490813427 124
1396564317.515773477 132
1396564317.540690304 130
1396564317.564648407 129
1396564317.590676455 130
1396564317.614647679 112
1396564317.640572839 132
1396564317.665535866 130
1396564317.689464879 130
1396564317.715543872 135
1396564317.739517604 133
1396564317.765398238 135
1396564317.789416924 134
1396564317.815346606 135
1396564317.840413808 132
1396564317.865436868 128
1396564317.891287997 133
1396564317.915286263 135
1396564317.941295122 136
1396564317.965197378 135
1396564317.990292149 134
1396564318.015160331 116
1396564318.040174515 136
1396564318.066164151 135
1396564318.090111380 135
1396564318.115160690 134
1396564318.140033357 133
1396564318.165015352 139
1396564318.190039733 145
1396564318.214988901 139
1396564318.241028547 138
1396564318.265876144 137
1396564318.290912359 140
1396564318.315872939 138
1396564318.340893687 139
1396564318.365719931 141
1396564318.390761612 136
1396564318.415782626 146
1396564318.440790398 141
1396564318.465787923 144
1396564318.490596798 145
1396564318.515660673 141
1396564318.539642446 147
1396564318.565641889 140
1396564318.590466202 152
1396564318.615551847 143
1396564318.640482678 141
1396564318.665531402 150
1396564318.690490704 140
1396564318.714432395 147
1396564318.740354149 140
1396564318.765356467 142
1396564318.790407208 148
1396564318.815300779 129
1396564318.839281985 148
1396564318.865282554 119
1396564318.889220585 143
1396564318.915103039 146
1396564318.940161819 173
1396564318.965157516 148
1396564318.991104081 132
1396564319.015035337 143
1396564319.040973885 145
1396564319.065034865 140
1396564319.090982148 152
1396564319.116011733 179
1396564319.140011228 147
1396564319.166030817 148
1396564319.189893614 143
1396564319.215904358 149
1396564319.239905696 141
1396564319.264775249 152
1396564319.290794963 153
1396564319.314764835 149
1396564319.340789543 152
1396564319.364660430 146
1396564319.390657451 153
1396564319.415633033 153
1396564319.440600776 150
1396564319.466588104 152
1396564319.490524897 148
1396564319.516505756 161
1396564319.540532256 158
1396564319.565532680 155
1396564319.590460977 156
1396564319.615420112 148
1396564319.641369721 158
1396564319.665402318 158
1396564319.690421813 163
1396564319.715224309 157
1396564319.740270073 150
1396564319.765276835 162
1396564319.790285345 163
1396564319.816126896 164
1396564319.840119671 161
1396564319.865108552 166
1396564319.890150945 172
1396564319.915111717 172
1396564319.940005710 172
1396564319.964985784 172
1396564319.989935428 172
1396564320.014987160 172
1396564320.039985172 172
1396564320.064989499 171
1396564320.089993353 179
1396564320.114830184 172
1396564320.140861674 171
1396564320.165777144 173
1396564320.190780683 171
1396564320.215770692 172
1396564320.240794494 173
1396564320.265707326 177
1396564320.289663120 175
1396564320.315652841 173
1396564320.340650322 177
1396564320.365702205 177
1396564320.390470781 177
1396564320.414519135 182
1396564320.440527137 177
1396564320.464529228 178
1396564320.490409273 182
1396564320.515366087 177
1396564320.540792686 188
1396564320.566405857 176
1396564320.590383169 179
1396564320.616267480 176
1396564320.640270119 176
1396564320.666214302 188
1396564320.691868381 174
1396564320.715153764 178
1396564320.741145541 174
1396564320.765142703 175
1396564320.791106661 184
1396564320.815044241 175
1396564320.840003580 193
1396564320.866001476 180
1396564320.890025384 182
1396564320.916025208 188
1396564320.939972449 183
1396564320.966022948 192
1396564320.989899639 182
1396564321.014898844 187
1396564321.040793018 193
1396564321.064700055 188
1396564321.090766214 196
1396564321.114791108 186
1396564321.139793129 194
1396564321.164768821 199
1396564321.189574778 218
1396564321.215643402 199
1396564321.239644633 176
1396564321.265540946 200
1396564321.290554684 203
1396564321.315518278 200
1396564321.340448168 199
1396564321.365520967 191
1396564321.391400714 209
1396564321.415375195 209
1396564321.440396755 206
1396564321.465325033 201
1396564321.490404279 201
1396564321.515256640 208
1396564321.540269070 212
1396564321.565262948 211
1396564321.590264859 223
1396564321.615272165 208
1396564321.640154004 208
1396564321.665138194 222
1396564321.690123208 221
1396564321.716157419 217
1396564321.740950501 214
1396564321.765952852 213
1396564321.791010058 227
1396564321.815991729 230
1396564321.841014743 224
1396564321.864963167 223
1396564321.890964639 234
1396564321.915895670 235
1396564321.940899375 234
1396564321.965789272 234
1396564321.989795235 242
1396564322.015805946 234
1396564322.039777176 242
1396564322.065764637 239
1396564322.090663984 239
1396564322.115572147 242
1396564322.140637432 237
1396564322.164575265 245
1396564322.190640126 237
1396564322.214476419 244
1396564322.240515034 245
1396564322.265444394 241
1396564322.289462074 257
1396564322.316046297 243
1396564322.339395147 249
1396564322.365443591 246
1396564322.389390484 230
1396564322.415608491 264
1396564322.441192137 247
1396564322.465269890 256
1396564322.491284468 235
1396564322.515837908 244
1396564322.541146678 267
1396564322.565085997 262
1396564322.590132104 263
1396564322.616149138 268
1396564322.640140407 253
1396564322.666120245 276
1396564322.690036209 241
1396564322.714941918 274
1396564322.740022228 267
1396564322.765006439 263
1396564322.789977871 280
1396564322.814888251 265
1396564322.840893170 285
1396564322.865890401 285
1396564322.890738927 269
1396564322.915760131 292
1396564322.940756108 285
1396564322.966731477 287
1396564322.990707269 291
1396564323.015634957 296
1396564323.040565135 297
1396564323.065654765 295
1396564323.090517315 297
1396564323.115451746 296
1396564323.140529195 296
1396564323.165502991 303
1396564323.190509087 298
1396564323.215510477 299
1396564323.240522155 296
1396564323.265391619 309
1396564323.290379427 309
1396564323.314383677 294
1396564323.340277755 306
1396564323.365251962 284
1396564323.390203842 311
1396564323.415257545 318
1396564323.439255272 317
1396564323.465148307 302
1396564323.490088869 320
1396564323.515076360 315
1396564323.540112396 328
1396564323.565126534 328
1396564323.591009849 312
1396564323.614985532 316
1396564323.641007089 327
1396564323.665007358 337
1396564323.690990151 334
1396564323.716001041 339
1396564323.740008561 336
1396564323.765883161 340
1396564323.789832032 351
1396564323.815782198 342
1396564323.840720906 354
1396564323.864768708 354
1396564323.890751367 354
1396564323.914723218 358
1396564323.940637543 357
1396564323.964561845 354
1396564323.990625709 356
1396564324.016645146 357
1396564324.040503019 364
1396564324.066438002 355
1396564324.090500585 362
1396564324.116480052 368
1396564324.140504290 356
1396564324.165375635 376
1396564324.191386534 357
1396564324.215373779 372
1396564324.241336798 375
1396564324.265225892 357
1396564324.290275031 399
1396564324.315275532 335
1396564324.340198205 373
1396564324.366129992 363
1396564324.390082550 335
1396564324.416117130 390
1396564324.440076983 298
1396564324.464917946 363
1396564324.489991107 316
1396564324.514993348 298
1396564324.540960157 401
1396564324.565001484 282
1396564324.589986777 401
1396564324.614945824 307
1396564324.639894008 286
1396564324.664874154 404
1396564324.689763360 292
1396564324.715777435 415
1396564324.740707869 384
1396564324.765749341 385
1396564324.790706150 395
1396564324.815560990 378
1396564324.840621860 410
1396564324.865588495 382
1396564324.890638816 394
1396564324.915494651 397
1396564324.940493515 380
1396564324.965501248 399
1396564324.990499469 382
1396564325.014415265 408
1396564325.040361475 409
1396564325.065366418 381
1396564325.090344182 316
1396564325.115345583 382
1396564325.140196513 410
1396564325.166186941 400
1396564325.190252812 388
1396564325.216240918 375
1396564325.241229400 391
1396564325.266096525 398
1396564325.291071859 401
1396564325.315113262 391
1396564325.341011999 372
1396564325.365003133 391
1396564325.390969532 393
1396564325.415997522 403
1396564325.439946716 422
1396564325.465988801 377
1396564325.489940149 395
1396564325.515972034 358
1396564325.539874272 402
1396564325.565801279 412
1396564325.590741783 365
1396564325.614745965 403
1396564325.640690041 361
1396564325.664726192 404
1396564325.690693373 398
1396564325.714607708 377
1396564325.740208680 419
1396564325.765559733 374
1396564325.789652632 426
1396564325.815615561 374
1396564325.839596261 389
1396564325.865491194 433
1396564325.890571353 369
1396564325.915404623 435
1396564325.941314680 373
1396564325.965282226 392
1396564325.991359634 432
1396564326.015368539 383
1396564326.040370217 454
1396564326.065258835 372
1396564326.090267297 395
1396564326.115171824 411
1396564326.140244403 384
1396564326.165123662 474
1396564326.190075041 385
1396564326.215110542 400
1396564326.240050561 395
1396564326.265117125 384
1396564326.290109921 449
1396564326.316007579 381
1396564326.340990756 400
1396564326.365971354 399
1396564326.390922205 383
1396564326.415989547 437
1396564326.440979130 380
1396564326.464860464 406
1396564326.490861516 398
1396564326.515803668 384
1396564326.540754021 412
1396564326.565723027 379
1396564326.589724933 429
1396564326.615759339 398
1396564326.639684890 381
1396564326.665606040 397
1396564326.690569489 374
1396564326.715637896 416
1396564326.740595085 389
1396564326.764488476 392
1396564326.790420998 389
1396564326.814538006 378
1396564326.840491770 398
1396564326.865378094 386
1396564326.889388137 404
1396564326.915304447 385
1396564326.939360065 379
1396564326.965355007 370
1396564326.989233548 387
1396564327.015218476 413
1396564327.041233863 379
1396564327.065219850 380
1396564327.091219704 371
1396564327.115107554 391
1396564327.141129993 402
1396564327.165109736 394
1396564327.190076288 392
1396564327.216096631 378
1396564327.239982066 396
1396564327.265990501 380
1396564327.289989521 395
1396564327.314935687 410
1396564327.340020933 378
1396564327.365084353 403
1396564327.390855615 376
1396564327.414923444 396
1396564327.440921768 416
1396564327.465783529 376
1396564327.490757698 412
1396564327.515733669 345
1396564327.540707698 397
1396564327.566602467 402
1396564327.590553369 372
1396564327.615616844 430
1396564327.640606919 352
1396564327.665608741 397
1396564327.690504014 382
1396564327.715501479 360
1396564327.740488916 445
1396564327.765487756 343
1396564327.790961868 431
1396564327.815414734 359
1396564327.840425473 346
1396564327.865264531 441
1396564327.890359365 343
1396564327.915208615 442
1396564327.940230712 344
1396564327.965225087 395
1396564327.990140062 419
1396564328.015232243 343
1396564328.039128607 438
1396564328.065109809 366
1396564328.090103285 403
1396564328.115039794 400
1396564328.139971902 386
1396564328.164946891 425
1396564328.190979533 382
1396564328.214982376 399
1396564328.240895860 404
1396564328.265911314 385
1396564328.290875187 412
1396564328.315852813 384
1396564328.339834866 406
1396564328.365706068 405
1396564328.389649579 384
1396564328.415702542 391
1396564328.440729459 381
1396564328.464590773 404
1396564328.490619653 396
1396564328.514619413 369
1396564328.540534202 392
1396564328.564601362 332
1396564328.590472950 398
1396564328.616449982 392
1396564328.640478716 373
1396564328.666314659 382
1396564328.690366034 327
1396564328.716330717 387
1396564328.740351017 384
1396564328.765376921 384
1396564328.791268309 370
1396564328.815985254 303
1396564328.841235507 342
1396564328.865152004 376
1396564328.890229625 376
1396564328.915093437 371
1396564328.940052330 370
1396564328.966100041 356
1396564328.990184080 366
1396564329.015974641 365
1396564329.039954104 354
1396564329.064906834 359
1396564329.091532845 343
1396564329.114974412 360
1396564329.140978083 358
1396564329.165125985 355
1396564329.189880529 356
1396564329.214789356 356
1396564329.239858366 355
1396564329.265410942 352
1396564329.289701512 354
1396564329.315663724 355
1396564329.340647935 353
1396564329.365602111 350
1396564329.390590549 345
1396564329.415584366 337
1396564329.440571919 342
1396564329.465594421 334
1396564329.490454021 339
1396564329.515477300 332
1396564329.540468897 330
1396564329.565438434 315
1396564329.590446132 296
1396564329.614297755 330
1396564329.640324614 307
1396564329.665364261 318
1396564329.690328191 297
1396564329.715186681 311
1396564329.740172872 317
1396564329.766160693 302
1396564329.790220762 317
1396564329.816169014 299
1396564329.841118074 302
1396564329.866053795 308
1396564329.891033465 296
1396564329.915070158 307
1396564329.940978658 297
1396564329.964985588 301
1396564329.990976170 303
1396564330.015897466 297
1396564330.039946755 300
1396564330.065971674 295
1396564330.089968986 296
1396564330.115843980 296
1396564330.139839796 302
1396564330.165773849 296
1396564330.190695575 294
1396564330.214701983 288
1396564330.240714796 283
1396564330.264694800 275
1396564330.290666914 276
1396564330.314606534 261
1396564330.339607536 279
1396564330.365611583 274
1396564330.389584005 269
1396564330.415441260 265
1396564330.439395717 266
1396564330.465456562 270
1396564330.490461956 270
1396564330.515478164 267
1396564330.541337167 254
1396564330.565281554 254
1396564330.591344860 259
1396564330.615358082 257
1396564330.640220786 256
1396564330.665242452 255
1396564330.690161919 251
1396564330.716161847 253
1396564330.740213051 256
1396564330.765082440 256
1396564330.790072448 247
1396564330.815092159 247
1396564330.839907481 246
1396564330.864939672 248
1396564330.890964549 246
1396564330.915936595 244
1396564330.940952016 251
1396564330.966047547 237
1396564330.991389329 243
1396564331.015834136 239
1396564331.040838096 238
1396564331.065733354 241
1396564331.090692131 237
1396564331.115639919 242
1396564331.140684846 236
1396564331.165718974 240
1396564331.189584437 235
1396564331.215594294 233
1396564331.239515402 237
1396564331.265587266 234
1396564331.290590525 234
1396564331.315466570 234
1396564331.340468531 239
1396564331.364418763 231
1396564331.390416606 233
1396564331.415345702 220
1396564331.440341053 212
1396564331.465304751 213
1396564331.489311540 223
1396564331.515167437 266
1396564331.539234769 212
1396564331.565227903 213
1396564331.589224799 207
1396564331.615210565 214
1396564331.641158475 198
1396564331.665105971 209
1396564331.691082029 235
1396564331.715084265 200
1396564331.741105122 208
1396564331.765079051 196
1396564331.790081328 205
1396564331.815965950 195
1396564331.839932346 200
1396564331.866013779 200
1396564331.890014525 195
1396564331.914925213 200
1396564331.940008791 193
1396564331.964902426 197
1396564331.990893212 195
1396564332.014728978 189
1396564332.040874007 204
1396564332.065691440 187
1396564332.090729353 192
1396564332.115681902 194
1396564332.140576633 190
1396564332.166592071 193
1396564332.190542394 188
1396564332.215650604 189
1396564332.240473474 188
1396564332.265472965 184
1396564332.290471498 185
1396564332.315388765 182
1396564332.340332324 187
1396564332.365342144 185
1396564332.390273546 183
1396564332.415343229 182
1396564332.440334440 183
1396564332.465140589 177
1396564332.490210311 180
1396564332.515202035 178
1396564332.540149915 176
1396564332.565080204 177
1396564332.590025940 175
1396564332.615052154 179
1396564332.639075702 178
1396564332.665055857 178
1396564332.689947902 177
1396564332.714952193 176
1396564332.739881656 175
1396564332.764950625 172
1396564332.790885345 171
1396564332.815829036 172
1396564332.840787337 178
1396564332.865762779 175
1396564332.890690733 171
1396564332.915720547 172
1396564332.939701280 172
1396564332.965675139 172
1396564332.989472752 174
1396564333.015583811 172
1396564333.040588864 172
1396564333.064575639 171
1396564333.090535662 173
1396564333.114431693 172
1396564333.140394521 171
1396564333.165472957 171
1396564333.190445712 172
1396564333.216450561 171
1396564333.240303581 175
1396564333.266328382 146
1396564333.290338324 161
1396564333.316344843 162
1396564333.341207969 151
1396564333.365250993 164
1396564333.391202574 147
1396564333.415145039 156
1396564333.441090728 153
1396564333.465095734 146
1396564333.490048393 159
1396564333.516052575 144
1396564333.540016393 159
1396564333.565930631 152
1396564333.589950474 140
1396564333.615945388 156
1396564333.639950845 142
1396564333.664952399 155
1396564333.689950722 149
1396564333.714819200 152
1396564333.740809096 153
1396564333.764785229 184
1396564333.789694174 154
1396564333.814643014 148
1396564333.839695306 152
1396564333.864741882 148
1396564333.889748524 146
1396564333.915570564 148
1396564333.940542591 147
1396564333.965648914 147
1396564333.990543440 147
1396564334.015519166 146
1396564334.040467822 147
1396564334.065458844 146
1396564334.090441034 149
1396564334.115463521 149
1396564334.140321084 146
1396564334.165314150 169
1396564334.190324013 146
1396564334.214273364 144
1396564334.240209327 145
1396564334.265313138 144
1396564334.290217844 143
1396564334.315045044 143
1396564334.340012358 149
1396564334.366083073 144
1396564334.391044253 144
1396564334.416047882 143
1396564334.441068166 144
1396564334.465873086 143
1396564334.490891020 144
1396564334.514943081 154
1396564334.540934525 137
1396564334.564941050 140
1396564334.590838075 136
1396564334.615886604 138
1396564334.639779957 139
1396564334.665828013 136
1396564334.689719780 139
1396564334.715640707 131
1396564334.739618914 146
1396564334.765688145 138
1396564334.790673587 132
1396564334.814553912 140
1396564334.840551320 117
1396564334.864522914 141
1396564334.890509904 122
1396564334.914572460 121
1396564334.939432979 141
1396564334.965477153 132
1396564334.989441169 140
1396564335.015534913 130
1396564335.039409784 135
1396564335.065289185 137
1396564335.090317362 116
1396564335.115315454 141
1396564335.141319157 124
1396564335.165184839 130
1396564335.191185961 131
1396564335.215186029 128
1396564335.240158615 138
1396564335.265062959 109
1396564335.290007802 130
1396564335.316061110 130
1396564335.340060642 129
1396564335.365037205 136
1396564335.389941319 128
1396564335.414894507 130
1396564335.439914713 129
1396564335.464936924 129
1396564335.490935826 132
1396564335.515956283 128
1396564335.540831254 131
1396564335.565742007 130
1396564335.590807002 129
1396564335.615811730 139
1396564335.640664122 128
1396564335.665682375 131
1396564335.690628914 131
1396564335.715620628 129
1396564335.740578217 130
1396564335.765578263 128
1396564335.789555094 130
1396564335.815601749 129
1396564335.840362376 129
1396564335.865443440 131
1396564335.890434835 128
1396564335.915389828 130
1396564335.940311454 130
1396564335.964267636 133
1396564335.990305627 129
1396564336.015232593 132
1396564336.040288922 128
1396564336.065122225 129
1396564336.089108287 130
1396564336.115137778 129
1396564336.139168135 129
1396564336.165018389 128
1396564336.190022657 130
1396564336.215009829 129
1396564336.241005992 128
1396564336.264937459 129
1396564336.290947629 128
1396564336.315021375 129
1396564336.340983468 128
1396564336.365902192 122
1396564336.389911268 124
1396564336.415880769 123
1396564336.439858247 130
1396564336.465801833 125
1396564336.489769312 130
1396564336.514738224 129
1396564336.540739840 128
1396564336.564674627 130
1396564336.590703520 110
1396564336.614727499 129
1396564336.640518355 129
1396564336.665542140 120
1396564336.690530941 127
1396564336.716662683 120
1396564336.740428305 122
1396564336.766378397 122
1396564336.790403029 121
1396564336.815386874 129
1396564336.840267596 120
1396564336.865256136 121
1396564336.891324184 118
1396564336.915279320 119
1396564336.940263156 122
1396564336.965152463 118
1396564336.990157559 118
1396564337.015140491 112
1396564337.040102574 112
1396564337.066076152 116
1396564337.090009423 112
1396564337.115051712 133
1396564337.140029473 112
1396564337.164966975 112
1396564337.189916449 114
1396564337.214874393 112
1396564337.239947004 125
1396564337.264946074 117
1396564337.289928089 121
1396564337.314854109 119
1396564337.339791644 118
1396564337.364800333 121
1396564337.390614957 117
1396564337.415636814 120
1396564337.440622858 120
1396564337.465616966 119
1396564337.490614907 114
1396564337.515564244 116
1396564337.539567546 117
1396564337.565553297 114
1396564337.590478152 113
1396564337.615548580 113
1396564337.640418260 112
1396564337.664439282 114
1396564337.690403645 114
1396564337.714379067 113
1396564337.740419519 112
1396564337.765270035 113
1396564337.790317884 113
1396564337.816298615 115
1396564337.840298785 115
1396564337.866095116 113
1396564337.890171805 113
1396564337.916175458 116
1396564337.941154956 115
1396564337.965059778 114
1396564337.990986915 113
1396564338.015044167 113
1396564338.041019204 113
1396564338.065065875 116
1396564338.090071241 119
1396564338.115941751 112
1396564338.139922367 113
1396564338.165904952 113
1396564338.189903584 115
1396564338.215921867 113
1396564338.239922807 113
1396564338.264738842 123
1396564338.290797655 113
1396564338.314669138 114
1396564338.340647412 112
1396564338.364670031 112
1396564338.389594412 115
1396564338.414629162 111
1396564338.439538147 117
1396564338.465554023 112
1396564338.489540434 119
1396564338.515499186 113
1396564338.540501821 112
1396564338.565396599 118
1396564338.590409810 113
