1396563697.964925190 625.821
1396563697.979298473 477.01
1396563697.994758336 477.01
1396563698.006071259 477.01
1396563698.027244276 477.01
1396563698.041175797 477.01
1396563698.053858966 477.01
1396563698.068054324 477.01
1396563698.082051998 477.01
1396563698.097364548 477.01
1396563698.110306964 477.009
1396563698.123373207 477.01
1396563698.145376723 477.01
1396563698.157906950 477.01
1396563698.171389186 477.01
1396563698.185744324 477.01
1396563698.199707890 477.01
1396563698.212853801 477.01
1396563698.225802323 477.01
1396563698.240373857 477.01
1396563698.253171081 477.01
1396563698.274552939 477.01
1396563698.290122628 477.01
1396563698.305063640 477.01
1396563698.318131276 477.01
1396563698.331368106 477.01
1396563698.345320082 477.01
1396563698.358056729 477.01
1396563698.371300650 477.01
1396563698.385798307 477.01
1396563698.406945494 477.01
1396563698.420429276 477.01
1396563698.434806742 477.01
1396563698.448955143 477.01
1396563698.461375391 477.009
1396563698.474788069 477.01
1396563698.489224732 477.01
1396563698.504669405 477.01
1396563698.517409765 477.01
1396563698.539072046 477.009
1396563698.552840934 477.01
1396563698.565331698 477.01
1396563698.579496463 477.01
1396563698.593118104 477.01
1396563698.609288243 477.01
1396563698.621538312 477.01
1396563698.635364099 477.01
1396563698.657161135 477.01
1396563698.669242835 477.01
1396563698.683494314 477.01
1396563698.697242005 477.01
1396563698.711937875 477.01
1396563698.725184140 477.01
1396563698.739000140 477.01
1396563698.752865616 477.01
1396563698.765373485 477.01
1396563698.786497657 477.01
1396563698.800764796 477.01
1396563698.813986255 477.01
1396563698.827634097 477.01
1396563698.841289785 477.009
1396563698.855191619 477.009
1396563698.868137804 477.01
1396563698.883232993 477.01
1396563698.897114870 477.01
1396563698.917893399 477.01
1396563698.931233290 477.01
1396563698.945265974 477.01
1396563698.957868734 477.01
1396563698.971754775 477.01
1396563698.986618345 477.01
1396563699.001124011 477.01
1396563699.013994148 477.01
1396563699.027490693 477.01
1396563699.048865574 477.01
1396563699.061368353 477.01
1396563699.075614723 477.01
1396563699.089761049 477.01
1396563699.104911796 477.01
1396563699.117358982 477.01
1396563699.131717197 477.01
1396563699.145236988 477.01
1396563699.157844735 477.01
1396563699.180028918 477.009
1396563699.193963091 477.01
1396563699.209457482 477.01
1396563699.223884599 477.01
1396563699.236947211 477.01
1396563699.249961863 477.009
1396563699.264908060 477.01
1396563699.277506564 477.01
1396563699.298244217 477.01
1396563699.312382711 477.01
1396563699.325958433 477.01
1396563699.339777103 477.01
1396563699.353707942 477.01
1396563699.366425800 477.01
1396563699.380702413 477.01
1396563699.394891694 477.01
1396563699.409161377 477.01
1396563699.432621396 477.01
1396563699.445812069 477.01
1396563699.459329984 477.01
1396563699.472978436 477.01
1396563699.488039823 477.01
1396563699.501575559 477.01
1396563699.515517806 477.01
1396563699.530860064 477.01
1396563699.544052306 477.01
1396563699.563540094 477.01
1396563699.577763876 477.01
1396563699.590352470 477.01
1396563699.603785971 477.01
1396563699.617456286 477.01
1396563699.633270956 477.01
1396563699.645744794 477.01
1396563699.659122401 477.01
1396563699.680857226 477.01
1396563699.693442703 477.01
1396563699.707353528 477.01
1396563699.720857444 477.01
1396563699.735623177 477.01
1396563699.749111727 477.01
1396563699.761975285 477.01
1396563699.776482120 477.01
1396563699.789846105 477.01
1396563699.810229101 477.01
1396563699.824045798 477.009
1396563699.837999395 477.01
1396563699.851182462 477.01
1396563699.865292301 477.01
1396563699.880787114 477.01
1396563699.893308873 477.01
1396563699.906817878 477.01
1396563699.920761334 477.01
1396563699.940681567 477.01
1396563699.953817388 477.009
1396563699.968913316 477.01
1396563699.981894996 477.01
1396563699.995625777 477.009
1396563700.008904734 477.01
1396563700.022042895 477.01
1396563700.035682607 477.01
1396563700.049288930 477.01
1396563700.070017764 477.01
1396563700.083338203 477.01
1396563700.097682613 477.01
1396563700.112881339 477.01
1396563700.125680848 477.01
1396563700.139782540 477.01
1396563700.154418039 477.009
1396563700.168409295 477.009
1396563700.181538798 477.01
1396563700.203043586 477.01
1396563700.217033206 477.01
1396563700.229412652 477.009
1396563700.242662173 477.01
1396563700.256788975 477.01
1396563700.269801537 477.01
1396563700.283797531 477.01
1396563700.298778337 477.01
1396563700.321285139 477.01
1396563700.335041870 477.01
1396563700.348036460 477.01
1396563700.361162795 477.009
1396563700.373914376 477.01
1396563700.387659419 477.01
1396563700.401679908 477.01
1396563700.415029023 477.01
1396563700.429154426 477.01
1396563700.450496527 477.01
1396563700.464409992 477.01
1396563700.478161834 477.01
1396563700.491035322 477.01
1396563700.504904037 477.01
1396563700.517290575 477.01
1396563700.531764807 477.01
1396563700.545525090 477.01
1396563700.558528045 477.01
1396563700.579045953 477.01
1396563700.593783121 477.01
1396563700.611910782 477.01
1396563700.629172157 477.01
1396563700.646048249 477.01
1396563700.664733334 477.01
1396563700.682306155 477.01
1396563700.706305753 477.01
1396563700.723952512 477.01
1396563700.741834268 477.01
1396563700.761913962 477.01
1396563700.779157047 477.01
1396563700.797033655 477.01
1396563700.813394929 477.01
1396563700.836174781 477.01
1396563700.852778023 477.01
1396563700.870088868 477.01
1396563700.889439891 477.01
1396563700.907384591 477.01
1396563700.924826687 477.01
1396563700.941266561 477.01
1396563700.964600288 477.01
1396563700.981372030 477.01
1396563701.000366328 477.01
1396563701.018390138 477.01
1396563701.037355500 477.01
1396563701.055972993 477.01
1396563701.073404799 477.01
1396563701.099551208 477.01
1396563701.117829195 477.01
1396563701.136227454 477.01
1396563701.153331867 477.01
1396563701.170957055 477.01
1396563701.192875842 477.01
1396563701.217365096 477.01
1396563701.235165758 477.01
1396563701.252522711 477.01
1396563701.271668512 477.01
1396563701.288261787 477.01
1396563701.306833418 700.378
1396563701.325196289 700.393
1396563701.348501297 700.41
1396563701.366438714 700.417
1396563701.384585258 700.421
1396563701.403319784 700.422
1396563701.420710336 700.419
1396563701.439939815 700.413
1396563701.456705177 700.403
1396563701.481717159 700.383
1396563701.499038884 700.356
1396563701.515974557 700.335
1396563701.534999314 700.31
1396563701.552968723 700.282
1396563701.570222423 700.235
1396563701.588065173 700.199
1396563701.613289907 700.14
1396563701.630007183 700.097
1396563701.646956110 700.051
1396563701.664097451 700.001
1396563701.681737838 699.949
1396563701.700483314 699.865
1396563701.715784962 699.805
1396563701.741406521 699.709
1396563701.758564407 699.642
1396563701.775447029 699.571
1396563701.795583108 699.459
1396563701.813327047 699.381
1396563701.832083585 699.299
1396563701.856082474 699.215
1396563701.873580566 699.082
1396563701.891866359 698.943
1396563701.910190279 698.847
1396563701.926416548 698.747
1396563701.944755475 698.644
1396563701.961315004 698.538
1396563701.988531666 698.318
1396563702.004247772 698.203
1396563702.022727569 698.085
1396563702.040405467 697.964
1396563702.057119426 697.839
1396563702.075244637 697.648
1396563702.093015048 697.516
1396563702.116343578 697.313
1396563702.134629100 697.174
1396563702.151627032 697.031
1396563702.796704741 688.74
1396563702.813879611 688.474
1396563702.831878970 688.204
1396563702.848614232 687.932
1396563702.865840383 687.518
1396563703.099692401 683.175
1396563703.120096655 682.853
1396563703.145766993 682.365
1396563703.163061372 681.87
1396563703.180069221 681.537
1396563703.197082170 681.2
1396563703.214472654 680.861
1396563703.241040185 680.519
1396563703.277405967 679.651
1396563703.293307179 679.122
1396563703.309834327 678.766
1396563703.325259252 678.406
1396563703.346462259 678.044
1396563703.369509368 677.496
1396563703.395622117 676.755
1396563703.413356955 676.38
1396563703.431247756 676.002
1396563703.448204117 675.622
1396563703.464631824 675.238
1396563703.481681048 674.852
1396563703.499101640 674.268
1396563703.524645277 673.677
1396563703.542410918 673.28
1396563703.558947369 672.88
1396563703.575200106 672.477
1396563703.595630671 672.072
1396563703.618993017 671.252
1396563703.636236429 670.838
1396563703.661244568 670.212
1396563703.679387136 669.791
1396563703.695922380 669.367
1396563703.722927400 668.512
1396563703.741428942 668.08
1396563703.757868555 667.645
1396563703.781311834 666.988
1396563703.798358081 666.547
1396563703.815725033 666.103
1396563703.833762774 665.656
1396563703.850806406 664.981
1396563703.868734230 664.527
1396563703.886005950 664.071
1396563703.909883287 663.381
1396563703.927306827 662.918
1396563703.945377357 662.453
1396563703.962774432 661.749
1396563703.980804811 661.277
1396563703.999570054 660.801
1396563704.016052830 660.324
1396563704.038530537 659.602
1396563704.055626923 659.118
1396563704.072110246 658.631
1396563704.088785603 658.141
1396563704.106508197 657.649
1396563704.124877010 656.905
1396563704.144810917 656.407
1396563704.169442447 655.653
1396563704.187485326 654.894
1396563704.205181451 654.385
1396563704.223367982 653.873
1396563704.241410267 653.359
1396563704.258980386 652.582
1396563704.275547110 652.061
1396563704.301759476 651.275
1396563704.319303450 650.747
1396563704.336988266 650.218
1396563704.354230687 649.418
1396563704.371501918 648.882
1396563704.389322475 648.343
1396563704.407728171 647.801
1396563704.431498675 646.985
1396563704.448299470 646.437
1396563704.465174091 645.887
1396563704.481694448 645.334
1396563704.499483761 644.5
1396563704.517172211 643.941
1396563704.544074705 643.38
1396563704.561594845 642.533
1396563704.579478926 641.681
1396563704.596948048 641.109
1396563704.613244757 640.535
1396563704.631153938 639.959
1396563704.650804557 639.38
1396563704.675234267 638.216
1396563704.692674470 637.63
1396563704.710252962 637.041
1396563704.727352347 636.45
1396563704.744811851 635.857
1396563704.761124765 635.261
1396563704.779381536 634.363
1396563704.804632627 633.46
1396563704.821990250 632.855
1396563704.840602192 632.247
1396563704.859244777 631.331
1396563704.876719562 630.718
1396563704.894959253 630.102
1396563704.911980149 629.483
1396563704.937336700 628.552
1396563704.955104103 627.615
1396563704.971357543 626.987
1396563704.989453574 626.357
1396563705.007644854 625.725
1396563705.025422286 625.09
1396563705.043354767 624.134
1396563705.068547054 623.173
1396563705.085499660 622.529
1396563705.102993345 621.883
1396563705.121800116 621.235
1396563705.139873194 620.259
1396563705.157227068 619.605
1396563705.173979330 618.949
1396563705.197873498 617.96
1396563705.215808184 617.299
1396563705.232974256 616.635
1396563705.250978200 615.635
1396563705.269171947 614.966
1396563705.287128825 614.294
1396563705.303549866 613.62
1396563705.325999041 612.605
1396563705.346111556 611.926
1396563705.363747078 610.903
1396563705.381687572 610.218
1396563705.399321319 609.531
1396563705.416269871 608.841
1396563705.441252784 608.15
1396563705.459171288 606.761
1396563705.475352518 606.063
1396563705.493275293 605.363
1396563705.512110128 604.66
1396563705.529495032 603.956
1396563705.547121465 602.896
1396563705.572783978 601.83
1396563705.589243311 601.118
1396563705.609368497 600.403
1396563705.626751383 599.327
1396563705.645184903 598.607
1396563705.662350597 597.884
1396563705.679751349 597.16
1396563705.701681511 596.07
1396563705.718227301 595.341
1396563705.737423865 594.61
1396563705.754850541 593.509
1396563705.771853936 592.773
1396563705.790355217 592.035
1396563705.807871268 591.295
1396563705.831377753 590.18
1396563705.848746055 589.435
1396563705.865348625 588.688
1396563705.884319008 587.564
1396563705.904060080 586.812
1396563705.920549771 586.058
1396563705.938773894 584.924
1396563705.963333097 583.785
1396563705.982247167 583.024
1396563705.998392086 582.26
1396563706.015651055 581.495
1396563706.032611976 580.728
1396563706.048976640 579.959
1396563706.067093888 578.802
1396563706.091862384 577.641
1396563706.109596015 576.865
1396563706.126234292 576.087
1396563706.144738960 575.307
1396563706.162915776 574.134
1396563706.180741297 573.349
1396563706.197981314 572.563
1396563706.223577758 571.381
1396563706.241489030 570.59
1396563706.259973794 569.401
1396563706.277604537 568.606
1396563706.296061816 567.81
1396563706.312591508 567.011
1396563706.337263501 566.211
1396563706.355034810 564.606
1396563706.373422052 563.801
1396563706.391919641 562.995
1396563706.408621108 562.187
1396563706.425597809 561.377
1396563706.442831926 560.16
1396563706.468062030 558.94
1396563706.485350181 558.124
1396563706.504743197 557.308
1396563706.522789922 556.08
1396563706.540647628 555.26
1396563706.557807213 554.439
1396563706.576774931 553.617
1396563706.601010774 552.382
1396563706.619040328 551.144
1396563706.635506406 550.318
1396563706.653545434 549.49
1396563706.669214993 548.662
1396563706.687977818 547.833
1396563706.704619408 547.003
1396563706.729337199 545.756
1396563706.747019301 544.508
1396563706.763734384 543.675
1396563706.781245669 542.841
1396563706.797846104 542.007
1396563706.816218163 541.172
1396563706.833803527 540.336
1396563706.857368965 539.082
1396563706.874924020 537.826
1396563706.892784584 536.989
1396563706.912601753 536.151
1396563706.929192502 535.313
1396563706.947257072 534.056
1396563706.965293624 533.217
1396563706.989661413 531.958
1396563707.008584042 531.119
1396563707.025327850 530.28
1396563707.043314562 529.021
1396563707.061099425 528.182
1396563707.079453088 527.343
1396563707.103868776 526.503
1396563707.120842389 525.245
1396563707.139427787 523.986
1396563707.155992688 523.148
1396563707.172974326 522.31
1396563707.191340418 521.472
1396563707.208594855 520.634
1396563707.241490889 518.96
1396563707.260045374 517.705
1396563707.276843277 516.87
1396563707.295166982 516.035
1396563707.313525618 515.2
1396563707.329359446 514.366
1396563707.347590203 513.117
1396563707.373801030 511.869
1396563707.395871634 511.038
1396563707.423114496 509.378
1396563707.440187840 508.55
1396563707.457164603 507.722
1396563707.475339078 506.483
1396563707.501344764 505.245
1396563707.518468899 504.422
1396563707.536796390 503.6
1396563707.554621906 502.368
1396563707.572164633 501.549
1396563707.592357010 500.731
1396563707.620594562 499.098
1396563707.644507940 497.877
1396563707.662281291 497.065
1396563707.681110165 496.255
1396563707.913189208 484.687
1396563707.933756798 483.513
1396563707.952243367 482.733
1396563707.970781961 481.566
1396563707.989377827 480.791
1396563708.014853318 479.633
1396563708.032782965 478.863
1396563708.050733307 477.713
1396563708.068709206 476.949
1396563708.088971044 476.187
1396563708.106924024 475.048
1396563708.133008769 473.914
1396563708.151534037 473.16
1396563708.169587174 472.409
1396563708.188163570 471.287
1396563708.207228883 470.541
1396563708.224224512 469.798
1396563708.241883977 468.688
1396563708.265800522 467.95
1396563708.283732157 466.849
1396563708.301484628 466.117
1396563708.320355778 465.388
1396563708.339192591 464.299
1396563708.357339653 463.576
1396563708.384262394 462.855
1396563708.403495026 461.421
1396563708.420893993 460.707
1396563708.440101818 459.996
1396563708.456439131 459.288
1396563708.474980864 458.23
1396563708.493169866 457.527
1396563708.518417243 456.478
1396563708.536978701 455.782
1396563708.555421772 454.742
1396563708.572206207 454.052
1396563708.590532759 453.364
1396563708.609207334 452.679
1396563708.627206877 451.656
1396563708.651978799 450.638
1396563708.669387120 449.963
1396563708.688403394 449.291
1396563708.707521456 448.286
1396563708.724855732 447.62
1396563708.748087851 446.626
1396563708.779597930 445.308
1396563708.798248537 444.654
1396563708.816727939 444.001
1396563708.834534209 443.028
1396563708.851611781 442.382
1396563708.869702736 441.739
1396563708.896701255 441.098
1396563708.915151165 439.825
1396563708.933961375 439.192
1396563708.952707505 438.562
1396563708.970579632 437.622
1396563708.989183391 436.998
1396563709.008377179 436.377
1396563709.033707706 435.451
1396563709.051401912 434.53
1396563709.068901335 433.92
1396563709.088268616 433.312
1396563709.106790547 432.405
1396563709.124902079 431.803
1396563709.152101502 431.204
1396563709.367010969 430.014
1396563709.393229540 422.255
1396563709.419862313 421.143
1396563709.437525389 420.591
1396563709.455710841 420.04
1396563709.472843491 419.491
1396563709.491526584 418.672
1396563709.510422760 418.129
1396563709.536355972 417.587
1396563709.554700226 416.508
1396563709.573223356 415.972
1396563709.592376807 415.437
1396563709.611896020 414.637
1396563709.629267230 414.106
1396563709.648212671 413.576
1396563709.673256732 412.784
1396563709.692187955 411.995
1396563709.711077244 411.471
1396563709.729203219 410.948
1396563709.963918484 403.204
1396563709.982330564 402.693
1396563710.000397749 402.181
1396563710.018895892 401.415
1396563710.036735167 400.904
1396563710.061677213 400.138
1396563710.081281679 399.627
1396563710.099194682 398.861
1396563710.117188130 398.35
1396563710.135340903 397.838
1396563710.153538197 397.327
1396563710.180585160 396.303
1396563710.198329487 395.791
1396563710.216270488 395.278
1396563710.234077302 394.764
1396563710.251332110 393.993
1396563710.269344634 393.478
1396563710.289340794 392.963
1396563710.313720304 392.188
1396563710.332699883 391.412
1396563710.349698344 390.893
1396563710.368041683 390.373
1396563710.387256469 389.591
1396563710.407178828 389.069
1396563710.424104278 388.545
1396563710.449407092 387.758
1396563710.467329496 386.967
1396563710.485337257 386.439
1396563710.505192252 385.909
1396563710.523409899 385.111
1396563710.540948638 384.577
1396563710.566495023 383.773
1396563710.584553264 383.235
1396563710.602945089 382.425
1396563710.620510816 381.883
1396563710.638310722 381.339
1396563710.656078035 380.792
1396563710.674395729 379.97
1396563710.699840958 379.142
1396563710.719225147 378.588
1396563710.738914670 377.752
1396563710.756835025 377.192
1396563710.773850993 376.63
1396563710.795020060 376.065
1396563710.819588552 374.929
1396563710.837329832 374.357
1396563710.856565248 373.783
1396563710.875319034 372.916
1396563710.893497846 372.335
1396563710.912255665 371.751
1396563710.930961985 370.87
1396563710.956212744 369.983
1396563710.975330524 369.389
1396563710.994586406 368.492
1396563711.013845494 367.891
1396563711.029094516 367.287
1396563711.048320539 366.681
1396563711.074697575 365.46
1396563711.092948769 364.846
1396563711.112476620 364.229
1396563711.130817669 363.299
1396563711.148946987 362.675
1396563711.167010055 362.049
1396563711.185068792 361.421
1396563711.209208983 360.472
1396563711.227755691 359.519
1396563711.246517161 358.879
1396563711.264385943 358.237
1396563711.281821531 357.593
1396563711.300132670 356.622
1396563711.317767484 355.97
1396563711.345381502 354.989
1396563711.363387365 354.002
1396563711.382028192 353.341
1396563711.399630454 352.677
1396563711.416850196 352.011
1396563711.435208761 351.006
1396563711.459832475 349.996
1396563711.477586856 349.32
1396563711.496937498 348.641
1396563711.515808972 347.617
1396563711.533774271 346.932
1396563711.551256753 346.244
1396563711.569295435 345.553
1396563711.593138249 344.513
1396563711.611710541 343.467
1396563711.629512392 342.767
1396563711.648249841 342.064
1396563711.666734900 341.005
1396563711.684806395 340.296
1396563711.712224084 339.584
1396563711.730437514 338.513
1396563711.748799417 337.435
1396563711.766342596 336.714
1396563711.784032827 335.99
1396563711.802708639 335.264
1396563711.819726542 334.171
1396563711.845821382 333.072
1396563711.864558285 332.336
1396563711.881952375 331.598
1396563711.900460598 330.487
1396563711.917333997 329.743
1396563711.936115022 328.997
1396563711.954933148 327.873
1396563711.979705998 326.744
1396563711.998255023 325.989
1396563712.016098146 325.232
1396563712.035770710 324.092
1396563712.053589741 323.329
1396563712.072218535 322.564
1396563712.099239348 321.028
1396563712.117492564 320.257
1396563712.136824205 319.483
1396563712.155686741 318.319
1396563712.173311126 317.54
1396563712.192699921 316.759
1396563712.210773145 315.584
1396563712.236577521 314.405
1396563712.253578688 313.616
1396563712.271260595 312.825
1396563712.290927584 311.635
1396563712.308186160 310.839
1396563712.325557675 310.042
1396563712.343257774 309.243
1396563712.366205583 308.041
1396563712.383212570 307.237
1396563712.400952363 306.432
1396563712.419391475 305.222
1396563712.436625655 304.412
1396563712.454144870 303.602
1396563712.471336241 302.79
1396563712.496689358 301.569
1396563712.515154171 300.345
1396563712.531307682 299.527
1396563712.549142631 298.708
1396563712.566203624 297.888
1396563712.585858405 297.067
1396563712.617327710 295.421
1396563712.638202612 294.183
1396563712.948657039 293.357
1396563712.977433325 276.668
1396563713.001702521 275.409
1396563713.018932134 274.149
1396563713.035824959 273.309
1396563713.053309537 272.468
1396563713.070160610 271.628
1396563713.088014330 270.788
1396563713.105052828 269.948
1396563713.129382260 268.687
1396563713.147064218 267.427
1396563713.165002938 266.587
1396563713.182185841 265.748
1396563713.200800993 264.909
1396563713.218934068 263.65
1396563713.236825061 262.811
1396563713.260950600 261.554
1396563713.279206018 260.717
1396563713.297601084 259.879
1396563713.315370491 258.625
1396563713.333077027 257.789
1396563713.350257029 256.954
1396563713.367200266 256.119
1396563713.391125947 254.869
1396563713.408750271 254.036
1396563713.425303937 253.204
1396563713.443304608 251.957
1396563713.461094052 251.128
1396563713.478863049 250.299
1396563713.505139365 249.471
1396563713.522886734 247.817
1396563713.540885047 246.992
1396563713.559825815 246.168
1396563713.575280724 245.346
1396563713.593817288 244.524
1396563713.611323214 243.294
1396563713.636944815 242.067
1396563713.655268372 241.25
1396563713.672371408 240.435
1396563713.688925552 239.621
1396563713.707082793 238.403
1396563713.724766962 237.593
1396563713.742202003 236.785
1396563713.766847411 235.575
1396563713.783176313 234.77
1396563713.801314614 233.967
1396563713.818953289 232.766
1396563713.837477118 231.967
1396563713.854325022 231.17
1396563713.871397894 230.375
1396563713.894805736 229.186
1396563713.912208255 228.395
1396563713.929244397 227.606
1396563713.947045368 226.425
1396563713.964600402 225.641
1396563714.199370557 214.47
1396563714.216131698 213.714
1396563714.235151609 212.961
1396563714.252651965 211.833
1396563714.276813391 210.711
1396563714.294804815 209.965
1396563714.313300877 209.221
1396563714.330872335 208.108
1396563714.348570920 207.369
1396563714.373269800 206.632
1396563714.400323482 205.53
1396563714.426808136 203.704
1396563714.444422673 202.977
1396563714.462207191 202.252
1396563714.479164828 201.529
1396563714.503846893 200.449
1396563714.529167696 199.731
1396563714.547064070 198.302
1396563714.563543829 197.591
1396563714.581045247 196.882
1396563714.600439799 196.175
1396563714.618357025 195.47
1396563714.635879701 194.416
1396563714.660325943 193.368
1396563714.678966268 192.671
1396563714.697491375 191.977
1396563714.715792060 190.94
1396563714.733569412 190.251
1396563714.749643782 189.565
1396563714.767206740 188.88
1396563714.790253789 187.858
1396563714.809490481 187.179
1396563714.826689804 186.165
1396563714.844913416 185.492
1396563714.861999908 184.821
1396563714.880014313 184.152
1396563714.897363340 183.486
1396563714.921347099 182.49
1396563714.939216849 181.5
1396563714.955813461 180.842
1396563714.972871426 180.187
1396563714.991332374 179.534
1396563715.010172558 178.883
1396563715.027269113 177.911
1396563715.053556739 176.944
1396563715.069550745 176.302
1396563715.088971190 175.662
1396563715.107666276 174.707
1396563715.125033095 174.074
1396563715.143377081 173.442
1396563715.167830090 172.813
1396563715.184315629 171.874
1396563715.202921206 170.939
1396563715.219772136 170.32
1396563715.238941170 169.702
1396563715.255359819 169.087
1396563715.272307346 168.474
1396563715.296991380 167.864
1396563715.315167004 166.65
1396563715.333202102 166.047
1396563715.351437745 165.446
1396563715.367793136 164.847
1396563715.385046567 164.251
1396563715.403362165 163.361
1396563715.428179836 162.477
1396563715.445569022 161.891
1396563715.463111543 161.307
1396563715.479291267 160.725
1396563715.496884153 160.146
1396563715.514323252 159.282
1396563715.532687159 158.709
1396563715.558641067 157.854
1396563715.575312708 157.287
1396563715.592158428 156.722
1396563715.609307923 156.161
1396563715.626687952 155.322
1396563715.644915227 154.767
1396563715.662167716 154.214
1396563715.687069007 153.388
1396563715.704200880 152.842
1396563715.720809474 152.297
1396563715.739050890 151.485
1396563715.757315554 150.947
1396563715.775806666 150.412
1396563715.793346763 149.879
1396563715.817180585 149.084
1396563715.835108326 148.296
1396563715.852537721 147.773
1396563715.869417390 147.253
1396563715.887834941 146.735
1396563715.904536536 146.22
1396563715.921235360 145.708
1396563715.945008023 144.944
1396563715.962952536 144.186
1396563715.979412553 143.684
1396563715.999128014 143.185
1396563716.017140416 142.688
1396563716.033189045 142.194
1396563716.051417105 141.458
1396563716.076730037 140.728
1396563716.093310377 140.244
1396563716.111946494 139.763
1396563716.129338012 139.285
1396563716.146790141 138.573
1396563716.164614424 138.101
1396563716.181286227 137.632
1396563716.208548924 136.934
1396563716.225895178 136.242
1396563716.243288850 135.784
1396563716.260767713 135.328
1396563716.277815243 134.875
1396563716.294757585 134.425
1396563716.311407080 133.978
1396563716.335294980 133.312
1396563716.353234870 132.872
1396563716.371051707 132.216
1396563716.387159065 131.782
1396563716.405034621 131.351
1396563716.421654917 130.923
1396563716.439182978 130.498
1396563716.464801837 129.864
1396563716.483038513 129.238
1396563716.500723705 128.823
1396563716.518036960 128.411
1396563716.536123314 128.003
1396563716.555057993 127.394
1396563716.579762118 126.792
1396563716.598101437 126.395
1396563716.616677091 126
1396563716.632909281 125.608
1396563716.650772772 125.024
1396563716.669361486 124.639
1396563716.686223198 124.257
1396563716.709705198 123.689
1396563716.727292351 123.313
1396563716.745354911 122.941
1396563716.763617896 122.387
1396563716.780976378 122.022
1396563716.800060305 121.659
1396563716.817246774 121.299
1396563716.841172595 120.765
1396563716.858909236 120.237
1396563716.875625144 119.889
1396563716.895760339 119.543
1396563716.913394060 119.201
1396563716.931060542 118.692
1396563716.949099944 118.357
1396563716.972954438 117.859
1396563716.991196197 117.531
1396563717.009178163 117.205
1396563717.027598023 116.723
1396563717.044995212 116.405
1396563717.061940630 116.089
1396563717.079558268 115.777
1396563717.105444439 115.314
1396563717.123285606 114.857
1396563717.140819283 114.557
1396563717.160060003 114.259
1396563717.176838760 113.964
1396563717.195067373 113.527
1396563717.219707915 113.097
1396563717.237155782 112.813
1396563717.254041675 112.533
1396563717.271071697 112.256
1396563717.287725362 111.981
1396563717.306679755 111.575
1396563717.323426296 111.308
1396563717.348531560 110.913
1396563717.365253982 110.653
1396563717.383083771 110.397
1396563717.400900587 110.143
1396563717.418791532 109.768
1396563717.436028101 109.521
1396563717.454224711 109.278
1396563717.478170110 108.918
1396563717.497178931 108.682
1396563717.515221900 108.334
1396563717.533286003 108.105
1396563717.553327933 107.88
1396563717.570161176 107.657
1396563717.587239565 107.329
1396563717.614057985 107.007
1396563717.632062385 106.797
1396563717.649213054 106.589
1396563717.667046801 106.283
1396563717.684593726 106.083
1396563717.705783518 105.886
1396563717.731009389 105.501
1396563717.752068063 105.312
1396563717.769131015 105.127
1396563717.787026367 104.855
1396563717.805289924 104.678
1396563717.822026648 104.503
1396563717.837276872 104.331
1396563717.860794748 104.08
1396563717.877546955 103.916
1396563717.896950299 103.755
1396563717.915094430 103.519
1396563717.932609208 103.365
1396563717.951597510 103.215
1396563717.968547801 103.067
1396563717.992786529 102.852
1396563718.011295307 102.644
1396563718.028536903 102.508
1396563718.045519934 102.376
1396563718.062213486 102.247
1396563718.079749849 102.121
1396563718.098951945 101.937
1396563718.127171276 101.76
1396563718.145275611 101.647
1396563718.162670473 101.481
1396563718.179897010 101.375
1396563718.197131345 101.272
1396563718.215261542 101.171
1396563718.241417359 101.074
1396563718.258695926 100.889
1396563718.276611548 100.801
1396563718.293476384 100.716
1396563718.310169952 100.634
1396563718.327272983 100.555
1396563718.345097862 100.479
1396563718.370167882 100.337
1396563718.387621420 100.27
1396563718.404984636 100.206
1396563718.423679759 100.146
1396563718.440570318 100.088
1396563718.458661683 100.008
1396563718.475340007 99.958
1396563718.500464612 99.889
1396563718.520094670 99.847
1396563718.537768866 99.808
1396563718.554689454 99.755
1396563718.572519121 99.723
1396563718.589344419 99.695
1396563718.607893736 99.67
1396563718.633426952 99.637
1396563718.651464745 99.612
1396563718.669325671 99.599
1396563718.688114412 99.589
1396563718.706719729 99.58
1396563718.723228634 99.577
1396563718.741462499 99.578
1396563718.765534101 99.585
1396563718.784525704 99.593
1396563718.802478220 99.605
1396563718.819274451 99.628
1396563718.836485243 99.647
1396563718.856646204 99.669
1396563718.881291281 99.694
1396563718.899675053 99.754
1396563718.917066651 99.789
1396563718.934398530 99.826
1396563718.952517418 99.867
1396563718.968963191 99.91
1396563718.987024967 99.982
1396563719.012136021 100.06
1396563719.029016356 100.116
1396563719.047370046 100.175
1396563719.063084505 100.237
1396563719.080483342 100.302
1396563719.099416139 100.405
1396563719.117022673 100.478
1396563719.140959573 100.593
1396563719.158516913 100.673
1396563719.175281270 100.757
1396563719.192481658 100.843
1396563719.210770018 100.979
1396563719.227265597 101.073
1396563719.245273519 101.17
1396563719.268371935 101.321
1396563719.285141142 101.426
1396563719.303780969 101.534
1396563719.320787248 101.645
1396563719.338767308 101.817
1396563719.358090638 101.935
1396563719.375338274 102.057
1396563719.397465883 102.245
1396563719.416180548 102.374
1396563719.657390771 104.675
1396563719.674967690 104.942
1396563719.693867496 105.124
1396563719.711794108 105.309
1396563719.728720614 105.498
1396563719.747134906 105.785
1396563719.765388587 105.981
1396563719.788954078 106.28
1396563719.806349198 106.483
1396563719.823304818 106.689
1396563719.841016744 106.898
1396563719.858663838 107.218
1396563719.875234451 107.434
1396563719.893505687 107.654
1396563719.918262721 107.989
1396563719.936157861 108.216
1396563719.954706483 108.562
1396563719.971628988 108.796
1396563719.989008103 109.034
1396563720.007825740 109.274
1396563720.033213057 109.517
1396563720.050904524 110.013
1396563720.068609892 110.265
1396563720.086014349 110.521
1396563720.104024041 110.779
1396563720.120905289 111.04
1396563720.139424249 111.437
1396563720.163660879 111.841
1396563720.181027196 112.114
1396563720.199338141 112.39
1396563720.216834609 112.668
1396563720.234635220 113.092
1396563720.253261149 113.378
1396563720.271362615 113.667
1396563720.294654321 114.106
1396563720.313389939 114.402
1396563720.330634719 114.853
1396563720.349016038 115.156
1396563720.367181350 115.463
1396563720.384526786 115.772
1396563720.402829914 116.242
1396563720.427531599 116.718
1396563720.447100236 117.039
1396563720.465008201 117.363
1396563720.482758664 117.854
1396563720.501258775 118.185
1396563720.519112054 118.519
1396563720.544544657 118.856
1396563720.561157678 119.366
1396563720.579140633 119.884
1396563720.596956521 120.232
1396563720.614272991 120.583
1396563720.631155222 120.937
1396563720.649104269 121.294
1396563720.674733954 122.016
1396563720.693019686 122.382
1396563720.710739490 122.75
1396563720.728040459 123.121
1396563720.744710171 123.495
1396563720.761030872 123.871
1396563720.778665510 124.442
1396563720.804657475 125.018
1396563720.822277938 125.406
1396563720.839171833 125.797
1396563720.857306077 126.191
1396563720.874889957 126.786
1396563720.893453064 127.187
1396563720.912584077 127.59
1396563720.937281324 128.2
1396563720.956014965 128.817
1396563720.973172253 129.231
1396563720.991151811 129.648
1396563721.009154782 130.068
1396563721.027148528 130.703
1396563721.044379443 131.13
1396563721.069147382 131.776
1396563721.085758143 132.209
1396563721.104595535 132.646
1396563721.122779718 133.305
1396563721.141155833 133.748
1396563721.159913029 134.194
1396563721.183649872 134.643
1396563721.200949804 135.321
1396563721.218753077 136.005
1396563721.235378790 136.465
1396563721.257435453 136.927
1396563721.275884089 137.625
1396563721.293538603 138.094
1396563721.318654271 138.802
1396563721.335154614 139.278
1396563721.353070359 139.756
1396563721.371090827 140.478
1396563721.389050762 140.963
1396563721.405779726 141.45
1396563721.423405872 141.941
1396563721.446214849 142.681
1396563721.463156630 143.177
1396563721.480775681 143.677
1396563721.499253393 144.43
1396563721.516969047 144.936
1396563721.533886272 145.445
1396563721.552877346 145.956
1396563721.577159946 146.727
1396563721.594821564 147.504
1396563721.612998590 148.026
1396563721.630081712 148.55
1396563721.649425601 149.076
1396563721.665194326 149.605
1396563721.682629264 150.404
1396563721.707652818 151.208
1396563721.725883190 151.747
1396563721.744503251 152.289
1396563721.761246047 152.833
1396563721.778654662 153.654
1396563721.797900445 154.205
1396563721.812943775 154.758
1396563721.837810722 155.592
1396563721.856501330 156.152
1396563721.873088751 156.714
1396563721.891247135 157.561
1396563721.908998129 158.129
1396563721.925836308 158.7
1396563721.951654477 159.273
1396563721.967962752 160.137
1396563721.985149810 160.716
1396563722.003177328 161.589
1396563722.019951109 162.174
1396563722.037504453 162.762
1396563722.056486775 163.352
1396563722.081178666 163.945
1396563722.313051347 173.117
1396563722.338087209 174.38
1396563722.356531369 175.015
1396563722.375988269 175.652
1396563722.394502121 176.613
1396563722.412746074 177.255
1396563722.429460685 177.901
1396563722.448014643 178.548
1396563722.472832006 179.523
1396563722.492432742 180.504
1396563722.510709553 181.16
1396563722.527193778 181.819
1396563722.544389318 182.48
1396563722.562124788 183.143
1396563722.579566814 184.142
1396563722.604940512 185.146
1396563722.623142038 185.818
1396563722.641014672 186.492
1396563722.658915231 187.507
1396563722.675628356 188.187
1396563722.693334324 188.869
1396563722.720151536 189.553
1396563722.736458399 190.584
1396563722.755536214 191.619
1396563722.773445750 192.312
1396563722.791466330 193.007
1396563722.808144246 193.704
1396563722.826332193 194.754
1396563722.851260030 195.809
1396563722.868992009 196.514
1396563722.885649077 197.222
1396563722.905276069 197.932
1396563722.923295681 199.001
1396563722.942886359 199.716
1396563722.959077911 200.434
1396563722.983097536 201.513
1396563723.001514730 202.236
1396563723.019148213 203.323
1396563723.036517948 204.051
1396563723.055220584 204.78
1396563723.072581412 205.512
1396563723.088876579 206.245
1396563723.113115623 207.35
1396563723.131004562 208.458
1396563723.148511884 209.2
1396563723.165995458 209.943
1396563723.189095385 210.689
1396563723.210246605 212.186
1396563723.235012831 213.313
1396563723.254788755 214.067
1396563723.273242755 214.823
1396563723.292287519 215.961
1396563723.309490048 216.722
1396563723.326837806 217.485
1396563723.344021882 218.249
1396563723.366815942 219.4
1396563723.384125788 220.169
1396563723.403991065 221.326
1396563723.420814210 222.1
1396563723.438149473 222.876
1396563723.456059428 223.653
1396563723.471954505 224.433
1396563723.496993163 225.605
1396563723.515000970 226.781
1396563723.532481156 227.568
1396563723.550689196 228.356
1396563723.567293235 229.146
1396563723.585113807 229.937
1396563723.604243854 231.128
1396563723.628994346 232.323
1396563723.649209737 233.121
1396563723.667641625 234.322
1396563723.685023031 235.125
1396563723.705009591 235.93
1396563723.722988282 237.139
1396563723.748252632 238.352
1396563723.765995122 239.163
1396563723.783669028 239.975
1396563723.800993971 240.789
1396563723.818614640 242.011
1396563723.836686553 242.828
1396563723.855120812 243.646
1396563723.878620545 244.876
1396563723.896487618 245.697
1396563723.912780086 246.519
1396563723.930558042 247.755
1396563723.948616443 248.58
1396563723.965491993 249.406
1396563723.981617437 250.233
1396563724.007012994 251.476
1396563724.023181279 252.305
1396563724.041246674 253.135
1396563724.059238702 254.382
1396563724.077084098 255.214
1396563724.096145419 256.047
1396563724.114834242 257.298
1396563724.139634192 258.55
1396563724.157486211 259.385
1396563724.175186414 260.221
1396563724.191944227 261.057
1396563724.209804732 262.313
1396563724.227241602 263.15
1396563724.244997568 263.988
1396563724.271385293 265.245
1396563724.289675357 266.084
1396563724.307489611 267.342
1396563724.326061994 268.181
1396563724.342860622 269.02
1396563724.359310042 269.859
1396563724.385141213 270.699
1396563724.404005120 272.377
1396563724.421054914 273.217
1396563724.438906700 274.056
1396563724.457679479 274.895
1396563724.475557828 276.153
1396563724.494036777 276.991
1396563724.518011584 278.249
1396563724.535111419 279.086
1396563724.552435804 279.924
1396563724.570764354 281.179
1396563724.587450654 282.015
1396563724.607080869 282.851
1396563724.624428841 283.687
1396563724.649070126 284.938
1396563724.667058491 286.189
1396563724.685103427 287.022
1396563724.702887394 287.854
1396563724.721608249 288.685
1396563724.745530482 289.93
1396563724.777536008 291.588
1396563724.796616363 292.829
1396563724.814934939 293.655
1396563724.832822749 294.479
1396563724.851184256 295.715
1396563724.869059755 296.537
1396563724.886510213 297.358
1396563724.910950958 298.587
1396563724.929361821 299.405
1396563724.947758376 300.63
1396563724.965145038 301.444
1396563724.982131705 302.258
1396563725.001911630 303.07
1396563725.028749458 304.689
1396563725.045511670 305.496
1396563725.064061190 306.302
1396563725.082837690 307.508
1396563725.100804780 308.309
1396563725.118744729 309.109
1396563725.136131868 309.907
1396563725.161435126 311.102
1396563725.179106226 312.291
1396563725.197990930 313.082
1396563725.216045153 313.871
1396563725.233683084 314.658
1396563725.252553535 315.835
1396563725.280196184 316.617
1396563725.297689516 317.786
1396563725.316565568 318.95
1396563725.333512825 319.724
1396563725.354503901 320.88
1396563725.372798390 321.648
1396563725.390104785 322.414
1396563725.417565890 323.559
1396563725.436174018 324.699
1396563725.454108065 325.456
1396563725.471993313 326.212
1396563725.490404054 326.965
1396563725.724405380 337.982
1396563725.745306016 338.697
1396563725.762810543 339.766
1396563725.780602303 340.475
1396563725.806934554 341.535
1396563725.824062119 342.238
1396563725.842942322 343.288
1396563725.862039755 343.985
1396563725.880254407 344.68
1396563725.898559804 345.717
1396563725.924105838 346.749
1396563725.942626912 347.433
1396563725.961422522 348.115
1396563725.979124534 349.134
1396563725.997493970 349.81
1396563726.016123829 350.483
1396563726.034374697 351.489
1396563726.060130742 352.488
1396563726.078795320 353.151
1396563726.096126822 353.812
1396563726.115654822 354.798
1396563726.132603169 355.452
1396563726.152811366 356.104
1396563726.179313082 357.4
1396563726.197352096 358.044
1396563726.215999937 358.685
1396563726.234310517 359.324
1396563726.252667982 360.277
1396563726.272011816 360.909
1396563726.290102363 361.539
1396563726.315439819 362.79
1396563726.334871974 363.412
1396563726.353354813 364.031
1396563726.371422042 364.954
1396563726.389171309 365.567
1396563726.410739997 366.481
1396563726.435282156 367.389
1396563726.454729437 367.992
1396563726.473263411 368.591
1396563726.490939767 369.486
1396563726.509541047 370.079
1396563726.528137094 370.669
1396563726.546616636 371.55
1396563726.571074804 372.425
1396563726.589189291 373.005
1396563726.609349725 373.582
1396563726.626867381 374.443
1396563726.646627771 375.013
1396563726.663957530 375.582
1396563726.690167963 376.147
1396563726.708313852 377.272
1396563726.727947481 377.831
1396563726.746896502 378.665
1396563726.764616791 379.218
1396563726.782864853 379.769
1396563726.800366276 380.318
1396563726.825371103 381.138
1396563726.843095638 381.954
1396563726.861470604 382.495
1396563726.880200017 383.035
1396563726.898809130 383.841
1396563726.916810124 384.377
1396563726.934494671 384.911
1396563726.960490275 385.708
1396563726.978603812 386.503
1396563726.996600157 387.031
1396563727.015264974 387.558
1396563727.032168961 388.083
1396563727.050887341 388.869
1396563727.076718662 389.652
1396563727.093415864 390.173
1396563727.113542968 390.693
1396563727.131459710 391.471
1396563727.149469623 391.988
1396563727.167972485 392.505
1396563727.186170212 393.279
1396563727.211615725 394.051
1396563727.228966291 394.565
1396563727.248060258 395.078
1396563727.266641006 395.847
1396563727.283228449 396.36
1396563727.302989944 396.872
1396563727.328826113 397.383
1396563727.348521317 398.406
1396563727.368415761 398.917
1396563727.386467973 399.427
1396563727.405256349 400.193
1396563727.424141383 400.704
1396563727.442124858 401.471
1396563727.467996963 402.237
1396563727.486360136 402.749
1396563727.505043187 403.261
1396563727.523788194 404.029
1396563727.541264909 404.542
1396563727.559970377 405.055
1396563727.585563064 405.826
1396563727.604720863 406.598
1396563727.621613476 407.114
1396563727.641241246 407.63
1396563727.659217452 408.407
1396563727.677422650 408.925
1396563727.696863813 409.445
1396563727.721735755 410.226
1396563727.739647012 411.009
1396563727.760111763 411.533
1396563727.778298447 412.321
1396563727.795619264 412.848
1396563727.814061912 413.377
1396563727.839926841 413.906
1396563727.856556940 414.704
1396563727.874668530 415.504
1396563727.891923675 416.04
1396563727.912106261 416.577
1396563727.930731661 417.387
1396563727.948480841 417.929
1396563727.974355967 418.745
1396563727.992669644 419.291
1396563728.010910266 420.115
1396563728.028634927 420.667
1396563728.045164273 421.22
1396563728.063973837 421.776
1396563728.082109905 422.334
1396563728.107365843 423.457
1396563728.126720732 424.022
1396563728.144074953 424.59
1396563728.163318755 425.446
1396563728.180483236 426.02
1396563728.200486174 426.596
1396563728.233258817 427.757
1396563728.251087079 428.634
1396563728.268689475 429.223
1396563728.286157710 429.814
1396563728.305367345 430.408
1396563728.323130261 431.303
1396563728.341137719 431.904
1396563728.367873189 432.809
1396563728.386479849 433.721
1396563728.405531112 434.332
1396563728.424527564 434.945
1396563728.442542600 435.87
1396563728.460728058 436.49
1396563728.485754684 437.425
1396563728.504973301 438.052
1396563728.522832890 438.997
1396563728.541207650 439.63
1396563728.560789010 440.266
1396563728.579062757 441.224
1396563728.598895796 441.867
1396563728.623933198 442.835
1396563728.643612425 443.809
1396563728.661104082 444.462
1396563728.677495227 445.118
1396563728.698795391 445.776
1396563728.716924101 446.767
1396563728.742683115 447.765
1396563728.762859837 448.768
1396563728.780408980 449.44
1396563728.800239305 450.115
1396563728.817606994 451.131
1396563728.836223962 451.812
1396563728.852851966 452.495
1396563728.880028096 453.525
1396563728.899231790 454.561
1396563728.916704248 455.254
1396563728.935984133 455.95
1396563728.955081276 456.998
1396563728.972833503 457.701
1396563729.000100038 458.758
1396563729.018579743 459.822
1396563729.036584355 460.534
1396563729.054545628 461.248
1396563729.071990202 461.965
1396563729.090831573 463.045
1396563729.110083918 463.767
1396563729.136016844 464.856
1396563729.155215601 465.95
1396563729.174036913 466.683
1396563729.191888750 467.418
1396563729.212088399 468.525
1396563729.230574063 469.265
1396563729.254134204 470.381
1396563729.272944932 471.128
1396563729.291159102 472.252
1396563729.312232365 473.004
1396563729.329839660 474.137
1396563729.348577174 474.894
1396563729.366045489 475.654
1396563729.391815694 476.798
1396563729.410897406 477.946
1396563729.428455645 478.715
1396563729.447895489 479.486
1396563729.466601265 480.258
1396563729.484401611 481.422
1396563729.510583335 482.589
1396563729.530831212 483.762
1396563729.548963291 484.546
1396563729.566580256 485.332
1396563729.584021669 486.121
1396563729.600681704 486.911
1396563729.618608337 488.1
1396563729.644039904 489.293
1396563729.663211665 490.091
1396563729.679609219 490.89
1396563729.696901338 491.691
1396563729.715501083 492.896
1396563729.733614669 493.702
1396563729.759516385 494.509
1396563729.775975800 495.722
1396563729.794047468 496.533
1396563729.811144854 497.752
1396563729.828953434 498.566
1396563729.845954549 499.382
1396563729.864404885 500.199
1396563729.890098377 501.838
1396563729.907955864 502.659
1396563729.924919144 503.481
1396563729.941537032 504.304
1396563729.959972511 505.129
1396563729.977667276 505.954
1396563729.995018285 507.194
1396563730.020289792 508.437
1396563730.037193377 509.266
1396563730.055989648 510.096
1396563730.072876560 510.928
1396563730.090576654 512.176
1396563730.109451547 513.009
1396563730.127918916 513.843
1396563730.153451243 515.095
1396563730.171333014 516.348
1396563730.189949783 517.185
1396563730.206601994 518.021
1396563730.224419573 518.859
1396563730.242024378 519.697
1396563730.260450781 520.954
1396563730.285170163 522.212
1396563730.304700408 523.052
1396563730.321594780 524.311
1396563730.339072135 525.151
1396563730.357592207 525.991
1396563730.374042652 526.831
1396563730.391125239 527.671
1396563730.416343095 528.932
1396563730.433059807 529.772
1396563730.451071809 531.032
1396563730.469053236 531.872
1396563730.485951131 532.712
1396563730.505479000 533.552
1396563730.530122167 535.231
1396563730.548857748 536.07
1396563730.565683783 536.909
1396563730.583072864 537.747
1396563730.600662564 538.585
1396563730.620920522 539.841
1396563730.635966354 540.678
1396563730.663020515 541.932
1396563730.679811105 542.768
1396563730.696422642 543.602
1396563730.714852208 544.853
1396563730.732788355 545.686
1396563730.751839054 546.518
1396563730.769071218 547.35
1396563730.792715570 548.595
1396563730.810975359 549.839
1396563730.828322066 550.667
1396563730.846801835 551.494
1396563730.865367588 552.32
1396563730.883197574 553.557
1396563730.900730317 554.38
1396563730.926653826 555.612
1396563730.944571001 556.432
1396563730.962451534 557.66
1396563730.979574780 558.477
1396563730.996957373 559.293
1396563731.015877832 560.107
1396563731.040720390 560.92
1396563731.059575406 562.541
1396563731.077035354 563.349
1396563731.093698338 564.156
1396563731.112413666 564.961
1396563731.129196961 565.765
1396563731.146681366 566.967
1396563731.172650616 568.165
1396563731.189027799 568.962
1396563731.207864820 569.757
1396563731.226923923 570.946
1396563731.244352380 571.736
1396563731.264264252 572.525
1396563731.281184704 573.312
1396563731.305028867 574.489
1396563731.322659211 575.662
1396563731.340448800 576.442
1396563731.359548877 577.22
1396563731.378080158 578.384
1396563731.396568508 579.157
1396563731.413472622 579.929
1396563731.439793614 581.083
1396563731.458821208 582.232
1396563731.477459540 582.996
1396563731.495917374 583.758
1396563731.515024801 584.898
1396563731.532275749 585.655
1396563731.790732000 586.788
1396563731.820741319 598.951
1396563731.838264284 599.67
1396563731.857085970 600.388
1396563731.874512758 601.46
1396563731.892147542 602.172
1396563731.912460088 602.882
1396563731.936656181 603.59
1396563731.955441567 604.999
1396563731.972947846 605.7
1396563731.991810612 606.399
1396563732.008948755 607.097
1396563732.026942372 608.138
1396563732.043190368 608.83
1396563732.070032817 609.863
1396563732.087353658 610.549
1396563732.106442889 611.574
1396563732.124613787 612.255
1396563732.143105636 612.933
1396563732.160714748 613.61
1396563732.178963577 614.62
1396563732.203082314 615.625
1396563732.436653657 625.08
1396563732.463665105 626.031
1396563732.480004958 626.663
1396563732.496688468 627.291
1396563732.516670038 628.23
1396563732.740627147 636.737
1396563732.759968184 637.327
1396563732.780736113 637.914
1396563732.802825294 639.081
1396563732.820137459 639.661
1396563732.845464412 640.526
1396563732.864577580 641.1
1396563732.882558871 641.957
1396563732.900682260 642.524
1396563732.919784619 643.089
1396563732.936938169 643.652
1396563732.962943410 644.77
1396563732.980280447 645.325
1396563732.999328355 645.878
1396563733.016814404 646.428
1396563733.034703453 647.249
1396563733.051779430 647.793
1396563733.068875511 648.334
1396563733.094753272 649.142
1396563733.113030250 649.677
1396563733.130947019 650.475
1396563733.148751462 651.003
1396563733.166022191 651.529
1396563733.183996327 652.053
1396563733.203697193 652.833
1396563733.227708863 653.608
1396563733.246561111 654.121
1396563733.264760961 654.632
1396563733.283003749 655.393
1396563733.299061460 655.897
1396563733.318496385 656.399
1396563733.335118849 656.898
1396563733.359847841 657.641
1396563733.633586301 658.133
1396563733.659293636 666.54
1396563733.677080627 666.982
1396563733.693558951 667.42
1396563733.713447823 667.856
1396563733.737104713 668.505
1396563733.754897894 669.148
1396563733.773201267 669.573
1396563733.789932322 669.995
1396563733.809118932 670.415
1396563733.826829191 671.039
1396563733.844563386 671.451
1396563733.869038771 672.065
1396563733.886559687 672.471
1396563733.904280530 672.874
1396563733.923212363 673.473
1396563733.940549090 673.869
1396563733.956888904 674.262
1396563733.974138126 674.652
1396563733.998078982 675.232
1396563734.017098702 675.616
1396563734.035557746 676.185
1396563734.053119910 676.562
1396563734.070730133 676.935
1396563734.087013088 677.306
1396563734.113249404 677.674
1396563734.130973593 678.401
1396563734.148872289 678.76
1396563734.165932225 679.116
1396563734.186320961 679.47
1396563734.211392755 680.169
1396563734.229193311 680.514
1396563734.254571445 681.026
1396563734.272269153 681.364
1396563734.288739974 681.699
1396563734.307559799 682.196
1396563734.325156173 682.523
1396563734.343650001 682.848
1396563734.373515901 683.17
1396563734.394767354 683.963
1396563734.413949518 684.275
1396563734.431055075 684.584
1396563734.449387106 684.89
1396563734.465050491 685.193
1396563734.482698807 685.642
1396563734.507470691 686.085
1396563734.525052184 686.376
1396563734.541245916 686.665
1396563734.559964660 686.951
1396563734.576249826 687.233
1396563734.593608370 687.513
1396563734.611595103 687.927
1396563734.636944724 688.335
1396563734.656259474 688.603
1396563734.672633047 688.868
1396563734.690338795 689.26
1396563734.710673200 689.518
1396563734.728321561 689.773
1396563734.752945338 690.025
1396563734.770944723 690.519
1396563734.787564621 690.762
1396563734.807249358 691.002
1396563734.822926750 691.239
1396563734.840836136 691.473
1396563734.859813172 691.819
1396563734.884179403 692.157
1396563734.901173655 692.38
1396563734.919795768 692.599
1396563734.937570925 692.815
1396563734.955340480 693.133
1396563734.974213596 693.342
1396563734.992748742 693.548
1396563735.017567727 693.85
1396563735.035431389 694.147
1396563735.053612067 694.34
1396563735.071010345 694.531
1396563735.087757846 694.719
1396563735.105061116 694.903
1396563735.122838871 695.174
1396563735.148948623 695.439
1396563735.166210349 695.612
1396563735.184574348 695.781
1396563735.203551091 696.03
1396563735.220920934 696.192
1396563735.239093267 696.351
1396563735.266189931 696.66
1396563735.291721699 696.884
1396563735.310067257 697.029
1396563735.328332969 697.171
1396563735.345022301 697.311
1396563735.363044878 697.514
1396563735.380225795 697.646
1396563735.405565194 697.838
1396563735.423869278 697.962
1396563735.440867896 698.083
1396563735.460170102 698.259
1396563735.476793738 698.372
1396563735.494702354 698.483
1396563735.522470741 698.694
1396563735.538918568 698.796
1396563735.557060186 698.894
1396563735.575629713 698.989
1396563735.592603968 699.081
1396563735.610800430 699.214
1396563735.628294533 699.298
1396563735.652770554 699.419
1396563735.671114069 699.496
1396563735.688246615 699.57
1396563735.707167324 699.675
1396563735.724422217 699.741
1396563735.741548430 699.804
1396563735.759002224 699.864
1396563735.781449138 699.948
1396563735.802438913 700.001
1396563735.820416283 700.074
1396563735.837814385 700.118
1396563735.856667714 700.16
1396563735.874671827 700.217
1396563735.891438895 700.251
1396563735.916561123 700.296
1396563735.935813222 700.322
1396563735.952682007 700.346
1396563735.970713166 700.375
1396563735.987415597 700.39
1396563736.008757750 700.403
1396563736.034846599 700.419
1396563736.053111686 700.422
1396563736.071591665 700.422
1396563736.088298103 700.42
1396563736.107561269 700.41
1396563736.124944302 700.399
1396563736.140857800 700.386
1396563736.166060973 700.36
1396563736.183938549 700.338
1396563736.202620465 700.314
1396563736.219176263 700.272
1396563736.236984847 700.24
1396563736.254455378 700.205
1396563736.272530738 700.167
1396563736.296616142 700.104
1396563736.315913651 700.035
1396563736.332711078 699.984
1396563736.350806971 699.931
1396563736.367041005 699.875
1396563736.385035872 699.815
1396563736.403000022 699.72
1396563736.429205019 699.618
1396563736.446809797 699.547
1396563736.466045975 699.433
1396563736.483491178 699.354
1396563736.503063541 699.272
1396563736.520524963 699.186
1396563736.546639901 699.006
1396563736.564113432 698.911
1396563736.583064382 698.814
1396563736.603044091 698.713
1396563736.619135553 698.556
1396563736.642546064 698.448
1396563736.675385396 698.28
1396563736.698852775 697.984
1396563736.719006765 697.86
1396563736.736435420 697.734
1396563736.752798467 697.604
1396563736.771084264 697.404
1396563736.788876344 697.267
1396563736.816059409 697.055
1396563736.834036064 696.837
1396563736.852476335 696.688
1396563736.869309105 696.535
1396563736.885101583 696.38
1396563736.903884412 696.221
1396563736.930684199 695.895
1396563736.949054484 695.728
1396563736.964734908 695.557
1396563736.981911484 695.384
1396563737.000958980 695.207
1396563737.019828611 694.937
1396563737.036732256 694.753
1396563737.062619933 694.471
1396563737.080055978 694.279
1396563737.096691471 694.085
1396563737.116608589 693.787
1396563737.133427110 693.585
1396563737.152074010 693.38
1396563737.422937718 693.172
1396563737.452034432 688.916
1396563737.470450042 688.652
1396563737.488305054 688.384
1396563737.506426364 687.978
1396563737.524325760 687.703
1396563737.542554585 687.425
1396563737.567436064 687.144
1396563737.584651616 686.718
1396563737.602929733 686.284
1396563737.620514090 685.992
1396563737.638988622 685.697
1396563737.655940934 685.398
1396563737.673417759 685.097
1396563737.699579531 684.486
1396563737.717889058 684.176
1396563737.736036865 683.863
1396563737.753046933 683.548
1396563737.770682927 683.069
1396563737.788530471 682.746
1396563737.807752938 682.42
1396563737.832554763 681.926
1396563737.850678901 681.425
1396563737.868004563 681.088
1396563737.887426319 680.748
1396563737.905170116 680.405
1396563737.923402842 679.885
1396563737.941298976 679.534
1396563737.967078686 679.004
1396563737.984281948 678.647
1396563738.002930773 678.105
1396563738.019965883 677.741
1396563738.037906753 677.373
1396563738.055850441 677.003
1396563738.081350673 676.63
1396563738.099623058 675.876
1396563738.117809447 675.495
1396563738.135590351 675.11
1396563738.153302425 674.723
1396563738.171849105 674.138
1396563738.188909942 673.744
1396563738.213694204 673.147
1396563738.231063614 672.746
1396563738.248487508 672.343
1396563738.266737720 671.732
1396563738.284774206 671.321
1396563738.303039330 670.907
1396563738.321033311 670.491
1396563738.344703462 669.862
1396563738.362782555 669.226
1396563738.380928437 668.799
1396563738.400043727 668.369
1396563738.418363193 667.718
1396563738.436050489 667.282
1396563738.453669185 666.842
1396563738.479594555 666.178
1396563738.497200363 665.731
1396563738.514951846 665.056
1396563738.532525810 664.603
1396563738.550676832 664.147
1396563738.568182229 663.689
1396563738.594154721 663.228
1396563738.612973341 662.297
1396563738.629780875 661.828
1396563738.647680554 661.356
1396563738.667050665 660.643
1396563738.683769738 660.164
1396563738.700968472 659.683
1396563738.726554597 658.956
1396563738.744273488 658.468
1396563738.762811346 657.731
1396563738.780473094 657.237
1396563738.799051369 656.74
1396563738.816222911 656.24
1396563738.834033381 655.738
1396563738.856551869 654.979
1396563738.874715976 654.215
1396563738.891566493 653.702
1396563738.910798465 653.187
1396563738.927920459 652.669
1396563738.946301197 651.887
1396563738.963041925 651.363
1396563738.988449150 650.572
1396563739.006903003 650.041
1396563739.024646501 649.508
1396563739.042914282 648.703
1396563739.060914965 648.163
1396563739.077280611 647.621
1396563739.093921164 647.076
1396563739.119190429 646.254
1396563739.136790532 645.703
1396563739.154992076 644.872
1396563739.173219913 644.315
1396563739.190969405 643.755
1396563739.208412731 643.193
1396563739.232925282 642.628
1396563739.250339514 641.491
1396563739.267109037 640.919
1396563739.284748465 640.344
1396563739.302677152 639.767
1396563739.320277200 639.188
1396563739.336873522 638.606
1396563739.362650211 637.434
1396563739.378933019 636.845
1396563739.397085794 636.253
1396563739.416289527 635.659
1396563739.433020140 635.063
1396563739.450772521 634.164
1396563739.468211545 633.561
1396563739.491979595 632.653
1396563739.511045712 632.045
1396563739.528416960 631.434
1396563739.545014687 630.821
1396563739.564043126 629.896
1396563739.580585392 629.277
1396563739.599817154 628.656
1396563739.624726801 627.72
1396563739.642652125 626.778
1396563739.660393327 626.147
1396563739.679044237 625.514
1396563739.695050179 624.879
1396563739.712605099 624.241
1396563739.730786184 623.281
1396563739.757899702 622.315
1396563739.775908507 621.668
1396563739.792566894 621.019
1396563739.811021520 620.042
1396563739.828212056 619.387
1396563739.846690055 618.73
1396563739.871489002 618.071
1396563739.888215884 617.078
1396563739.906398317 616.081
1396563739.922862702 615.413
1396563739.940899898 614.743
1396563739.960862246 614.07
1396563739.980342485 613.058
1396563740.004012498 612.04
1396563740.021899686 611.359
1396563740.040707734 610.675
1396563740.056710061 609.99
1396563740.075349895 608.957
1396563740.091908658 608.266
1396563740.110895940 607.573
1396563740.134481080 606.529
1396563740.151810037 605.83
1396563740.169104417 605.129
1396563740.186763839 604.074
1396563740.204570278 603.368
1396563740.221513739 602.66
1396563740.241271067 601.95
1396563740.264977834 600.88
1396563740.282386896 599.806
1396563740.300391226 599.087
1396563740.320098061 598.367
1396563740.336954963 597.644
1396563740.354779866 596.556
1396563740.372517524 595.828
1396563740.397335392 594.733
1396563740.416266964 594
1396563740.432513722 593.265
1396563740.451430285 592.159
1396563740.468852706 591.419
1396563740.486956400 590.677
1396563740.511540113 589.933
1396563740.530476217 588.439
1396563740.547284365 587.69
1396563740.565895255 586.938
1396563740.583677104 586.185
1396563740.600623249 585.429
1396563740.619833918 584.292
1396563740.646584919 583.151
1396563740.663890880 582.388
1396563740.680534248 581.623
1396563740.698769366 580.472
1396563740.718166332 579.703
1396563740.736160147 578.932
1396563740.753018473 578.158
1396563740.779226922 576.606
1396563740.798359632 575.828
1396563740.816140272 575.047
1396563740.833287952 573.873
1396563740.851782365 573.088
1396563740.869275964 572.301
1396563740.895538842 571.513
1396563740.913556545 570.327
1396563740.931675583 569.137
1396563740.949261200 568.342
1396563740.968033513 567.545
1396563740.984883040 566.746
1396563741.003960440 565.544
1396563741.028278862 564.339
1396563741.045912746 563.533
1396563741.063014686 562.726
1396563741.080533155 561.918
1396563741.098484772 560.702
1396563741.118483624 559.89
1396563741.135535966 559.076
1396563741.158607438 557.853
1396563741.174871367 557.036
1396563741.191793128 556.217
1396563741.210922986 554.988
1396563741.228384643 554.166
1396563741.246640296 553.344
1396563741.265424273 552.52
1396563741.291275123 550.87
1396563741.310344449 550.043
1396563741.328276352 549.215
1396563741.345160942 548.387
1396563741.363484529 547.142
1396563741.382141966 546.311
1396563741.407540425 545.48
1396563741.425018568 544.231
1396563741.443035768 542.981
1396563741.460011041 542.146
1396563741.477884818 541.312
1396563741.494906022 540.476
1396563741.515076518 539.222
1396563741.540031372 537.967
1396563741.557901371 537.129
1396563741.575493269 536.292
1396563741.592585066 535.454
1396563741.611546986 534.196
1396563741.629709984 533.357
1396563741.647796817 532.519
1396563741.673400809 531.26
1396563741.691557129 530.001
1396563741.711014512 529.162
1396563741.728822211 528.322
1396563741.747795993 527.064
1396563741.767621417 526.224
1396563741.791733507 525.385
1396563741.810779004 523.708
1396563741.830900789 522.869
1396563741.845900302 522.031
1396563741.863923813 521.193
1396563741.880577576 520.356
1396563741.898633306 519.1
1396563741.924658312 517.846
1396563741.940885324 517.01
1396563741.961031214 516.175
1396563741.978763447 514.923
1396563741.996507494 514.089
1396563742.016150890 513.256
1396563742.032629541 512.424
1396563742.059400818 511.177
1396563742.086915491 509.517
1396563742.106587631 508.688
1396563742.123914080 507.447
1396563742.141454306 506.621
1396563742.160953762 505.796
1396563742.185286273 504.56
1396563742.203073034 503.326
1396563742.222449484 502.506
1396563742.239826601 501.686
1396563742.257455326 500.868
1396563742.275278446 499.643
1396563742.293681092 498.827
1396563742.320650919 497.607
1396563742.339701303 496.39
1396563742.357451173 495.581
1396563742.375723634 494.773
1396563742.394184394 493.967
1396563742.413003240 492.76
1396563742.437343471 491.558
1396563742.456033578 490.758
1396563742.474132728 489.96
1396563742.491255478 488.766
1396563742.510508217 487.973
1396563742.528488669 487.181
1396563742.546881537 485.998
1396563742.571894277 484.819
1396563742.590474194 484.035
1396563742.610028376 483.253
1396563742.627880844 482.085
1396563742.645270816 481.308
1396563742.663914846 480.534
1396563742.690005630 479.762
1396563742.708068532 478.224
1396563742.727802197 477.458
1396563742.747175224 476.315
1396563742.767853942 475.554
1396563742.786379488 474.418
1396563742.804445740 473.663
1396563742.831806041 472.535
1396563742.850254090 471.412
1396563742.869086045 470.666
1396563742.887771610 469.922
1396563742.905283265 469.181
1396563742.923390824 468.074
1396563742.948654550 466.971
1396563742.964941604 466.239
1396563742.984409702 465.51
1396563743.001880140 464.42
1396563743.019701523 463.697
1396563743.037499291 462.976
1396563743.056019323 462.257
1396563743.081085944 461.183
1396563743.099038423 460.115
1396563743.119789996 459.406
1396563743.139297107 458.347
1396563743.156664944 457.645
1396563743.174639973 456.944
1396563743.199820561 456.246
1396563743.217700184 454.858
1396563743.236341627 454.167
1396563743.256268623 453.479
1396563743.274876431 452.452
1396563743.293064183 451.77
1396563743.312529784 451.09
1396563743.336758771 450.076
1396563743.354938433 449.068
1396563743.372615226 448.398
1396563743.391944132 447.732
1396563743.410724526 446.736
1396563743.428995464 446.076
1396563743.456417919 445.418
1396563743.475798993 444.11
1396563743.492623564 443.46
1396563743.512969191 442.813
1396563743.530625045 441.847
1396563743.549873204 441.206
1396563743.568754901 440.567
1396563743.595769677 439.614
1396563743.618203499 438.353
1396563743.636365611 437.727
1396563743.656644533 437.103
1396563743.674878448 436.172
1396563743.692440301 435.554
1396563743.719455053 434.633
1396563743.736997971 434.022
1396563743.754973915 433.11
1396563743.773746206 432.506
1396563743.791783640 431.904
1396563743.810767099 431.006
1396563743.828706083 430.41
1396563743.852834097 429.522
1396563743.872527438 428.933
1396563743.890939241 428.055
1396563743.909932390 427.473
1396563743.928123785 426.893
1396563743.945452772 426.317
1396563743.972996330 425.171
1396563743.988865763 424.601
1396563744.007771863 424.035
1396563744.025384334 423.47
1396563744.043123349 422.628
1396563744.062733512 422.07
1396563744.082131069 421.236
1396563744.108887587 420.407
1396563744.126715216 419.857
1396563744.144362680 419.31
1396563744.162810634 418.491
1396563744.180921381 417.948
1396563744.199887981 417.407
1396563744.226730515 416.33
1396563744.244783504 415.794
1396563744.264742596 415.259
1396563744.282876345 414.46
1396563744.300784089 413.93
1396563744.320988978 413.401
1396563744.339078988 412.609
1396563744.367845635 411.821
1396563744.385643107 411.035
1396563744.404635964 410.513
1396563744.423763565 409.992
1396563744.443308546 409.212
1396563744.463068576 408.693
1396563744.485507807 407.917
1396563744.504281207 407.4
1396563744.522692386 406.627
1396563744.542383530 406.112
1396563744.560256650 405.598
1396563744.578482763 404.827
1396563744.597323515 404.314
1396563744.623758016 403.546
1396563744.642366983 402.778
1396563744.661356616 402.267
1396563744.679781975 401.756
1396563744.698516969 400.989
1396563744.718515356 400.478
1396563744.741359409 399.712
1396563744.760508637 399.202
1396563744.779836707 398.435
1396563744.799851750 397.924
1396563744.819235282 397.157
1396563744.837112955 396.645
1396563744.863897182 396.133
1396563744.883259214 395.107
1396563744.900836338 394.594
1396563744.921078596 394.08
1396563744.939307305 393.307
1396563744.958763518 392.791
1396563744.976611545 392.275
1396563745.001487515 391.499
1396563745.019685770 390.72
1396563745.037680352 390.2
1396563745.056636613 389.679
1396563745.074680754 388.895
1396563745.092859733 388.371
1396563745.122365167 387.319
1396563745.140357922 386.792
1396563745.159877268 386.263
1396563745.393128494 378.403
1396563745.412082695 377.566
1396563745.429881505 377.006
1396563745.447879954 376.443
1396563745.467003691 375.594
1396563745.484612886 375.025
1396563745.509483473 374.166
1396563745.528001191 373.591
1396563745.546367712 372.723
1396563745.566532843 372.141
1396563745.584499799 371.556
1396563745.602500234 370.674
1396563745.818979014 370.083
1396563745.843819343 361.526
1396563745.863869091 360.895
1396563745.889690687 360.262
1396563745.909001766 358.987
1396563745.927655072 358.345
1396563745.946118874 357.378
1396563745.964995870 356.73
1396563745.983850854 356.08
1396563746.002636404 355.099
1396563746.028501050 354.113
1396563746.050159700 353.452
1396563746.071901669 352.456
1396563746.089262730 351.454
1396563746.107978807 350.783
1396563746.128358442 350.109
1396563746.152969453 349.094
1396563746.171105620 348.073
1396563746.190337647 347.389
1396563746.209134932 346.703
1396563746.227479246 345.669
1396563746.248116483 344.977
1396563746.273999938 344.282
1396563746.290981689 342.884
1396563746.311772295 342.182
1396563746.330445483 341.123
1396563746.349308898 340.415
1396563746.367815625 339.704
1396563746.385997679 338.633
1396563746.411976228 337.556
1396563746.430397699 336.835
1396563746.448147649 336.112
1396563746.466873701 335.023
1396563746.485073396 334.293
1396563746.503850442 333.562
1396563746.529502321 332.091
1396563746.547796856 331.352
1396563746.566733272 330.611
1396563746.585292234 329.868
1396563746.602500704 328.748
1396563746.620737475 327.999
1396563746.639628001 327.247
1396563746.664621653 326.116
1396563746.682989734 324.98
1396563746.701001498 324.219
1396563746.720982855 323.457
1396563746.739097139 322.309
1396563746.757297341 321.542
1396563746.783755486 320.772
1396563746.802295168 319.226
1396563746.820916466 318.449
1396563746.840524001 317.671
1396563746.858993388 316.499
1396563746.876678158 315.716
1396563746.894896611 314.93
1396563746.918511757 313.748
1396563746.936229191 312.958
1396563746.952436016 312.165
1396563746.970558351 310.973
1396563746.987872235 310.176
1396563747.009003419 309.377
1396563747.026559862 308.175
1396563747.051223567 306.97
1396563747.070452271 306.164
1396563747.086865367 305.357
1396563747.355387513 304.548
1396563747.379050062 290.181
1396563747.398506999 289.35
1396563747.424297834 288.518
1396563747.441072380 287.269
1396563747.460013557 286.018
1396563747.476977958 285.184
1396563747.494821062 284.349
1396563747.512370379 283.513
1396563747.530496369 282.258
1396563747.556542310 281.002
1396563747.572967565 280.164
1396563747.591627696 279.326
1396563747.610877570 278.068
1396563747.628662284 277.228
1396563747.646899987 276.389
1396563747.665794286 275.129
1396563747.688869277 274.29
1396563747.706751441 273.029
1396563747.724807244 272.189
1396563747.741792400 271.349
1396563747.761980594 270.509
