1396563697.774649099 82
1396563697.800646954 80
1396563697.825522965 81
1396563697.849504382 75
1396563697.874492906 91
1396563697.899584082 91
1396563697.926484079 307
1396563697.949450839 97
1396563697.976401900 302
1396563698.000404456 84
1396563698.025346078 80
1396563698.051399134 205
1396563698.075274214 82
1396563698.102228147 227
1396563698.124248987 81
1396563698.150128551 81
1396563698.175281160 80
1396563698.199145926 96
1396563698.226128293 97
1396563698.249145769 91
1396563698.275131656 89
1396563698.299972063 96
1396563698.325023138 96
1396563698.351016547 80
1396563698.375018370 83
1396563698.400891898 80
1396563698.425859576 81
1396563698.449911397 82
1396563698.475859779 75
1396563698.499823765 92
1396563698.526704769 91
1396563698.549789097 85
1396563698.575725617 86
1396563698.600716162 90
1396563698.624583356 91
1396563698.651593184 95
1396563698.674592653 91
1396563698.699474776 90
1396563698.725428744 303
1396563698.750468019 81
1396563698.774462899 80
1396563698.799377925 83
1396563698.824345756 81
1396563698.849344499 90
1396563698.875378679 89
1396563698.899218377 75
1396563698.925227913 77
1396563698.949197088 76
1396563698.974094963 90
1396563699.000090362 89
1396563699.025100291 85
1396563699.049069939 80
1396563699.074076493 82
1396563699.099957857 77
1396563699.124972850 75
1396563699.149961740 85
1396563699.177010534 299
1396563699.199992325 73
1396563699.224826751 77
1396563699.250844807 76
1396563699.274815932 72
1396563699.299711666 72
1396563699.325692429 86
1396563699.348766104 86
1396563699.375690165 85
1396563699.399720609 86
1396563699.425683815 304
1396563699.449684328 91
1396563699.474567128 81
1396563699.500588228 301
1396563699.523551064 77
1396563699.551461218 255
1396563699.575438189 78
1396563699.601529710 273
1396563699.625529937 72
1396563699.649402610 80
1396563699.677328703 276
1396563699.700337528 87
1396563699.726220876 286
1396563699.751192846 85
1396563699.774215267 78
1396563699.801209105 75
1396563699.825184214 77
1396563699.850149665 71
1396563699.875134737 72
1396563699.899084273 73
1396563699.926139760 72
1396563699.949014744 78
1396563699.976012033 72
1396563699.999100668 76
1396563700.025076264 79
1396563700.050958614 86
1396563700.073891930 90
1396563700.101894348 302
1396563700.123884073 85
1396563700.149886078 80
1396563700.173886594 74
1396563700.198757022 79
1396563700.226760780 225
1396563700.248758553 77
1396563700.274756451 75
1396563700.299711794 75
1396563700.324760599 77
1396563700.351657857 287
1396563700.374618467 83
1396563700.400630794 81
1396563700.425504986 85
1396563700.449420685 85
1396563700.475510292 85
1396563700.500502396 77
1396563700.525505969 76
1396563700.549382983 72
1396563700.574321790 72
1396563700.600381115 72
1396563700.624345423 76
1396563700.649261094 76
1396563700.674229328 86
1396563700.699210907 85
1396563700.726191143 72
1396563700.751252891 72
1396563700.775253987 81
1396563700.800133624 87
1396563700.825126589 85
1396563700.850081425 88
1396563700.876007165 305
1396563700.900016794 80
1396563700.924910059 73
1396563700.950998555 71
1396563700.974956671 91
1396563700.999902123 89
1396563701.024851344 72
1396563701.049899200 72
1396563701.074940672 72
1396563701.099677020 72
1396563701.124686536 71
1396563701.149688021 85
1396563701.175688252 264
1396563701.199688327 85
1396563701.224675587 82
1396563701.250561583 79
1396563701.273577621 81
1396563701.300579387 268
1396563701.324454497 82
1396563701.348438351 72
1396563701.375424314 72
1396563701.398431631 74
1396563701.425320746 72
1396563701.451323509 73
1396563701.474287620 72
1396563701.501351789 81
1396563701.524324954 89
1396563701.551185139 84
1396563701.574196743 92
1396563701.601271212 302
1396563701.626188932 302
1396563701.649126860 71
1396563701.676105330 65
1396563701.699059684 71
1396563701.725125289 65
1396563701.748942420 72
1396563701.773951318 74
1396563701.799979082 70
1396563701.823873517 78
1396563701.851823160 208
1396563701.874804373 85
1396563701.899822176 86
1396563701.925876478 83
1396563701.949762743 82
1396563701.977684691 265
1396563701.999805473 72
1396563702.024702481 72
1396563702.050738836 72
1396563702.074731614 76
1396563702.100748096 73
1396563702.124694253 77
1396563702.149651678 76
1396563702.175445458 94
1396563702.199496224 92
1396563702.226498164 310
1396563702.249489781 91
1396563702.274507091 90
1396563702.300452455 303
1396563702.323368562 85
1396563702.351369684 258
1396563702.374377924 79
1396563702.399381063 76
1396563702.424197413 74
1396563702.448247586 76
1396563702.476247205 244
1396563702.499248171 86
1396563702.524245306 85
1396563702.549055815 73
1396563702.575126518 72
1396563702.601175106 85
1396563702.625116385 85
1396563702.650125218 85
1396563702.675006088 87
1396563702.700001871 85
1396563702.726012139 72
1396563702.749975566 72
1396563702.774852817 73
1396563702.798880903 87
1396563702.824816357 86
1396563702.850849639 76
1396563702.874865028 75
1396563702.899751378 76
1396563702.923803821 72
1396563702.949754840 72
1396563702.973725808 86
1396563703.001866180 306
1396563703.024794202 86
1396563703.050911898 81
1396563703.076674414 79
1396563703.099564832 86
1396563703.127601423 259
1396563703.149513297 85
1396563703.176490989 274
1396563703.199499383 72
1396563703.224399325 77
1396563703.250384864 75
1396563703.274373382 73
1396563703.300337575 71
1396563703.324363536 82
1396563703.350370977 86
1396563703.375150050 83
1396563703.400239672 87
1396563703.427235995 281
1396563703.450240622 86
1396563703.476181211 285
1396563703.500074312 72
1396563703.524112459 77
1396563703.550113323 72
1396563703.575131917 79
1396563703.600095941 74
1396563703.625006901 76
1396563703.648927401 79
1396563703.674959402 77
1396563703.698937174 94
1396563703.726861296 303
1396563703.749828207 82
1396563703.774794468 78
1396563703.801867603 232
1396563703.824752023 79
1396563703.851743305 249
1396563703.874729615 75
1396563703.898686448 75
1396563703.925073367 75
1396563703.949717017 82
1396563703.975734897 75
1396563703.999535624 85
1396563704.023610486 85
1396563704.051436151 274
1396563704.073490962 92
1396563704.101485985 289
1396563704.124471621 91
1396563704.150325797 91
1396563704.176366082 81
1396563704.200372976 82
1396563704.226359220 80
1396563704.249359528 82
1396563704.275218550 81
1396563704.301222182 76
1396563704.324175147 76
1396563704.351232755 90
1396563704.374130452 82
1396563704.401111411 86
1396563704.425106805 92
1396563704.449056985 94
1396563704.477133953 303
1396563704.498970667 86
1396563704.525989723 86
1396563704.549977353 80
1396563704.574988951 80
1396563704.599030477 80
1396563704.624865014 81
1396563704.649827550 85
1396563704.673841694 92
1396563704.700806360 90
1396563704.723666399 81
1396563704.749697423 81
1396563704.773742170 81
1396563704.798729062 91
1396563704.824709982 91
1396563704.848750949 93
1396563704.876666624 229
1396563704.900623453 86
1396563704.925604393 81
1396563704.951429396 81
1396563704.975460631 91
1396563705.002499794 304
1396563705.025427548 82
1396563705.051369502 265
1396563705.075340624 82
1396563705.100355519 82
1396563705.126355834 80
1396563705.150288514 92
1396563705.176226976 307
1396563705.200229715 94
1396563705.225229527 97
1396563705.250166288 96
1396563705.275020940 91
1396563705.302027727 292
1396563705.326024709 85
1396563705.351041629 86
1396563705.375915077 84
1396563705.400920305 88
1396563705.426877165 239
1396563705.449918211 86
1396563705.476927278 261
1396563705.500866906 80
1396563705.525849252 94
1396563705.551800921 286
1396563705.575850622 92
1396563705.600740844 281
1396563705.625712864 85
1396563705.650727280 88
1396563705.675666117 83
1396563705.699708118 84
1396563705.726725203 256
1396563705.750602915 85
1396563705.774584453 86
1396563705.800493626 88
1396563705.825384379 95
1396563705.853377602 304
1396563705.875457984 100
1396563705.899422979 96
1396563705.925380154 96
1396563705.949292075 99
1396563705.975309607 97
1396563705.999357765 96
1396563706.025349751 96
1396563706.051223941 89
1396563706.075198826 92
1396563706.102166926 271
1396563706.125202622 91
1396563706.151116671 91
1396563706.177094133 227
1396563706.200098790 91
1396563706.226052643 96
1396563706.250089924 97
1396563706.276046985 96
1396563706.299986109 96
1396563706.324979069 97
1396563706.349979131 97
1396563706.374889374 96
1396563706.400845474 96
1396563706.424831381 91
1396563706.450845995 90
1396563706.475845868 90
1396563706.500674695 97
1396563706.526770695 97
1396563706.550702148 96
1396563706.576733537 97
1396563706.601708120 101
1396563706.625725609 97
1396563706.651671362 102
1396563706.675611835 98
1396563706.701598147 96
1396563706.725452284 96
1396563706.750493780 96
1396563706.775423243 96
1396563706.800415495 97
1396563706.825349693 96
1396563706.850339657 96
1396563706.876287185 97
1396563706.900342530 96
1396563706.925168624 97
1396563706.950238463 96
1396563706.975214809 96
1396563707.000223406 96
1396563707.025107325 99
1396563707.050044717 96
1396563707.075088979 97
1396563707.100098392 97
1396563707.125088426 96
1396563707.149979346 99
1396563707.174918638 97
1396563707.201177907 97
1396563707.225968044 98
1396563707.252067133 97
1396563707.275826943 99
1396563707.300861705 97
1396563707.325790185 97
1396563707.349842791 97
1396563707.376693128 101
1396563707.401731926 109
1396563707.426736153 100
1396563707.450657538 97
1396563707.474605560 97
1396563707.500603663 96
1396563707.525658308 100
1396563707.550586351 97
1396563707.574526522 98
1396563707.600638350 97
1396563707.626434315 96
1396563707.651430788 102
1396563707.676462482 96
1396563707.701476911 102
1396563707.726292497 96
1396563707.752334367 103
1396563707.776398882 104
1396563707.802347203 101
1396563707.826340642 108
1396563707.852822157 102
1396563707.876217736 103
1396563707.901214009 104
1396563707.927211969 102
1396563707.951092348 106
1396563707.977089237 103
1396563708.001025085 108
1396563708.027048638 109
1396563708.051096797 105
1396563708.075907440 104
1396563708.101963907 102
1396563708.125898762 104
1396563708.151791290 103
1396563708.175782378 101
1396563708.200834465 102
1396563708.225833528 101
1396563708.250785119 106
1396563708.276670003 103
1396563708.300729215 102
1396563708.326642580 102
1396563708.351709291 102
1396563708.376647644 106
1396563708.401660708 104
1396563708.426711655 103
1396563708.452588083 103
1396563708.476509148 102
1396563708.501478602 110
1396563708.526396748 110
1396563708.551459624 110
1396563708.576457360 108
1396563708.601477616 109
1396563708.626392344 108
1396563708.651344065 110
1396563708.676270125 105
1396563708.701339740 103
1396563708.726217049 109
1396563708.751202899 108
1396563708.777205592 111
1396563708.802158937 110
1396563708.827065424 109
1396563708.852041817 113
1396563708.877093199 111
1396563708.902085143 114
1396563708.925905036 108
1396563708.951895339 111
1396563708.976976855 112
1396563709.001960334 110
1396563709.026957158 115
1396563709.050989477 110
1396563709.076757377 112
1396563709.100811840 114
1396563709.126834310 111
1396563709.151831460 115
1396563709.176720435 110
1396563709.201690777 111
1396563709.225772136 113
1396563709.251686076 110
1396563709.275762368 119
1396563709.301744773 111
1396563709.325641583 113
1396563709.350580280 111
1396563709.376597642 111
1396563709.400575485 120
1396563709.426437731 110
1396563709.450409975 115
1396563709.476404300 110
1396563709.502312045 112
1396563709.526337089 120
1396563709.552345426 113
1396563709.576303475 114
1396563709.602153555 101
1396563709.626212192 118
1396563709.651203066 122
1396563709.677199091 117
1396563709.701223931 123
1396563709.727084730 117
1396563709.751076265 119
1396563709.776074181 120
1396563709.801077940 118
1396563709.826007733 124
1396563709.851950167 117
1396563709.875890693 119
1396563709.902045140 121
1396563709.927002436 117
1396563709.951819075 123
1396563709.976848973 117
1396563710.001759098 120
1396563710.029177452 121
1396563710.051698587 120
1396563710.076720564 120
1396563710.101676280 117
1396563710.126654043 126
1396563710.151691440 126
1396563710.176695922 119
1396563710.201678876 119
1396563710.226568250 119
1396563710.251540403 127
1396563710.276409860 130
1396563710.301435202 125
1396563710.326433571 121
1396563710.351421471 120
1396563710.376430211 125
1396563710.401260964 124
1396563710.426315502 124
1396563710.451301502 123
1396563710.476325723 122
1396563710.500199110 122
1396563710.526201179 129
1396563710.551158624 125
1396563710.576156285 123
1396563710.601092423 126
1396563710.626080631 126
1396563710.652017031 130
1396563710.676001543 126
1396563710.702069061 123
1396563710.726913188 128
1396563710.751952254 126
1396563710.776951127 130
1396563710.800897809 128
1396563710.826831193 127
1396563710.850834205 129
1396563710.876827524 125
1396563710.901810240 135
1396563710.925778482 130
1396563710.951645671 133
1396563710.975690079 130
1396563711.001666511 125
1396563711.025693305 142
1396563711.051669788 132
1396563711.077647620 136
1396563711.101553624 134
1396563711.127538880 115
1396563711.151568301 136
1396563711.177400693 128
1396563711.201445167 133
1396563711.226396720 133
1396563711.252424090 130
1396563711.276334601 140
1396563711.302315207 130
1396563711.326326415 133
1396563711.351265297 129
1396563711.376206074 131
1396563711.401138307 141
1396563711.427181811 130
1396563711.451120748 135
1396563711.477175318 132
1396563711.501024756 135
1396563711.526068156 147
1396563711.550998461 137
1396563711.576064399 145
1396563711.601953351 138
1396563711.626144579 142
1396563711.650939154 144
1396563711.675937577 138
1396563711.700890864 155
1396563711.725829687 113
1396563711.750762361 139
1396563711.776835067 151
1396563711.801763146 132
1396563711.826702168 150
1396563711.851618734 125
1396563711.876627205 151
1396563711.901690487 152
1396563711.926713406 147
1396563711.951637623 152
1396563711.976683725 145
1396563712.001639377 152
1396563712.026521608 152
1396563712.051561537 149
1396563712.075463729 151
1396563712.101861127 160
1396563712.126435791 153
1396563712.151385990 152
1396563712.176445092 161
1396563712.201441202 161
1396563712.227314353 160
1396563712.251312129 161
1396563712.277312179 161
1396563712.302264660 160
1396563712.327195469 161
1396563712.352194939 161
1396563712.376144994 161
1396563712.402556137 163
1396563712.426016432 162
1396563712.452041311 161
1396563712.477044806 161
1396563712.501057026 161
1396563712.526956492 168
1396563712.550884210 169
1396563712.576949512 169
1396563712.600904932 168
1396563712.626816505 163
1396563712.651805257 168
1396563712.675810699 168
1396563712.701781071 165
1396563712.725881205 166
1396563712.751680608 165
1396563712.775682451 169
1396563712.800673438 167
1396563712.826653157 166
1396563712.850686365 175
1396563712.876731641 171
1396563712.900579961 175
1396563712.926619719 171
1396563712.951557375 171
1396563712.976384455 175
1396563713.002414265 171
1396563713.026431122 181
1396563713.052445954 173
1396563713.076481755 175
1396563713.101259280 183
1396563713.126367209 180
1396563713.151309669 188
1396563713.177305519 180
1396563713.201171829 183
1396563713.226117759 181
1396563713.251182510 186
1396563713.276176664 199
1396563713.301055536 138
1396563713.326065340 183
1396563713.352054460 161
1396563713.377004078 179
1396563713.401946651 197
1396563713.426942192 181
1396563713.451947040 192
1396563713.476940986 185
1396563713.501751452 193
1396563713.526837110 203
1396563713.551813192 190
1396563713.576808959 201
1396563713.601775188 192
1396563713.626619145 197
1396563713.650618777 203
1396563713.676690214 195
1396563713.701671869 209
1396563713.726633551 195
1396563713.751694429 206
1396563713.776499560 211
1396563713.801556939 197
1396563713.825555944 218
1396563713.851434914 198
1396563713.876428467 223
1396563713.901395365 223
1396563713.926446780 223
1396563713.950281611 224
1396563713.976311807 226
1396563714.000256686 229
1396563714.026359523 229
1396563714.051315526 227
1396563714.076174727 223
1396563714.102282009 223
1396563714.126232791 226
1396563714.152247970 224
1396563714.176109832 223
1396563714.202014347 223
1396563714.227053947 227
1396563714.251017239 229
1396563714.276932942 231
1396563714.300878979 228
1396563714.326923530 228
1396563714.350930000 227
1396563714.375950633 229
1396563714.401904522 236
1396563714.425806515 239
1396563714.451745887 237
1396563714.475797038 239
1396563714.501755190 240
1396563714.526740217 245
1396563714.551671834 248
1396563714.577593094 239
1396563714.601673406 248
1396563714.627685752 235
1396563714.651669839 256
1396563714.676674380 250
1396563714.701526014 237
1396563714.726485329 259
1396563714.752524824 235
1396563714.776569008 261
1396563714.801420872 253
1396563714.826365549 259
1396563714.851337295 268
1396563714.876312582 229
1396563714.901275571 274
1396563714.927293494 247
1396563714.951304667 260
1396563714.976245612 271
1396563715.001138880 235
1396563715.026136423 279
1396563715.051182842 235
1396563715.076130711 285
1396563715.101065007 285
1396563715.125985455 284
1396563715.151027995 287
1396563715.175992324 284
1396563715.201041048 285
1396563715.225889676 285
1396563715.251867950 285
1396563715.276883418 296
1396563715.301919394 285
1396563715.326757550 292
1396563715.351752444 289
1396563715.376798915 290
1396563715.400755782 310
1396563715.426662380 291
1396563715.451666789 301
1396563715.476603415 297
1396563715.501685339 304
1396563715.525605236 313
1396563715.551677134 257
1396563715.575534030 317
1396563715.601549708 283
1396563715.626408844 294
1396563715.651370260 316
1396563715.677462845 266
1396563715.701412438 327
1396563715.727366634 297
1396563715.751286783 314
1396563715.777242406 328
1396563715.802245853 283
1396563715.826187052 329
1396563715.852149651 306
1396563715.876187059 326
1396563715.902165303 332
1396563715.926118099 282
1396563715.951285858 336
1396563715.977041758 343
1396563716.001001051 345
1396563716.027043831 343
1396563716.051043017 342
1396563716.076844933 342
1396563716.100896647 346
1396563716.125913588 351
1396563716.151892013 349
1396563716.175826153 353
1396563716.201710263 347
1396563716.225744737 351
1396563716.250733061 353
1396563716.275744748 356
1396563716.300618489 364
1396563716.326630295 345
1396563716.350562857 357
1396563716.376617644 355
1396563716.401613944 366
1396563716.426642110 369
1396563716.451611362 300
1396563716.476458772 307
1396563716.502535970 266
1396563716.526415433 376
1396563716.551420862 381
1396563716.576406730 325
1396563716.601383689 373
1396563716.626243355 307
1396563716.651271703 388
1396563716.676298796 383
1396563716.701284240 339
1396563716.726291447 392
1396563716.751230037 324
1396563716.776176865 397
1396563716.801167065 356
1396563716.827159655 375
1396563716.852161951 406
1396563716.877041064 373
1396563716.901989666 406
1396563716.927029723 373
1396563716.952033521 391
1396563716.975922377 407
1396563717.001924116 384
1396563717.026858366 416
1396563717.051908444 376
1396563717.076801477 394
1396563717.100893325 396
1396563717.126782241 385
1396563717.150730555 426
1396563717.176796891 383
1396563717.201788038 385
1396563717.226657159 388
1396563717.251659723 337
1396563717.275664052 438
1396563717.301590926 344
1396563717.325676183 400
1396563717.351654317 376
1396563717.376527867 374
1396563717.400525326 443
1396563717.426456182 363
1396563717.450401135 418
1396563717.476399505 383
1396563717.500409963 343
1396563717.526405347 426
1396563717.552261756 340
1396563717.576227637 425
1396563717.602280407 388
1396563717.626279808 389
1396563717.652154672 398
1396563717.676161778 382
1396563717.701102955 421
1396563717.727115709 388
1396563717.751131880 393
1396563717.777051927 399
1396563717.801029369 383
1396563717.825966010 400
1396563717.851030606 389
1396563717.875902757 405
1396563717.901906829 413
1396563717.925907891 384
1396563717.951880351 397
1396563717.976726823 394
1396563718.001785425 409
1396563718.026795725 406
1396563718.051777965 376
1396563718.077676834 374
1396563718.101568106 380
1396563718.126647478 414
1396563718.151632220 390
1396563718.176627266 390
1396563718.201672442 376
1396563718.226670509 387
1396563718.251484530 396
1396563718.276542752 395
1396563718.301349106 403
1396563718.326385280 376
1396563718.351397227 389
1396563718.376350938 380
1396563718.401274866 409
1396563718.426276351 413
1396563718.451220750 384
1396563718.476259161 397
1396563718.501270985 370
1396563718.526112201 413
1396563718.550156070 398
1396563718.576150185 388
1396563718.601095015 405
1396563718.626023934 382
1396563718.650957477 418
1396563718.676032026 396
1396563718.702009003 383
1396563718.726026287 426
1396563718.751842882 380
1396563718.776913350 411
1396563718.801840380 378
1396563718.826902217 384
1396563718.851356220 426
1396563718.876780318 379
1396563718.900763455 435
1396563718.926718719 368
1396563718.951755861 376
1396563718.975660210 407
1396563719.001719319 367
1396563719.025697386 458
1396563719.051603599 373
1396563719.075640745 394
1396563719.101678960 404
1396563719.127530337 380
1396563719.151522965 465
1396563719.177415203 378
1396563719.201327233 398
1396563719.227380819 389
1396563719.251403178 382
1396563719.276407490 455
1396563719.302265999 380
1396563719.326218808 401
1396563719.352270305 392
1396563719.376252367 382
1396563719.401161142 435
1396563719.426164015 378
1396563719.451099204 406
1396563719.477144471 392
1396563719.501209412 382
1396563719.527073739 413
1396563719.551075236 378
1396563719.576048670 431
1396563719.600987244 392
1396563719.625873817 397
1396563719.651897028 404
1396563719.675870949 369
1396563719.700896043 414
1396563719.726125333 379
1396563719.750765057 382
1396563719.775769198 386
1396563719.800744989 377
1396563719.826728347 397
1396563719.851610813 387
1396563719.876620203 403
1396563719.901599532 392
1396563719.926597851 370
1396563719.951636155 345
1396563719.976639773 389
1396563720.001467777 411
1396563720.026523136 400
1396563720.051513921 384
1396563720.076404865 376
1396563720.101403985 391
1396563720.125328447 408
1396563720.151386063 403
1396563720.176281340 388
1396563720.201262744 384
1396563720.226242600 393
1396563720.251222828 395
1396563720.277073921 396
1396563720.301144272 413
1396563720.327141764 371
1396563720.352136253 402
1396563720.377139628 355
1396563720.401947162 401
1396563720.426000188 408
1396563720.452018501 368
1396563720.476010071 407
1396563720.502016418 375
1396563720.526987831 406
1396563720.550891437 393
1396563720.576901155 388
1396563720.600848282 405
1396563720.626782356 375
1396563720.650744619 396
1396563720.676712944 381
1396563720.701766273 379
1396563720.725737333 405
1396563720.751660793 375
1396563720.775637879 395
1396563720.801571482 312
1396563720.825676600 365
1396563720.850559755 383
1396563720.876632845 326
1396563720.900653767 382
1396563720.926512470 322
1396563720.950480855 362
1396563720.976392766 373
1396563721.001348737 317
1396563721.026387858 379
1396563721.052381502 314
1396563721.076336431 366
1396563721.102255472 368
1396563721.126257298 295
1396563721.151257639 375
1396563721.176261816 315
1396563721.201232345 364
1396563721.227065047 362
1396563721.251136684 354
1396563721.276086478 360
1396563721.301156077 350
1396563721.326009104 352
1396563721.350942740 350
1396563721.376018669 324
1396563721.402003484 351
1396563721.426885181 307
1396563721.451895973 343
1396563721.476811813 342
1396563721.501848303 341
1396563721.526772430 343
1396563721.551756720 342
1396563721.576740425 339
1396563721.601773632 333
1396563721.626689066 310
1396563721.651630926 329
1396563721.676650401 274
1396563721.700588620 324
1396563721.726608274 320
1396563721.751430895 329
1396563721.776518925 326
1396563721.801487960 270
1396563721.826505902 319
1396563721.851384247 313
1396563721.875325027 317
1396563721.901379876 313
1396563721.926326702 309
1396563721.951375039 290
1396563721.976324462 306
1396563722.000190809 307
1396563722.026203562 307
1396563722.050256296 299
1396563722.076200343 285
1396563722.101128897 299
1396563722.126062261 296
1396563722.152076537 297
1396563722.176124932 291
1396563722.202017132 290
1396563722.225969393 296
1396563722.252002025 290
1396563722.276953376 293
1396563722.300908531 293
1396563722.326822821 284
1396563722.350873161 285
1396563722.376824964 284
1396563722.400810947 284
1396563722.425836732 285
1396563722.451749347 284
1396563722.475758157 277
1396563722.501755840 239
1396563722.525673689 271
1396563722.551685063 266
1396563722.576553335 222
1396563722.601605329 265
1396563722.627570148 220
1396563722.651599588 263
1396563722.677672033 246
1396563722.701573637 257
1396563722.726484526 264
1396563722.751502984 232
1396563722.776372154 253
1396563722.802393661 209
1396563722.826325398 249
1396563722.851377427 249
1396563722.876253636 241
1396563722.901270450 250
1396563722.926246982 242
1396563722.951199489 248
1396563722.977205815 240
1396563723.001121308 214
1396563723.026138623 244
1396563723.051128311 224
1396563723.076057453 237
1396563723.100993417 237
1396563723.125983733 231
1396563723.150993848 243
1396563723.175994348 230
1396563723.200877865 229
1396563723.225803320 228
1396563723.250827619 226
1396563723.275867080 233
1396563723.301872177 226
1396563723.326739393 230
1396563723.351692431 229
1396563723.376742997 222
1396563723.401747137 224
1396563723.426631172 223
1396563723.450628820 226
1396563723.476615940 223
1396563723.501569036 223
1396563723.526621820 223
1396563723.551615041 223
1396563723.575603910 216
1396563723.601472821 215
1396563723.625424056 209
1396563723.651460426 209
1396563723.676463550 209
1396563723.701360001 210
1396563723.727367774 211
1396563723.751251036 206
1396563723.777171356 209
1396563723.801185125 169
1396563723.827235237 205
1396563723.852268074 206
1396563723.876104275 202
1396563723.902066498 197
1396563723.926123080 189
1396563723.952115012 187
1396563723.975990923 191
1396563724.001000973 198
1396563724.026988252 196
1396563724.051009644 191
1396563724.076983064 187
1396563724.100860450 188
1396563724.126865020 188
1396563724.150864385 187
1396563724.175795858 189
1396563724.201872293 181
1396563724.225749959 188
1396563724.251739114 176
1396563724.275725524 184
1396563724.300568106 184
1396563724.325602155 181
1396563724.350630231 183
1396563724.376614077 176
1396563724.400614386 183
1396563724.426641827 176
1396563724.451575085 175
1396563724.476492813 180
1396563724.502491314 175
1396563724.526360822 173
1396563724.552368331 173
1396563724.576300471 172
1396563724.601361476 185
1396563724.626346775 170
1396563724.651193809 172
1396563724.677212426 164
1396563724.701155354 165
1396563724.726158556 172
1396563724.751065107 166
1396563724.776083470 165
1396563724.801030026 160
1396563724.826037480 161
1396563724.851908717 165
1396563724.876917812 161
1396563724.901926067 166
1396563724.926928905 160
1396563724.951796326 160
1396563724.976804808 164
1396563725.001815166 161
1396563725.026798504 169
1396563725.051799809 161
1396563725.076740405 162
1396563725.101746195 162
1396563725.126665490 161
1396563725.150761641 164
1396563725.176607013 161
1396563725.201644405 161
1396563725.226603101 161
1396563725.251541912 160
1396563725.276614937 161
1396563725.301616767 165
1396563725.325483579 166
1396563725.351430488 166
1396563725.376492034 165
1396563725.401345118 161
1396563725.426377692 160
1396563725.450339554 153
1396563725.476362827 151
1396563725.500251502 149
1396563725.526182137 151
1396563725.551228676 140
1396563725.576238539 148
1396563725.602262388 147
1396563725.626105079 146
1396563725.652053956 146
1396563725.676119074 141
1396563725.702080341 142
1396563725.727089441 143
1396563725.750945903 147
1396563725.776914029 145
1396563725.800976857 141
1396563725.826960149 136
1396563725.850838477 143
1396563725.875845966 143
1396563725.901857591 142
1396563725.925789534 137
1396563725.951852941 127
1396563725.975738260 138
1396563726.001765921 138
1396563726.026715875 137
1396563726.051556732 137
1396563726.077922694 136
1396563726.101600737 139
1396563726.127583247 137
1396563726.151596311 141
1396563726.176633653 143
1396563726.201564156 118
1396563726.226479511 139
1396563726.252430684 106
1396563726.276441597 132
1396563726.301353161 135
1396563726.326300608 129
1396563726.351353526 130
1396563726.376377373 124
1396563726.401350743 127
1396563726.427209496 129
1396563726.451230247 124
1396563726.476172773 133
1396563726.501118377 124
1396563726.526082656 129
1396563726.551100829 126
1396563726.576096596 127
1396563726.600075854 135
1396563726.626113206 121
1396563726.650988925 127
1396563726.675991527 120
1396563726.700997044 124
1396563726.725923471 130
1396563726.751870845 124
1396563726.776863265 128
1396563726.801855643 122
1396563726.826830308 120
1396563726.851848274 129
1396563726.876644861 118
1396563726.900701005 133
1396563726.926720338 105
1396563726.951595080 122
1396563726.976603095 126
1396563727.001524879 121
1396563727.025605525 129
1396563727.051596128 121
1396563727.075572443 124
1396563727.101595995 125
1396563727.126427005 121
1396563727.151279231 128
1396563727.177348461 122
1396563727.201260731 125
1396563727.227366589 125
1396563727.251366239 119
1396563727.277294695 125
1396563727.302200749 120
1396563727.326221402 122
1396563727.352218128 120
1396563727.376224183 119
1396563727.402032578 119
1396563727.426100636 119
1396563727.451090969 121
1396563727.477090537 121
1396563727.500990839 119
1396563727.526966122 118
1396563727.551040063 118
1396563727.576967880 119
1396563727.600966630 119
1396563727.625859343 123
1396563727.651851849 123
1396563727.675779566 119
1396563727.701861745 118
1396563727.725850239 123
1396563727.750713735 120
1396563727.775714083 118
1396563727.800711543 118
1396563727.826544975 116
1396563727.850616731 112
1396563727.876592037 121
1396563727.901609643 118
1396563727.926591653 118
1396563727.951541263 117
1396563727.976581238 113
1396563728.001480645 113
1396563728.026483659 111
1396563728.051480177 113
1396563728.076468297 110
1396563728.101298471 114
1396563728.126320755 111
1396563728.151320150 119
1396563728.176339787 114
1396563728.201220839 109
1396563728.226147538 116
1396563728.251218687 110
1396563728.276215331 112
1396563728.301211938 110
1396563728.327074349 109
1396563728.352097558 114
1396563728.377037276 108
1396563728.402090140 110
1396563728.427085366 109
1396563728.451964873 108
1396563728.475970430 121
1396563728.501928044 110
1396563728.526947665 108
1396563728.551857921 108
1396563728.576863409 107
1396563728.600843968 112
1396563728.626738258 101
1396563728.650658997 105
1396563728.676651809 101
1396563728.701665003 102
1396563728.726608329 111
1396563728.751564547 102
1396563728.775588425 108
1396563728.801563317 102
1396563728.825544823 108
1396563728.851568947 112
1396563728.875535466 108
1396563728.900538546 116
1396563728.926463076 108
1396563728.950461873 110
1396563728.976266610 110
1396563729.000346988 108
1396563729.026294173 108
1396563729.052270281 101
1396563729.076321227 103
1396563729.102185409 105
1396563729.126159537 102
1396563729.152217954 105
1396563729.176142389 107
1396563729.201062002 107
1396563729.226999001 108
1396563729.251080781 101
1396563729.277032722 103
1396563729.300890619 101
1396563729.325939123 106
1396563729.350963094 104
1396563729.376540173 102
1396563729.401854219 102
1396563729.425841583 102
1396563729.451781719 105
1396563729.476833970 104
1396563729.501834469 103
1396563729.526674478 102
1396563729.551692189 102
1396563729.577648902 104
1396563729.601787026 104
1396563729.625582816 97
1396563729.650590379 96
1396563729.676551952 103
1396563729.701535257 102
1396563729.726539079 104
1396563729.751577293 105
1396563729.776417982 102
1396563729.800456339 97
1396563729.825408573 97
1396563729.851267461 104
1396563729.875313600 98
1396563729.900346716 97
1396563729.924307136 97
1396563729.950296649 97
1396563729.976138272 100
1396563730.000199807 97
1396563730.026197466 102
1396563730.050189232 102
1396563730.076209852 101
1396563730.099011531 97
1396563730.125075567 96
1396563730.151258776 96
1396563730.176095297 104
1396563730.201970578 102
1396563730.225011459 98
1396563730.250885878 96
1396563730.274980019 96
1396563730.300978001 96
1396563730.325954436 96
1396563730.349838652 99
1396563730.375758652 97
1396563730.399825425 97
1396563730.425812104 97
1396563730.449685005 97
1396563730.475702945 100
1396563730.500686233 97
1396563730.524842942 98
1396563730.550537833 96
1396563730.574592842 96
1396563730.600544491 96
1396563730.626542467 97
1396563730.650531662 96
1396563730.676581512 96
1396563730.700438702 90
1396563730.726420765 96
1396563730.751449641 101
1396563730.776416924 103
1396563730.802280308 101
1396563730.825321848 96
1396563730.851341041 99
1396563730.875330540 96
1396563730.901186026 101
1396563730.925132011 97
1396563730.950198841 96
1396563730.975174413 96
1396563731.000201620 96
1396563731.026071328 93
1396563731.051032186 276
1396563731.075052808 91
1396563731.100067546 91
1396563731.124929789 97
1396563731.149929520 97
1396563731.174905313 96
1396563731.199889845 91
1396563731.224818925 91
1396563731.249824003 97
1396563731.274781573 96
1396563731.299758280 96
1396563731.324612013 96
1396563731.350621507 96
1396563731.375678227 91
1396563731.400632905 90
1396563731.425515964 90
1396563731.450558563 91
1396563731.475572658 92
1396563731.499578520 96
1396563731.525570961 96
1396563731.550538398 88
1396563731.575571093 85
1396563731.600522872 91
1396563731.625499603 102
1396563731.651492827 101
1396563731.674300337 96
1396563731.700382037 97
1396563731.725470929 96
1396563731.750945962 87
1396563731.776319661 84
1396563731.800217950 90
1396563731.827155635 281
1396563731.850194744 96
1396563731.876142773 86
1396563731.901174694 85
1396563731.925073308 86
1396563731.951063284 84
1396563731.975067358 87
1396563732.000890420 86
1396563732.024953422 84
1396563732.049890427 92
1396563732.076921305 283
1396563732.099814986 97
1396563732.125821245 96
1396563732.150013697 96
1396563732.175815259 86
1396563732.199827600 84
1396563732.224667654 85
1396563732.251655477 258
1396563732.274626631 81
1396563732.300692153 76
1396563732.324669513 76
1396563732.349558477 93
1396563732.376722937 304
1396563732.398520058 86
1396563732.425511658 78
1396563732.449556088 89
1396563732.475543989 95
1396563732.501510823 288
1396563732.524454557 81
1396563732.552555109 260
1396563732.575316600 80
1396563732.601370200 86
1396563732.626302282 219
1396563732.649295162 81
1396563732.676382676 222
1396563732.700242719 80
1396563732.724199323 85
1396563732.751364687 240
1396563732.774175090 96
1396563732.800183288 96
1396563732.825012243 97
1396563732.849063437 96
1396563732.876059460 278
1396563732.899957332 93
1396563732.925936978 91
1396563732.950894191 80
1396563732.974958106 82
1396563733.000935915 81
1396563733.025893455 82
1396563733.050793600 80
1396563733.073818463 77
1396563733.099744509 79
1396563733.126814820 101
1396563733.149677932 81
1396563733.176686412 304
1396563733.199680470 86
1396563733.224601978 86
1396563733.249657421 89
1396563733.276558858 309
1396563733.301573887 293
1396563733.324576284 82
1396563733.350587655 82
1396563733.374422896 76
1396563733.400581498 75
1396563733.423562742 74
1396563733.449442938 91
1396563733.474468473 92
1396563733.498442584 77
1396563733.525375222 76
1396563733.549315136 75
1396563733.575317609 75
1396563733.598307874 78
1396563733.624209020 92
1396563733.651135562 90
1396563733.675262634 85
1396563733.702182745 245
1396563733.724145854 87
1396563733.750166275 77
1396563733.775055442 74
1396563733.799056582 91
1396563733.827061824 279
1396563733.850058957 78
1396563733.875949878 76
1396563733.899939412 76
1396563733.924930544 73
1396563733.949936539 72
1396563733.973792171 76
1396563734.000806034 71
1396563734.025742649 306
1396563734.049792736 87
1396563734.076803310 301
1396563734.099679740 86
1396563734.126682427 284
1396563734.150630888 84
1396563734.175693513 74
1396563734.200557747 71
1396563734.225556229 78
1396563734.250555082 71
1396563734.274537904 72
1396563734.299563817 73
1396563734.325528763 71
1396563734.348574116 74
1396563734.375436230 66
1396563734.399426403 82
1396563734.425339466 81
1396563734.450288640 80
1396563734.474320190 86
1396563734.501301474 242
1396563734.523248271 78
1396563734.550131356 75
1396563734.574179893 73
1396563734.600175005 81
1396563734.625194118 74
1396563734.648176231 79
1396563734.675064473 78
1396563734.700003806 77
1396563734.724029820 78
1396563734.751046323 287
1396563734.774924968 86
1396563734.800928231 84
1396563734.824866956 84
1396563734.849893261 85
1396563734.876812087 268
1396563734.899804049 83
1396563734.925791073 80
1396563734.948747729 75
1396563734.974760511 76
1396563734.999675244 75
1396563735.024663990 73
1396563735.050675318 72
1396563735.073683246 81
1396563735.099538532 82
1396563735.124560153 80
1396563735.149548969 81
1396563735.174490485 71
1396563735.199487844 87
1396563735.224481688 86
1396563735.250429827 85
1396563735.276420701 84
1396563735.300420994 85
1396563735.325305334 73
1396563735.349231075 72
1396563735.374261054 73
1396563735.401295718 71
1396563735.425246000 81
1396563735.450190496 81
1396563735.474130033 82
1396563735.500120732 77
1396563735.524176203 72
1396563735.549171349 75
1396563735.576035288 71
1396563735.599056547 81
1396563735.624994271 86
1396563735.650047727 84
1396563735.673944522 84
1396563735.700958035 263
1396563735.724915461 76
1396563735.748860678 86
1396563735.774909935 84
1396563735.798799024 81
1396563735.825758436 227
1396563735.848804433 73
1396563735.874748616 77
1396563735.898727366 75
1396563735.923732945 74
1396563735.950671172 71
1396563735.974673490 74
1396563736.000667270 71
1396563736.025630451 84
1396563736.049543670 88
1396563736.076575876 262
1396563736.098508666 89
1396563736.126488453 266
1396563736.149436045 72
1396563736.174492281 74
1396563736.200551664 71
1396563736.223565737 77
1396563736.250358167 71
1396563736.273395704 67
1396563736.299241913 67
1396563736.326256665 296
1396563736.349292276 84
1396563736.377224209 295
1396563736.399174462 85
1396563736.425165940 85
1396563736.450152296 84
1396563736.475164430 85
1396563736.502192335 248
1396563736.524055002 73
1396563736.550043495 72
1396563736.574976380 72
1396563736.600036913 80
1396563736.625039555 75
1396563736.648925094 73
1396563736.675901191 72
1396563736.699869442 71
1396563736.724881366 73
1396563736.750927885 273
1396563736.774788282 84
1396563736.799775285 81
1396563736.823748769 86
1396563736.849749085 85
1396563736.875682090 252
1396563736.899663151 78
1396563736.924673570 76
1396563736.948616065 73
1396563736.973695767 73
1396563736.999524644 72
1396563737.024538801 73
1396563737.048522443 72
1396563737.074551608 86
1396563737.099453585 86
1396563737.125528680 77
1396563737.150537937 76
1396563737.174427426 76
1396563737.200410801 87
1396563737.224388080 84
1396563737.250257760 84
1396563737.275345142 83
1396563737.299283992 85
1396563737.324285347 77
1396563737.349157819 76
1396563737.373099293 76
1396563737.400158245 75
1396563737.424144013 85
1396563737.449134267 76
1396563737.475059470 76
1396563737.498999074 77
1396563737.526037828 75
1396563737.549014083 76
1396563737.575927317 75
1396563737.599903060 77
1396563737.624907775 87
1396563737.650842358 84
1396563737.673910181 86
1396563737.701876861 256
1396563737.723803615 82
1396563737.750780188 91
1396563737.775731321 88
1396563737.799685429 78
1396563737.825597940 75
1396563737.848596474 78
1396563737.874655606 75
1396563737.900489893 78
1396563737.924526735 81
1396563737.951531453 300
1396563737.973536909 83
1396563738.001425676 282
1396563738.024520462 284
1396563738.049516246 84
1396563738.076403513 231
1396563738.099383079 88
1396563738.126392890 261
1396563738.149298336 72
1396563738.174218883 77
1396563738.199279945 75
1396563738.224301652 80
1396563738.251161185 74
1396563738.274143130 71
1396563738.300175807 73
1396563738.325086420 75
1396563738.350160531 86
1396563738.375034177 80
1396563738.398960006 85
1396563738.425025581 85
1396563738.449962824 89
1396563738.474902487 88
1396563738.500905879 246
1396563738.523938561 82
1396563738.548835584 81
1396563738.573838900 81
1396563738.599710555 82
1396563738.624776374 81
1396563738.649709470 83
1396563738.674818228 82
1396563738.700643700 82
1396563738.724618077 81
1396563738.751879607 309
1396563738.776607500 83
1396563738.799477680 84
1396563738.825527111 90
1396563738.849510221 90
1396563738.876474770 274
1396563738.900505417 86
1396563738.925528776 85
1396563738.950349870 80
1396563738.974403838 81
1396563739.000223726 80
1396563739.024256486 81
1396563739.049803396 81
1396563739.074275428 92
1396563739.099246840 91
1396563739.125259126 80
1396563739.150164031 80
1396563739.174154748 76
1396563739.199146762 87
1396563739.225175371 86
1396563739.248046359 91
1396563739.274988473 90
1396563739.300039911 91
1396563739.324022566 86
1396563739.349851625 85
1396563739.374909832 82
1396563739.400928568 81
1396563739.424898804 92
1396563739.450900481 90
1396563739.475769495 81
1396563739.500829981 83
1396563739.525757681 84
1396563739.549853994 86
1396563739.576613190 301
1396563739.599655718 81
1396563739.625664056 91
1396563739.651577546 244
1396563739.674470292 91
1396563739.701510332 283
1396563739.724519330 91
1396563739.750506325 91
1396563739.774503957 90
1396563739.800522387 88
1396563739.827471513 266
1396563739.850424578 82
1396563739.876410741 80
1396563739.900424392 84
1396563739.926289544 85
1396563739.952355072 80
1396563739.975269640 83
1396563740.001172649 80
1396563740.024143373 84
1396563740.050174980 94
1396563740.076146426 264
1396563740.099133359 94
1396563740.126019803 272
1396563740.150020424 81
1396563740.175018151 86
1396563740.200018300 84
1396563740.224968563 90
1396563740.250892044 308
1396563740.274898899 89
1396563740.298913381 90
1396563740.325898837 257
1396563740.350719753 94
1396563740.375757938 308
1396563740.399765463 96
1396563740.424657594 96
1396563740.449642787 96
1396563740.474641932 95
1396563740.499572945 96
1396563740.525670481 96
1396563740.550673986 96
1396563740.575525111 90
1396563740.600539589 91
1396563740.626353647 245
1396563740.650515036 92
1396563740.675528517 91
1396563740.700359682 84
1396563740.725417839 85
1396563740.750409984 96
1396563740.775264825 92
1396563740.800224606 90
1396563740.824269140 97
1396563740.850275017 96
1396563740.875281518 96
1396563740.900089859 96
1396563740.925119644 96
1396563740.950120078 96
1396563740.976130740 96
1396563741.000114425 91
1396563741.025974180 90
1396563741.051031918 91
1396563741.076008116 98
1396563741.101014914 97
1396563741.125904129 101
1396563741.151885137 101
1396563741.175816585 102
1396563741.200880248 91
1396563741.225902950 90
1396563741.249762562 96
1396563741.275760793 97
1396563741.299714055 97
1396563741.325770004 98
1396563741.349755665 96
1396563741.375635943 96
1396563741.400646619 96
1396563741.424669296 97
1396563741.450901168 97
1396563741.474521461 96
1396563741.500490474 97
1396563741.524508194 96
1396563741.549511367 96
1396563741.575419132 97
1396563741.599506775 96
1396563741.625391282 97
1396563741.649377761 96
1396563741.676385098 101
1396563741.700396835 96
1396563741.725242500 97
1396563741.751255508 97
1396563741.775258769 97
1396563741.802274596 100
1396563741.825112310 97
1396563741.850078683 96
1396563741.875129461 97
1396563741.900133642 99
1396563741.926030704 96
1396563741.951016087 101
1396563741.974944834 97
1396563741.999989500 97
1396563742.025006364 96
1396563742.050881294 102
1396563742.074882747 96
1396563742.101882042 101
1396563742.125885916 96
1396563742.150879010 96
1396563742.176733084 100
1396563742.200758364 96
1396563742.226761053 101
1396563742.250716832 96
1396563742.275634583 96
1396563742.300638152 98
1396563742.326644957 102
1396563742.351607707 107
1396563742.376545255 102
1396563742.400486098 103
1396563742.426506317 104
1396563742.451504068 103
1396563742.476481970 104
1396563742.501534560 103
1396563742.526436181 105
1396563742.551374901 105
1396563742.575325889 103
1396563742.601396872 103
1396563742.626238566 102
1396563742.651201955 105
1396563742.676253904 104
1396563742.700252815 107
1396563742.726160023 106
1396563742.750128992 105
1396563742.776083023 104
1396563742.801125584 102
1396563742.825947096 103
1396563742.851999538 102
1396563742.875949035 101
1396563742.902000958 103
1396563742.925940716 103
1396563742.951903716 103
1396563742.976820529 102
1396563743.000876774 101
1396563743.026836337 101
1396563743.050702791 104
1396563743.076750650 104
1396563743.100758036 102
1396563743.125845763 108
1396563743.151645561 107
1396563743.175615271 104
1396563743.201574110 105
1396563743.225647138 102
1396563743.251565735 104
1396563743.276569548 102
1396563743.301514570 110
1396563743.327437555 109
1396563743.351497467 109
1396563743.377448674 110
1396563743.401525573 107
1396563743.426380504 112
1396563743.451327654 108
1396563743.476367106 108
1396563743.502240207 110
1396563743.526258434 107
1396563743.551247265 114
1396563743.576250839 111
1396563743.601198388 113
1396563743.626105171 109
1396563743.651120277 107
1396563743.677124576 113
1396563743.701062363 107
1396563743.726003219 112
1396563743.751001853 110
1396563743.775993461 111
1396563743.800998528 117
1396563743.825894443 107
1396563743.850958420 111
1396563743.875885992 108
1396563743.900875479 108
1396563743.925857617 115
1396563743.950716898 108
1396563743.975682352 111
1396563744.001688310 108
1396563744.026745872 111
1396563744.051762969 118
1396563744.076623324 111
1396563744.101579567 122
1396563744.126648194 117
1396563744.150566093 118
1396563744.176639106 121
1396563744.201450679 117
1396563744.226473151 125
1396563744.251492728 118
1396563744.275425604 124
1396563744.301520112 125
1396563744.325510455 116
1396563744.351369664 121
1396563744.376366363 106
1396563744.401316148 118
1396563744.427204137 123
1396563744.451248099 117
1396563744.477239417 120
1396563744.501230730 116
1396563744.527114783 120
1396563744.552036324 120
1396563744.576115641 118
1396563744.602121864 116
1396563744.626139601 117
1396563744.651990131 121
1396563744.675928715 121
1396563744.700976716 118
1396563744.726989760 119
1396563744.750932164 118
1396563744.776865385 121
1396563744.800815071 120
1396563744.826799116 120
1396563744.850847686 119
1396563744.875861193 117
1396563744.901759456 119
1396563744.925712675 121
1396563744.951771680 127
1396563744.975716155 123
1396563745.000616756 124
1396563745.025655621 122
1396563745.050615743 126
1396563745.076565390 125
1396563745.100509544 123
1396563745.126489569 125
1396563745.151486031 122
1396563745.176510898 127
1396563745.201442043 124
1396563745.226429379 126
1396563745.251540890 129
1396563745.275306287 93
1396563745.301435679 125
1396563745.326275308 122
1396563745.351210637 127
1396563745.376204765 129
1396563745.401236679 125
1396563745.426256206 131
1396563745.451128245 125
1396563745.476129073 128
1396563745.501042612 129
1396563745.526116964 125
1396563745.551073633 133
1396563745.576989024 125
1396563745.601971300 128
1396563745.626939475 128
1396563745.651991146 126
1396563745.676990901 136
1396563745.701908350 126
1396563745.725894783 129
1396563745.751855822 126
1396563745.776435061 126
1396563745.801913404 140
1396563745.826725776 130
1396563745.850740005 136
1396563745.876740089 130
1396563745.900575382 133
1396563745.926587467 139
1396563745.953716476 116
1396563745.976584975 144
1396563746.001573047 101
1396563746.025420394 135
1396563746.051440782 140
1396563746.075492501 125
1396563746.101464216 144
1396563746.125479706 123
1396563746.150431439 141
1396563746.176431270 143
1396563746.200362600 138
1396563746.226352962 144
1396563746.250243396 138
1396563746.276234063 142
1396563746.301199513 143
1396563746.326177679 140
1396563746.352227611 144
1396563746.376087673 139
1396563746.402105270 142
1396563746.426119266 143
1396563746.451037161 144
1396563746.476979718 147
1396563746.501116353 141
1396563746.526964447 149
1396563746.551046832 147
1396563746.575816063 144
1396563746.600854296 145
1396563746.625854693 146
1396563746.651801490 153
1396563746.675797424 153
1396563746.701741345 153
1396563746.726663864 150
1396563746.751749166 150
1396563746.776714150 152
1396563746.801713647 157
1396563746.827591149 166
1396563746.851550393 165
1396563746.876606626 165
1396563746.901960462 161
1396563746.926444968 160
1396563746.952037564 161
1396563746.976541928 160
1396563747.000477330 160
1396563747.026460362 161
1396563747.051440138 161
1396563747.076345864 161
1396563747.101344426 161
1396563747.126299850 161
1396563747.151348842 160
1396563747.175235188 163
1396563747.201236449 167
1396563747.226280578 167
1396563747.251198941 162
1396563747.276226039 160
1396563747.300098654 169
1396563747.326158123 166
1396563747.350111640 167
1396563747.376081295 168
1396563747.401035871 166
1396563747.425985981 175
1396563747.451971442 165
1396563747.475973230 166
1396563747.501968935 168
1396563747.525798202 165
1396563747.551852950 177
1396563747.576857632 165
1396563747.600847733 168
1396563747.626811851 166
1396563747.650696249 172
1396563747.676781101 188
1396563747.700702343 154
1396563747.725737469 176
