1396563697.768658838 101
1396563697.794631731 349
1396563697.818472344 100
1396563697.843483200 345
1396563697.867618178 95
1396563697.893594394 333
1396563697.919501084 331
1396563697.943448675 100
1396563697.969378425 343
1396563697.993536325 96
1396563698.019380538 338
1396563698.043381248 94
1396563698.069416663 100
1396563698.095294328 293
1396563698.118229208 91
1396563698.144268049 303
1396563698.168408193 94
1396563698.193148513 94
1396563698.220127597 342
1396563698.243195294 95
1396563698.269095186 336
1396563698.294148197 344
1396563698.318956633 102
1396563698.344018896 349
1396563698.368966290 113
1396563698.393957508 350
1396563698.419898377 341
1396563698.443892208 95
1396563698.469823957 345
1396563698.493720530 96
1396563698.519670566 302
1396563698.543773871 95
1396563698.569705087 101
1396563698.594722309 332
1396563698.618598941 95
1396563698.644598860 286
1396563698.668594239 96
1396563698.692457261 96
1396563698.718515769 95
1396563698.744467341 336
1396563698.768450731 95
1396563698.793458986 96
1396563698.818324003 99
1396563698.843352852 94
1396563698.868374238 339
1396563698.893344565 94
1396563698.919214378 100
1396563698.943257405 96
1396563698.968215704 94
1396563698.993382643 346
1396563699.019090100 345
1396563699.042096542 95
1396563699.068095175 95
1396563699.093979162 105
1396563699.118948200 344
1396563699.143965272 94
1396563699.168991065 345
1396563699.193822207 95
1396563699.217838051 96
1396563699.244902501 341
1396563699.268835078 95
1396563699.293818392 346
1396563699.319712453 101
1396563699.342719043 91
1396563699.369788759 326
1396563699.392800492 91
1396563699.418714699 345
1396563699.442710823 92
1396563699.468587029 322
1396563699.493663793 94
1396563699.517573304 97
1396563699.544430698 311
1396563699.568461649 96
1396563699.594459395 331
1396563699.619529261 95
1396563699.643322514 93
1396563699.670410469 321
1396563699.693352819 94
1396563699.719322170 338
1396563699.745213169 347
1396563699.768196008 95
1396563699.795210730 345
1396563699.819208710 110
1396563699.844160470 346
1396563699.868088271 91
1396563699.893136322 90
1396563699.920119394 337
1396563699.943018086 92
1396563699.969952739 337
1396563699.993113600 95
1396563700.018974077 305
1396563700.044009698 321
1396563700.067846681 96
1396563700.093908447 341
1396563700.117889649 91
1396563700.143832254 325
1396563700.167773163 94
1396563700.192715022 92
1396563700.218744297 344
1396563700.242770745 92
1396563700.267720277 90
1396563700.293757457 91
1396563700.318758855 90
1396563700.344631153 329
1396563700.368628075 92
1396563700.393670068 90
1396563700.419458385 342
1396563700.442507809 96
1396563700.469508051 341
1396563700.494510212 105
1396563700.519510012 314
1396563700.543320933 95
1396563700.567387754 91
1396563700.594382545 340
1396563700.617385612 90
1396563700.643367660 90
1396563700.668196012 91
1396563700.693217302 90
1396563700.720243728 335
1396563700.744293400 316
1396563700.769254427 91
1396563700.793115495 92
1396563700.819049962 90
1396563700.844134469 90
1396563700.869004364 340
1396563700.893947858 91
1396563700.918021464 90
1396563700.944949779 100
1396563700.967925236 91
1396563700.994066076 338
1396563701.018898101 95
1396563701.049773274 310
1396563701.068685668 91
1396563701.092676803 92
1396563701.118687164 89
1396563701.142683554 91
1396563701.168704497 338
1396563701.193716210 91
1396563701.218703680 100
1396563701.244568721 345
1396563701.267581241 91
1396563701.293585148 342
1396563701.317450125 95
1396563701.342429219 95
1396563701.369448542 329
1396563701.392427541 96
1396563701.419278076 339
1396563701.444298090 101
1396563701.468320188 90
1396563701.494300571 336
1396563701.518307840 94
1396563701.545211744 341
1396563701.568197059 97
1396563701.594277903 346
1396563701.618207808 95
1396563701.643067156 97
1396563701.669110755 352
1396563701.693073882 95
1396563701.719077503 341
1396563701.742941560 86
1396563701.767941516 86
1396563701.792931727 84
1396563701.817839778 91
1396563701.844817420 335
1396563701.868814754 83
1396563701.893822695 91
1396563701.919894418 343
1396563701.943698598 95
1396563701.969759085 342
1396563701.993699712 90
1396563702.017750998 90
1396563702.044693317 332
1396563702.068773645 95
1396563702.094667124 339
1396563702.118606466 99
1396563702.143057331 90
1396563702.169581032 338
1396563702.192500622 92
1396563702.219497019 342
1396563702.243497468 92
1396563702.268430882 91
1396563702.293525150 90
1396563702.317372998 95
1396563702.344369537 334
1396563702.367367523 92
1396563702.393323480 91
1396563702.418331858 90
1396563702.442245782 91
1396563702.469246239 279
1396563702.492245146 86
1396563702.518203566 91
1396563702.542135456 91
1396563702.569136365 355
1396563702.595138017 341
1396563702.619177750 346
1396563702.644133824 90
1396563702.668009435 91
1396563702.693998719 95
1396563702.718988544 328
1396563702.743992268 334
1396563702.768848451 91
1396563702.792818666 96
1396563702.818868302 91
1396563702.843855688 345
1396563702.868756169 330
1396563702.892768050 95
1396563702.917713799 95
1396563702.943922099 90
1396563702.967736787 91
1396563702.994792975 339
1396563703.018788174 95
1396563703.044794814 311
1396563703.069561629 103
1396563703.093608499 96
1396563703.120548715 322
1396563703.143486121 96
1396563703.169461515 346
1396563703.193400257 95
1396563703.218476247 95
1396563703.243388725 90
1396563703.268368386 96
1396563703.294320903 344
1396563703.318302712 95
1396563703.344365593 353
1396563703.369248978 343
1396563703.394252948 102
1396563703.419247668 350
1396563703.444246080 101
1396563703.469192222 351
1396563703.494245817 336
1396563703.518116005 98
1396563703.544112140 346
1396563703.569115289 107
1396563703.592978939 345
1396563703.618943287 306
1396563703.641991237 92
1396563703.668987354 341
1396563703.692990892 95
1396563703.718819564 342
1396563703.743795280 98
1396563703.767862028 92
1396563703.794861869 323
1396563703.817848427 95
1396563703.844747173 342
1396563703.868683557 91
1396563703.892707986 91
1396563703.918733789 89
1396563703.942723224 95
1396563703.969743236 311
1396563703.993613760 91
1396563704.017563922 90
1396563704.044630763 341
1396563704.067488408 96
1396563704.094489396 346
1396563704.117484190 95
1396563704.144440818 100
1396563704.170303909 347
1396563704.194334359 106
1396563704.220369167 345
1396563704.243339507 95
1396563704.269239758 91
1396563704.294174185 331
1396563704.318227576 95
1396563704.345234237 345
1396563704.368234640 96
1396563704.395090639 101
1396563704.419041006 109
1396563704.443108393 95
1396563704.469001102 323
1396563704.493002690 95
1396563704.519997605 101
1396563704.544006580 101
1396563704.568892427 95
1396563704.592979723 95
1396563704.618858689 333
1396563704.642865251 95
1396563704.667805789 96
1396563704.694804700 102
1396563704.717791144 94
1396563704.743728755 342
1396563704.767677647 95
1396563704.792752515 94
1396563704.817695667 95
1396563704.842716176 94
1396563704.868699846 350
1396563704.894583641 101
1396563704.919603481 109
1396563704.944478356 100
1396563704.969443159 323
1396563704.994575638 350
1396563705.019559879 101
1396563705.044459637 350
1396563705.069372085 100
1396563705.094300761 101
1396563705.119288742 350
1396563705.144351964 101
1396563705.168179316 352
1396563705.194237111 117
1396563705.219160249 101
1396563705.244175396 107
1396563705.269103662 108
1396563705.294117892 107
1396563705.320112859 107
1396563705.344105982 108
1396563705.370186338 107
1396563705.394975281 107
1396563705.419963741 116
1396563705.443973783 98
1396563705.469311240 340
1396563705.494832008 351
1396563705.518815022 104
1396563705.544852947 349
1396563705.569683533 102
1396563705.593730249 351
1396563705.619662502 330
1396563705.643691620 102
1396563705.669686038 350
1396563705.692723455 97
1396563705.719843894 344
1396563705.744612092 100
1396563705.768598389 101
1396563705.794536339 351
1396563705.818497859 112
1396563705.844485354 344
1396563705.867454917 94
1396563705.893472886 101
1396563705.919307342 349
1396563705.943288014 103
1396563705.969351984 351
1396563705.993347412 107
1396563706.019345993 107
1396563706.044253966 116
1396563706.069173523 108
1396563706.095228847 115
1396563706.119223594 105
1396563706.145096476 108
1396563706.169222109 108
1396563706.194054564 101
1396563706.219098919 348
1396563706.244106731 107
1396563706.269992801 107
1396563706.293979564 107
1396563706.318932129 116
1396563706.343919708 107
1396563706.368952043 107
1396563706.393831896 107
1396563706.418847893 107
1396563706.444849110 107
1396563706.469799142 107
1396563706.494833978 108
1396563706.519718904 108
1396563706.544719496 118
1396563706.569722705 107
1396563706.594704391 107
1396563706.619672295 108
1396563706.644585533 108
1396563706.669599691 107
1396563706.694602363 107
1396563706.719469960 107
1396563706.743424441 107
1396563706.769455670 108
1396563706.794433792 107
1396563706.819491485 116
1396563706.844338519 108
1396563706.869346599 107
1396563706.894362439 109
1396563706.918357801 107
1396563706.944200891 108
1396563706.969218237 108
1396563706.994222504 108
1396563707.019030499 108
1396563707.043078136 115
1396563707.069104319 107
1396563707.093072336 108
1396563707.119114701 107
1396563707.143934723 109
1396563707.168927014 107
1396563707.194984405 107
1396563707.218960777 108
1396563707.244987517 108
1396563707.268870837 112
1396563707.294772938 107
1396563707.319818577 107
1396563707.343842043 108
1396563707.369739866 107
1396563707.393718593 115
1396563707.419664495 108
1396563707.443702154 111
1396563707.468742605 107
1396563707.494680724 116
1396563707.518602051 113
1396563707.544595770 107
1396563707.568665152 113
1396563707.594591066 107
1396563707.619452176 108
1396563707.644478313 112
1396563707.670467352 108
1396563707.694414952 111
1396563707.720349482 115
1396563707.744337734 107
1396563707.769396173 109
1396563707.794289052 107
1396563707.819295279 113
1396563707.845217195 107
1396563707.869227572 108
1396563707.894282017 108
1396563707.919227459 108
1396563707.944200654 126
1396563707.969080468 113
1396563707.994067476 113
1396563708.020087546 115
1396563708.044067137 112
1396563708.068953019 115
1396563708.093914275 113
1396563708.118944507 120
1396563708.143941963 114
1396563708.168800866 120
1396563708.193867833 113
1396563708.218785338 112
1396563708.243853994 116
1396563708.268725538 114
1396563708.293659561 114
1396563708.318710644 113
1396563708.344705325 113
1396563708.369646745 114
1396563708.394718261 114
1396563708.419715687 112
1396563708.444584396 112
1396563708.469580500 112
1396563708.493381141 113
1396563708.519463841 113
1396563708.544481227 114
1396563708.569462823 119
1396563708.594486680 119
1396563708.618268881 118
1396563708.644332492 114
1396563708.668338934 113
1396563708.694279415 118
1396563708.719189084 118
1396563708.744141393 118
1396563708.770158922 120
1396563708.794208376 120
1396563708.820206932 118
1396563708.844031131 124
1396563708.870075015 118
1396563708.895021029 121
1396563708.919082288 119
1396563708.945030162 119
1396563708.968962831 121
1396563708.994906682 118
1396563709.018905305 125
1396563709.043920256 121
1396563709.069815959 123
1396563709.093834531 123
1396563709.119836369 127
1396563709.143900463 127
1396563709.169764381 119
1396563709.193686148 122
1396563709.218774851 123
1396563709.244755828 121
1396563709.268765028 128
1396563709.294677017 121
1396563709.318847892 123
1396563709.343630259 112
1396563709.368582759 122
1396563709.393447669 130
1396563709.419411447 121
1396563709.443455455 124
1396563709.469440039 121
1396563709.494431131 121
1396563709.519314897 129
1396563709.544330268 120
1396563709.569252447 130
1396563709.595328751 118
1396563709.619213989 121
1396563709.644185164 126
1396563709.669188162 121
1396563709.694203098 129
1396563709.719091105 121
1396563709.744077270 131
1396563709.769089319 124
1396563709.794079473 119
1396563709.819047707 132
1396563709.843899305 122
1396563709.869019480 130
1396563709.894016825 130
1396563709.920008522 127
1396563709.944786397 132
1396563709.969784570 119
1396563709.994806286 129
1396563710.019743900 132
1396563710.044828489 127
1396563710.068658749 130
1396563710.094633369 127
1396563710.119684015 132
1396563710.144683064 129
1396563710.169699735 128
1396563710.193699925 137
1396563710.219568273 128
1396563710.243532762 140
1396563710.269555061 131
1396563710.294441259 129
1396563710.319457368 130
1396563710.344470194 127
1396563710.368358426 131
1396563710.394325185 136
1396563710.418309570 136
1396563710.444320679 134
1396563710.469304649 126
1396563710.493270679 128
1396563710.519189455 131
1396563710.543172200 132
1396563710.569197351 134
1396563710.593088007 134
1396563710.619075391 124
1396563710.645021645 136
1396563710.669071590 136
1396563710.695091430 121
1396563710.718925477 133
1396563710.744964857 180
1396563710.768896663 139
1396563710.793926726 138
1396563710.819937433 137
1396563710.843819559 139
1396563710.869828227 131
1396563710.893757038 140
1396563710.918820780 137
1396563710.943692287 138
1396563710.968673730 148
1396563710.994698605 136
1396563711.018690906 146
1396563711.044626118 140
1396563711.069672254 143
1396563711.094579492 145
1396563711.119571799 140
1396563711.144548938 148
1396563711.170400825 139
1396563711.194456220 150
1396563711.219453065 144
1396563711.244444301 140
1396563711.269442774 151
1396563711.294321512 139
1396563711.319251783 145
1396563711.344300842 123
1396563711.369321760 137
1396563711.394190925 151
1396563711.419189123 213
1396563711.444140107 145
1396563711.469132914 132
1396563711.494072005 142
1396563711.519067506 149
1396563711.544043529 140
1396563711.568994065 146
1396563711.594040891 180
1396563711.618940233 144
1396563711.642937927 146
1396563711.668894187 141
1396563711.693970738 151
1396563711.718873826 143
1396563711.743792955 152
1396563711.768764292 153
1396563711.794812716 147
1396563711.818773078 166
1396563711.844642852 147
1396563711.870920351 151
1396563711.894700607 154
1396563711.919669042 147
1396563711.943694818 158
1396563711.969689680 149
1396563711.994109347 158
1396563712.019558528 158
1396563712.044583043 192
1396563712.068396911 156
1396563712.094437030 185
1396563712.118380156 159
1396563712.144438211 163
1396563712.168458355 159
1396563712.194321092 157
1396563712.220317508 150
1396563712.244264361 163
1396563712.270268602 172
1396563712.294314168 172
1396563712.320186706 179
1396563712.344183468 172
1396563712.369135163 172
1396563712.395121329 172
1396563712.419069315 172
1396563712.445040191 171
1396563712.469063486 172
1396563712.494060006 172
1396563712.518898024 173
1396563712.543956521 183
1396563712.569951312 171
1396563712.593942387 171
1396563712.619883892 171
1396563712.643743616 174
1396563712.669211955 172
1396563712.693777374 177
1396563712.718871519 178
1396563712.744666539 172
1396563712.768672251 180
1396563712.793660325 177
1396563712.818742685 177
1396563712.843639140 179
1396563712.868745613 176
1396563712.893739675 179
1396563712.919558538 173
1396563712.944560981 182
1396563712.969565719 184
1396563712.994426083 181
1396563713.019431606 190
1396563713.044440142 213
1396563713.069365559 185
1396563713.094308052 186
1396563713.119303854 183
1396563713.144307116 194
1396563713.169323107 183
1396563713.194241128 186
1396563713.218177157 185
1396563713.244140373 184
1396563713.269187653 200
1396563713.294083904 191
1396563713.319008672 193
1396563713.344056839 191
1396563713.370057464 191
1396563713.394057670 204
1396563713.419935541 187
1396563713.444938232 206
1396563713.469879963 187
1396563713.494930704 190
1396563713.518805460 200
1396563713.544802760 180
1396563713.568806582 201
1396563713.594756223 219
1396563713.619660908 195
1396563713.643633414 204
1396563713.669654493 258
1396563713.693674560 210
1396563713.719664030 229
1396563713.743630005 208
1396563713.769551702 212
1396563713.794560870 198
1396563713.818432598 212
1396563713.844431189 194
1396563713.868383111 216
1396563713.894439546 213
1396563713.918426525 206
1396563713.943317140 215
1396563713.969298429 204
1396563713.993255695 221
1396563714.019322292 227
1396563714.043359370 216
1396563714.069247202 222
1396563714.094210151 228
1396563714.119236476 245
1396563714.145083552 234
1396563714.169168646 242
1396563714.195050181 234
1396563714.219063731 234
1396563714.244048850 235
1396563714.268982101 236
1396563714.294038152 235
1396563714.320047014 234
1396563714.343925663 234
1396563714.368919817 239
1396563714.394050837 241
1396563714.418797233 240
1396563714.443808605 234
1396563714.468800313 237
1396563714.494804886 235
1396563714.519761710 247
1396563714.544611325 246
1396563714.569698152 245
1396563714.594673573 245
1396563714.619671706 247
1396563714.644672327 257
1396563714.669686572 257
1396563714.694679077 249
1396563714.719545786 253
1396563714.744544134 238
1396563714.769402965 258
1396563714.793433638 252
1396563714.819353097 257
1396563714.844363249 266
1396563714.869386223 239
1396563714.894294166 273
1396563714.919298148 243
1396563714.944246860 268
1396563714.968294866 278
1396563714.994175245 274
1396563715.019169568 283
1396563715.044109770 278
1396563715.069178410 283
1396563715.093473683 278
1396563715.119010667 301
1396563715.142975599 289
1396563715.169048328 290
1396563715.194072507 284
1396563715.218863233 289
1396563715.244919720 290
1396563715.268926920 299
1396563715.294913544 295
1396563715.318773676 297
1396563715.344731718 296
1396563715.369811768 295
1396563715.393744697 302
1396563715.419673672 295
1396563715.443614568 296
1396563715.469697238 295
1396563715.493597796 300
1396563715.518666174 306
1396563715.544624975 298
1396563715.568685175 318
1396563715.594487517 300
1396563715.618479476 311
1396563715.644365666 318
1396563715.669418101 291
1396563715.694350563 321
1396563715.720424977 302
1396563715.744312045 321
1396563715.770234441 323
1396563715.794352068 328
1396563715.819304647 323
1396563715.844238583 308
1396563715.869149547 330
1396563715.895110396 332
1396563715.919158912 334
1396563715.944186801 334
1396563715.969045387 334
1396563715.994634659 343
1396563716.019077292 340
1396563716.044028687 339
1396563716.069927907 330
1396563716.093901938 349
1396563716.118914845 354
1396563716.143881030 356
1396563716.169160138 354
1396563716.193805429 354
1396563716.218733983 353
1396563716.243728868 360
1396563716.268739454 362
1396563716.293696968 363
1396563716.318615831 356
1396563716.343610374 351
1396563716.368612450 357
1396563716.394620623 365
1396563716.419625341 368
1396563716.444580599 354
1396563716.469489881 362
1396563716.494522302 316
1396563716.519520063 386
1396563716.543422986 374
1396563716.569416244 314
1396563716.594409299 374
1396563716.619408820 313
1396563716.644266995 386
1396563716.668290187 373
1396563716.694292256 375
1396563716.718218663 383
1396563716.744363027 362
1396563716.769156606 399
1396563716.794168655 289
1396563716.820154526 315
1396563716.844094613 402
1396563716.870162780 294
1396563716.894095665 413
1396563716.919993286 374
1396563716.945059843 384
1396563716.968887898 406
1396563716.994839897 377
1396563717.018937021 429
1396563717.044924852 376
1396563717.068927872 387
1396563717.094812210 391
1396563717.119728828 377
1396563717.143779044 432
1396563717.169782256 375
1396563717.193671322 405
1396563717.219675301 382
1396563717.243607830 336
1396563717.269635804 437
1396563717.294597251 373
1396563717.318666272 414
1396563717.344651328 383
1396563717.368654435 391
1396563717.393478621 435
1396563717.418527814 388
1396563717.443554646 423
1396563717.469392664 386
1396563717.493382595 368
1396563717.519473090 421
1396563717.544699650 328
1396563717.569267184 409
1396563717.594298912 335
1396563717.619281022 371
1396563717.645165666 403
1396563717.669090516 340
1396563717.694128617 410
1396563717.719155920 367
1396563717.744151320 386
1396563717.769024198 405
1396563717.793991649 345
1396563717.819020134 407
1396563717.844051123 370
1396563717.868915040 409
1396563717.893905511 406
1396563717.918901393 338
1396563717.944089507 393
1396563717.969846716 386
1396563717.994784405 422
1396563718.019773460 398
1396563718.044761093 389
1396563718.069602738 378
1396563718.094618620 387
1396563718.118665684 407
1396563718.144654944 412
1396563718.169671141 394
1396563718.194658148 377
1396563718.219599927 388
1396563718.243533042 389
1396563718.269523963 412
1396563718.293406139 408
1396563718.319409897 387
1396563718.344348038 391
1396563718.369394253 384
1396563718.394405035 411
1396563718.418298920 418
1396563718.444241472 376
1396563718.468227776 385
1396563718.494283341 370
1396563718.519251268 403
1396563718.543261851 402
1396563718.569151935 380
1396563718.593149774 396
1396563718.619105295 375
1396563718.643028708 424
1396563718.669025726 390
1396563718.695028440 376
1396563718.718905245 418
1396563718.744852583 358
1396563718.768890096 424
1396563718.794904312 372
1396563718.818846027 387
1396563718.843759215 418
1396563718.869773397 381
1396563718.893833311 443
1396563718.919792838 380
1396563718.943672915 392
1396563718.968592186 402
1396563718.993688026 383
1396563719.018591788 466
1396563719.044538754 383
1396563719.068607970 398
1396563719.094648189 398
1396563719.119593877 382
1396563719.144518733 482
1396563719.169536063 380
1396563719.194454912 390
1396563719.220379850 389
1396563719.244393118 371
1396563719.269329430 463
1396563719.294342650 370
1396563719.319264516 404
1396563719.344290911 384
1396563719.369250716 374
1396563719.394268077 437
1396563719.419092861 367
1396563719.444125082 416
1396563719.469538498 384
1396563719.494149394 385
1396563719.519069919 408
1396563719.544055458 379
1396563719.569021788 424
1396563719.594089654 384
1396563719.618931882 393
1396563719.643852925 387
1396563719.668895757 382
1396563719.692827855 407
1396563719.718890227 387
1396563719.743762855 398
1396563719.768764467 410
1396563719.793768105 372
1396563719.818671870 403
1396563719.844750781 391
1396563719.868635765 404
1396563719.894646313 404
1396563719.919625496 373
1396563719.944661744 382
1396563719.969598265 391
1396563719.993671597 417
1396563720.019510410 405
1396563720.043515335 397
1396563720.069421763 378
1396563720.094313979 381
1396563720.118399322 401
1396563720.144390826 361
1396563720.168362255 390
1396563720.194232625 370
1396563720.218216581 384
1396563720.244227641 389
1396563720.270272358 399
1396563720.294146619 407
1396563720.320138580 380
1396563720.344103650 395
1396563720.370072236 358
1396563720.394034150 403
1396563720.419015045 398
1396563720.445010176 381
1396563720.468996724 401
1396563720.494961070 378
1396563720.518836454 404
1396563720.543885242 399
1396563720.568886440 381
1396563720.593868193 410
1396563720.619910724 378
1396563720.643757325 399
1396563720.669748905 361
1396563720.693766289 340
1396563720.718784939 408
1396563720.743743639 316
1396563720.768570090 401
1396563720.794631871 316
1396563720.818640349 387
1396563720.843636296 393
1396563720.868643002 286
1396563720.893689108 391
1396563720.919150220 285
1396563720.943530627 352
1396563720.969495512 380
1396563720.994365408 308
1396563721.019383048 382
1396563721.044345951 329
1396563721.069390328 370
1396563721.094250839 373
1396563721.119243971 347
1396563721.144243730 370
1396563721.169224131 351
1396563721.194260590 360
1396563721.219154873 358
1396563721.244131622 356
1396563721.268133321 370
1396563721.294122818 354
1396563721.318959172 354
1396563721.343999498 354
1396563721.369002597 353
1396563721.393916857 356
1396563721.419896399 353
1396563721.443826506 356
1396563721.469884279 343
1396563721.494878683 342
1396563721.519881259 340
1396563721.544762056 325
1396563721.568688408 341
1396563721.594753294 331
1396563721.618755452 332
1396563721.644647792 333
1396563721.669681375 316
1396563721.693687459 333
1396563721.719579409 312
1396563721.743629545 326
1396563721.769643731 335
1396563721.793523330 322
1396563721.819504201 313
1396563721.844468956 310
1396563721.868382121 323
1396563721.894376932 317
1396563721.918378074 311
1396563721.944357221 303
1396563721.968320828 308
1396563721.993394007 318
1396563722.019191046 310
1396563722.043186405 306
1396563722.069236363 302
1396563722.093142593 305
1396563722.119067267 302
1396563722.144129610 296
1396563722.169084448 296
1396563722.194990340 295
1396563722.218941738 296
1396563722.244933386 296
1396563722.268941392 305
1396563722.293951150 297
1396563722.318987572 295
1396563722.343822110 296
1396563722.369831684 295
1396563722.393859228 288
1396563722.418898443 286
1396563722.443701813 277
1396563722.468750401 284
1396563722.493786961 293
1396563722.518753513 279
1396563722.544591317 272
1396563722.569662534 266
1396563722.594553688 275
1396563722.619609287 282
1396563722.644459435 272
1396563722.669664378 258
1396563722.694525198 243
1396563722.719495479 268
1396563722.744441101 257
1396563722.769355751 262
1396563722.794379390 248
1396563722.819389015 249
1396563722.843381540 257
1396563722.869379337 244
1396563722.894301408 256
1396563722.919195993 242
1396563722.944250643 248
1396563722.969232526 247
1396563722.994115041 240
1396563723.018124436 251
1396563723.044081952 236
1396563723.069089182 240
1396563723.094032917 240
1396563723.118953617 246
1396563723.143019744 245
1396563723.168936404 224
1396563723.192998173 235
1396563723.218865828 235
1396563723.243877652 234
1396563723.268869435 237
1396563723.294721368 234
1396563723.318822939 235
1396563723.344728569 234
1396563723.368742701 234
1396563723.394647439 244
1396563723.419643937 234
1396563723.443571064 234
1396563723.469554914 223
1396563723.493615538 221
1396563723.519630346 225
1396563723.543640389 202
1396563723.568615378 221
1396563723.594446991 219
1396563723.618493589 229
1396563723.644451363 219
1396563723.668456939 216
1396563723.694367575 217
1396563723.720340333 211
1396563723.744449330 214
1396563723.770209387 210
1396563723.794242257 207
1396563723.820250113 208
1396563723.844243142 208
1396563723.869040648 209
1396563723.895081109 200
1396563723.919116634 201
1396563723.945125501 195
1396563723.969010986 202
1396563723.993949684 203
1396563724.018988278 203
1396563724.043970966 202
1396563724.069020509 203
1396563724.093821935 199
1396563724.119862485 194
1396563724.143812166 198
1396563724.168849235 198
1396563724.193757373 174
1396563724.218754890 194
1396563724.244725050 179
1396563724.268695000 193
1396563724.293744981 194
1396563724.318598364 189
1396563724.343593383 193
1396563724.368630735 188
1396563724.393613422 186
1396563724.418615218 187
1396563724.444632402 183
1396563724.469488726 189
1396563724.494474835 183
1396563724.519370224 187
1396563724.544299441 186
1396563724.569365333 173
1396563724.594362302 189
1396563724.619278975 179
1396563724.644234955 181
1396563724.669201581 175
1396563724.694251576 177
1396563724.718202366 181
1396563724.744064187 177
1396563724.769081730 181
1396563724.794064742 178
1396563724.819036122 172
1396563724.843968557 175
1396563724.869978754 170
1396563724.893928694 175
1396563724.919986339 172
1396563724.944936245 174
1396563724.969818061 173
1396563724.994875201 172
1396563725.018800170 171
1396563725.044805073 171
1396563725.068705020 172
1396563725.094744906 172
1396563725.119732975 172
1396563725.143731709 172
1396563725.169618657 172
1396563725.193610142 181
1396563725.219545600 172
1396563725.243614141 171
1396563725.269654980 171
1396563725.293647100 172
1396563725.318487977 164
1396563725.344435263 163
1396563725.368488351 161
1396563725.394357379 162
1396563725.418348775 214
1396563725.443363928 159
1396563725.469321965 158
1396563725.493316046 156
1396563725.519229249 157
1396563725.543249379 155
1396563725.569230589 157
1396563725.594236724 158
1396563725.619056965 157
1396563725.645109537 164
1396563725.669108703 152
1396563725.695095412 152
1396563725.718957588 153
1396563725.743915540 155
1396563725.768981395 150
1396563725.793995179 147
1396563725.819977467 145
1396563725.843864122 148
1396563725.868814329 159
1396563725.893804730 152
1396563725.918787269 147
1396563725.943845690 142
1396563725.968690877 148
1396563725.994730330 148
1396563726.019683909 143
1396563726.044628170 144
1396563726.069550768 142
1396563726.094606951 148
1396563726.119549869 147
1396563726.144597886 141
1396563726.169561236 149
1396563726.194599845 138
1396563726.219425125 145
1396563726.244477255 137
1396563726.269441208 144
1396563726.293316195 145
1396563726.319356069 143
1396563726.344355480 146
1396563726.369351879 178
1396563726.394353816 145
1396563726.419176505 144
1396563726.444212358 143
1396563726.468179213 149
1396563726.494232664 138
1396563726.519110838 145
1396563726.544117540 142
1396563726.569072122 135
1396563726.593098356 144
1396563726.619075643 133
1396563726.642994172 136
1396563726.668975438 130
1396563726.692983295 133
1396563726.718975955 140
1396563726.744999882 132
1396563726.768984671 144
1396563726.794853005 127
1396563726.818784496 128
1396563726.844810451 135
1396563726.869699296 127
1396563726.893729739 137
1396563726.919726015 126
1396563726.943679979 130
1396563726.969604557 132
1396563726.993594778 114
1396563727.018592860 136
1396563727.043597313 126
1396563727.068598005 130
1396563727.094429667 131
1396563727.118429825 129
1396563727.144409844 133
1396563727.169286775 129
1396563727.194285375 130
1396563727.220343965 131
1396563727.244340782 124
1396563727.270343241 131
1396563727.294227864 124
1396563727.319228227 130
1396563727.344218156 130
1396563727.369172054 128
1396563727.395084417 129
1396563727.419104165 126
1396563727.444092730 139
1396563727.469099327 131
1396563727.494049104 129
1396563727.518970815 128
1396563727.543970404 127
1396563727.569930121 130
1396563727.593970711 130
1396563727.618979639 130
1396563727.643795996 129
1396563727.668844431 127
1396563727.693844166 129
1396563727.718846122 130
1396563727.743721770 131
1396563727.768684441 128
1396563727.793726699 129
1396563727.818737781 121
1396563727.843612712 130
1396563727.868588699 129
1396563727.894594742 136
1396563727.919524936 130
1396563727.944594605 120
1396563727.969588507 124
1396563727.994591431 122
1396563728.019473345 130
1396563728.043417477 130
1396563728.069459280 120
1396563728.094347662 130
1396563728.119290700 135
1396563728.144335268 122
1396563728.168343502 122
1396563728.194267902 120
1396563728.218232556 125
1396563728.244215943 120
1396563728.269197372 122
1396563728.294269616 124
1396563728.320051380 122
1396563728.344049942 132
1396563728.370093454 127
1396563728.394092170 124
1396563728.419974762 122
1396563728.444948620 121
1396563728.468925694 131
1396563728.494944734 120
1396563728.518961952 120
1396563728.544846626 117
1396563728.568860116 124
1396563728.593777752 127
1396563728.619845319 118
1396563728.643651218 117
1396563728.669688667 112
1396563728.693665710 113
1396563728.719697069 122
1396563728.743715526 112
1396563728.768624168 117
1396563728.794588355 110
1396563728.818571060 112
1396563728.844607953 117
1396563728.868550812 112
1396563728.893585359 120
1396563728.918477800 112
1396563728.943477736 112
1396563728.969349653 114
1396563728.993281887 112
1396563729.019294974 116
1396563729.044357370 112
1396563729.069292094 113
1396563729.094281936 115
1396563729.119211298 112
1396563729.145135593 116
1396563729.169208670 112
1396563729.194193336 123
1396563729.219059264 115
1396563729.244094184 112
1396563729.268987629 114
1396563729.294086495 112
1396563729.318960911 116
1396563729.343905343 115
1396563729.368966994 113
1396563729.393896594 114
1396563729.418820729 121
1396563729.443815623 115
1396563729.469835889 115
1396563729.494867081 114
1396563729.519721001 113
1396563729.545161636 113
1396563729.569736643 113
1396563729.594620932 114
1396563729.618573664 113
1396563729.644527736 120
1396563729.669535105 112
1396563729.694577353 119
1396563729.719579555 114
1396563729.743590694 114
1396563729.769582804 113
1396563729.793407514 113
1396563729.819456984 107
1396563729.844340965 115
1396563729.869329821 114
1396563729.894460713 113
1396563729.918333509 121
1396563729.944260531 107
1396563729.968211145 115
1396563729.994171238 113
1396563730.019199294 107
1396563730.043222711 111
1396563730.069151215 113
1396563730.093086175 115
1396563730.119160860 113
1396563730.143076739 117
1396563730.169094493 109
1396563730.195195069 112
1396563730.218910962 117
1396563730.244931747 113
1396563730.268951693 114
1396563730.294920398 114
1396563730.318832848 113
1396563730.343776450 114
1396563730.369843795 115
1396563730.393813319 108
1396563730.419827756 107
1396563730.443700319 107
1396563730.468719554 111
1396563730.493694759 108
1396563730.518705070 108
1396563730.544586600 108
1396563730.568595054 108
1396563730.594575112 107
1396563730.619523064 107
1396563730.644468156 107
1396563730.669470303 107
1396563730.694598349 107
1396563730.720455227 107
1396563730.744450947 108
1396563730.770162893 119
1396563730.794332832 108
1396563730.819333525 107
1396563730.844322901 109
1396563730.869324513 108
1396563730.894143423 111
1396563730.919196480 107
1396563730.944196442 108
1396563730.969224999 108
1396563730.994097949 116
1396563731.019024047 107
1396563731.044074956 107
1396563731.069073294 108
1396563731.094062619 108
1396563731.118949299 107
1396563731.143961188 107
1396563731.168868538 107
1396563731.192943845 107
1396563731.218840388 107
1396563731.243843335 107
1396563731.268806227 107
1396563731.293758206 107
1396563731.318695419 107
1396563731.344690513 107
1396563731.368672339 108
1396563731.394696528 107
1396563731.419621970 107
1396563731.444566131 118
1396563731.469551691 101
1396563731.493554516 100
1396563731.519556026 286
1396563731.543570984 348
1396563731.569502509 107
1396563731.593581095 101
1396563731.618465054 102
1396563731.644516946 308
1396563731.668297056 354
1396563731.694275031 348
1396563731.718374833 107
1396563731.744378911 107
1396563731.770264060 333
1396563731.794195884 100
1396563731.820201726 349
1396563731.844178643 101
1396563731.870176307 100
1396563731.894077358 107
1396563731.919070812 107
1396563731.945060797 318
1396563731.969016578 102
1396563731.995065182 294
1396563732.018938434 352
1396563732.043920268 101
1396563732.068917292 351
1396563732.094092522 107
1396563732.119759162 107
1396563732.143800492 100
1396563732.169807928 111
1396563732.193822355 107
1396563732.218800953 107
1396563732.243625022 107
1396563732.268854371 100
1396563732.294751979 101
1396563732.318631476 347
1396563732.343835350 105
1396563732.368543345 350
1396563732.392623250 94
1396563732.418409335 339
1396563732.443566407 333
1396563732.468552712 101
1396563732.494436332 344
1396563732.518402791 96
1396563732.544440119 346
1396563732.569325670 351
1396563732.594371712 101
1396563732.619327661 343
1396563732.642265989 97
1396563732.669316438 331
1396563732.694259967 344
1396563732.718123200 98
1396563732.744188582 344
1396563732.767150765 97
1396563732.794027214 303
1396563732.818060389 287
1396563732.843082020 96
1396563732.869008227 344
1396563732.894068349 101
1396563732.919894510 349
1396563732.943945868 100
1396563732.968869900 96
1396563732.993959004 335
1396563733.019941479 106
1396563733.044921285 344
1396563733.067805714 94
1396563733.093798698 96
1396563733.118926944 341
1396563733.143788609 95
1396563733.168894756 345
1396563733.193643944 102
1396563733.218687217 97
1396563733.243581244 343
1396563733.269507770 287
1396563733.293511958 344
1396563733.318473414 95
1396563733.343559418 101
1396563733.368527086 101
1396563733.394560540 298
1396563733.417560438 95
1396563733.443561187 95
1396563733.467447025 96
1396563733.492420185 96
1396563733.518385780 344
1396563733.543358705 344
1396563733.569276757 334
1396563733.592260278 96
1396563733.618382216 96
1396563733.644411256 332
1396563733.669342556 339
1396563733.694167540 319
1396563733.718185301 96
1396563733.744183725 95
1396563733.769059364 323
1396563733.793055489 95
1396563733.819102220 344
1396563733.844062861 101
1396563733.868891142 101
1396563733.893877197 258
1396563733.918931117 106
1396563733.943930437 335
1396563733.967876253 93
1396563733.993753729 329
1396563734.018823312 284
1396563734.042816290 96
1396563734.069819679 345
1396563734.093638291 99
1396563734.119614638 345
1396563734.144671372 102
1396563734.168683037 96
1396563734.194564702 329
1396563734.218540707 100
1396563734.244546429 344
1396563734.268605482 96
1396563734.293552307 95
1396563734.319554064 341
1396563734.342540546 93
1396563734.369440851 311
1396563734.392616169 86
1396563734.419428302 336
1396563734.444304761 321
1396563734.468311827 95
1396563734.494276797 339
1396563734.517224732 91
1396563734.544169244 341
1396563734.567175925 90
1396563734.594156076 106
1396563734.619176866 329
1396563734.642130236 92
1396563734.669296171 338
1396563734.693037908 284
1396563734.718053896 93
1396563734.743037048 336
1396563734.768944408 105
1396563734.794887807 307
1396563734.818906517 324
1396563734.843927902 92
1396563734.868922842 338
1396563734.893823308 93
1396563734.918748672 305
1396563734.942797747 95
1396563734.968798137 91
1396563734.993703808 347
1396563735.018683939 91
1396563735.043675145 341
1396563735.067678753 91
1396563735.092677816 91
1396563735.118558025 335
1396563735.143561218 90
1396563735.168550821 341
1396563735.193481821 96
1396563735.218551035 91
1396563735.244564673 315
1396563735.269428630 319
1396563735.294424116 320
1396563735.319371211 95
1396563735.343293086 95
1396563735.368296450 94
1396563735.394295711 316
1396563735.419297698 274
1396563735.443298323 91
1396563735.468174153 91
1396563735.494156797 100
1396563735.518147168 94
1396563735.543152362 95
1396563735.569075376 322
1396563735.592996414 92
1396563735.618065935 92
1396563735.644045818 313
1396563735.668043702 90
1396563735.693883361 342
1396563735.718879301 106
1396563735.742898697 95
1396563735.768907452 314
1396563735.791884328 91
1396563735.818814943 342
1396563735.841786967 95
1396563735.868748409 275
1396563735.892755415 94
1396563735.917676387 96
1396563735.944693256 309
1396563735.967668638 91
1396563735.994623473 330
1396563736.019670835 301
1396563736.043491476 93
1396563736.069528923 340
1396563736.092642967 98
1396563736.119462367 344
1396563736.142894905 94
1396563736.168540230 96
1396563736.193490796 329
1396563736.217545826 95
1396563736.244434064 336
1396563736.267319685 85
1396563736.293406785 85
1396563736.318292060 319
1396563736.343253184 92
1396563736.370296016 333
1396563736.393246629 85
1396563736.419164462 91
1396563736.444165757 330
1396563736.469158387 96
1396563736.494086473 337
1396563736.518166546 96
1396563736.543011293 91
1396563736.569040991 339
1396563736.593995730 93
1396563736.619068726 334
1396563736.642906712 95
1396563736.668851607 342
1396563736.693915968 310
1396563736.717897605 86
1396563736.743904289 333
1396563736.768796356 92
1396563736.793738825 321
1396563736.817797866 94
1396563736.842805259 91
1396563736.868667780 337
1396563736.892678735 91
1396563736.918656022 314
1396563736.942659413 95
1396563736.967661655 92
1396563736.993543221 309
1396563737.017549728 99
1396563737.042558069 90
1396563737.067463531 86
1396563737.093538339 91
1396563737.119536473 326
1396563737.144507995 294
1396563737.168395490 95
1396563737.193409382 96
1396563737.218352429 91
1396563737.243286095 350
1396563737.269286028 313
1396563737.293292107 95
1396563737.318299832 96
1396563737.343113226 91
1396563737.367156521 91
1396563737.394159990 314
1396563737.417101439 88
1396563737.443154798 90
1396563737.468970177 104
1396563737.493018125 96
1396563737.519990413 309
1396563737.543045388 95
1396563737.569918196 331
1396563737.592856472 91
1396563737.618959153 91
1396563737.644901690 331
1396563737.667915608 96
1396563737.694791482 349
1396563737.717816203 95
1396563737.744732424 103
1396563737.768752309 332
1396563737.793693653 101
1396563737.819679261 349
1396563737.842680223 95
1396563737.868607454 94
1396563737.893577043 318
1396563737.918513706 98
1396563737.943531579 341
1396563737.967554174 98
1396563737.994561939 338
1396563738.017522474 90
1396563738.043529724 98
1396563738.068529415 340
1396563738.093424119 100
1396563738.118395441 343
1396563738.143226861 104
1396563738.168278916 91
1396563738.193281669 341
1396563738.218280638 91
1396563738.244155273 332
1396563738.268095136 90
1396563738.293156496 86
1396563738.319158946 329
1396563738.344160827 96
1396563738.369045572 303
1396563738.393031272 91
1396563738.417951877 94
1396563738.444034257 336
1396563738.467920286 98
1396563738.493925372 343
1396563738.517860683 96
1396563738.542864757 94
1396563738.567760933 94
1396563738.592782369 96
1396563738.618764932 334
1396563738.642778086 96
1396563738.668663602 95
1396563738.694602587 312
1396563738.718654567 91
1396563738.744612822 337
1396563738.769648992 104
1396563738.793552049 96
1396563738.818495893 313
1396563738.843487221 95
1396563738.869524975 342
1396563738.894532614 101
1396563738.919543314 101
1396563738.943418576 102
1396563738.968331206 95
1396563738.993293789 101
1396563739.018276651 94
1396563739.043250680 95
1396563739.068295243 96
1396563739.093207610 94
1396563739.118217357 323
1396563739.144164265 349
1396563739.167097480 95
1396563739.193157968 95
1396563739.219148270 101
1396563739.242023836 95
1396563739.269037374 316
1396563739.293028713 100
1396563739.317973367 99
1396563739.342905816 101
1396563739.368859149 100
1396563739.395445404 333
1396563739.418850413 101
1396563739.444904064 100
1396563739.468784538 100
1396563739.494757246 112
1396563739.518763097 318
1396563739.543777988 101
1396563739.569698326 338
1396563739.593739153 100
1396563739.619626074 101
1396563739.643602297 332
1396563739.668505249 102
1396563739.693525552 350
1396563739.718454463 111
1396563739.744520156 100
1396563739.768480579 339
1396563739.794409887 107
1396563739.819537759 107
1396563739.844359270 101
1396563739.869342680 350
1396563739.894372910 102
1396563739.920217205 104
1396563739.944251873 297
1396563739.969205867 101
1396563739.994276982 345
1396563740.018146003 95
1396563740.043109397 98
1396563740.069104164 341
1396563740.093128919 98
1396563740.119006155 344
1396563740.144009985 100
1396563740.167960080 96
1396563740.193960667 330
1396563740.217892218 98
1396563740.243892100 338
1396563740.269426942 100
1396563740.292892074 95
1396563740.318838799 332
1396563740.343768391 115
1396563740.368760484 348
1396563740.392767450 101
1396563740.418756760 101
1396563740.443637788 338
1396563740.468564430 107
1396563740.493664952 108
1396563740.518638809 107
1396563740.544577077 107
1396563740.570130878 116
1396563740.594464779 101
1396563740.619509913 343
1396563740.644516343 101
1396563740.669369366 108
1396563740.693390192 108
1396563740.719369145 282
1396563740.743391621 350
1396563740.769268433 108
1396563740.794264881 108
1396563740.818266062 107
1396563740.844286363 107
1396563740.868231418 108
1396563740.894152675 107
1396563740.918137687 108
1396563740.944137682 107
1396563740.970111615 107
1396563740.993964289 107
1396563741.020013452 116
1396563741.044013826 107
1396563741.070014021 107
1396563741.094016696 107
1396563741.118822791 107
1396563741.144850471 107
1396563741.168874985 107
1396563741.194903064 108
1396563741.218889944 107
1396563741.243777149 117
1396563741.268697598 108
1396563741.293767223 108
1396563741.319746215 107
1396563741.343780788 107
1396563741.369674445 108
1396563741.393590880 107
1396563741.418656331 108
1396563741.443640684 107
1396563741.468530491 117
1396563741.494511293 113
1396563741.518509397 107
1396563741.543457080 109
1396563741.568527623 108
1396563741.593490584 108
1396563741.618425895 108
1396563741.643385528 108
1396563741.669317839 111
1396563741.694394288 115
1396563741.719255915 108
1396563741.744264315 116
1396563741.769240944 107
1396563741.794251229 114
1396563741.819225438 108
1396563741.844150129 109
1396563741.869094849 107
1396563741.894113107 107
1396563741.919127866 111
1396563741.943945584 108
1396563741.968025723 109
1396563741.994023572 107
1396563742.019027488 107
1396563742.043859634 110
1396563742.068831183 107
1396563742.093884971 111
1396563742.119862609 107
1396563742.143882892 108
1396563742.169883677 110
1396563742.194761526 108
1396563742.219708787 111
1396563742.244755572 108
1396563742.268698061 108
1396563742.294605483 108
1396563742.318615775 115
1396563742.344559833 111
1396563742.369576297 107
1396563742.393577603 107
1396563742.419515651 114
1396563742.443505963 113
1396563742.469456249 114
1396563742.493502017 113
1396563742.519503210 114
1396563742.544504452 114
1396563742.568383992 113
1396563742.594299299 113
1396563742.618238110 113
1396563742.644237824 115
1396563742.668252226 114
1396563742.693230823 113
1396563742.719256855 113
1396563742.743075530 113
1396563742.769129955 124
1396563742.793076945 114
1396563742.819127346 112
1396563742.844019388 115
1396563742.869009382 112
1396563742.894948681 113
1396563742.918999413 114
1396563742.945022354 115
1396563742.968868834 113
1396563742.993897891 121
1396563743.018808793 112
1396563743.043906880 115
1396563743.069730674 115
1396563743.093686337 113
1396563743.118750489 113
1396563743.143719244 111
1396563743.168644982 116
1396563743.193586741 113
1396563743.218610302 121
1396563743.244610621 113
1396563743.269607690 111
1396563743.294452226 120
1396563743.319512237 118
1396563743.344464641 119
1396563743.369502147 119
1396563743.394450584 118
1396563743.419462814 121
1396563743.444379636 118
1396563743.469394877 119
1396563743.494324847 129
1396563743.519259280 118
1396563743.543202381 127
1396563743.569197656 121
1396563743.594248552 123
1396563743.619132801 123
1396563743.644158425 122
1396563743.669124414 130
1396563743.694073195 121
1396563743.718130866 124
1396563743.743982869 121
1396563743.768995840 118
1396563743.793982035 131
1396563743.818838193 120
1396563743.842854065 123
1396563743.868873027 117
1396563743.892854995 121
1396563743.918870374 125
1396563743.943911116 117
1396563743.968678314 122
1396563743.994747058 117
1396563744.018761971 118
1396563744.044725101 127
1396563744.068619020 121
1396563744.094576256 125
1396563744.119622017 107
1396563744.143601860 122
1396563744.169637966 123
1396563744.193479551 121
1396563744.219497376 127
1396563744.243488935 121
1396563744.268495876 122
1396563744.294496065 129
1396563744.318488478 128
1396563744.344372499 129
1396563744.368312668 128
1396563744.394347034 129
1396563744.419246306 130
1396563744.444238800 128
1396563744.470286632 130
1396563744.494176095 128
1396563744.520253115 141
1396563744.544111889 130
1396563744.569120739 128
1396563744.594097318 130
1396563744.619113575 127
1396563744.645053666 131
1396563744.669004265 130
1396563744.693963846 129
1396563744.718964605 129
1396563744.743973010 118
1396563744.768772776 130
1396563744.793848765 130
1396563744.819866488 130
1396563744.843891794 128
1396563744.868855884 128
1396563744.893746463 129
1396563744.918788504 131
1396563744.943737680 132
1396563744.968755663 133
1396563744.993657929 129
1396563745.018622870 113
1396563745.043545110 131
1396563745.068612172 130
1396563745.093610330 130
1396563745.118488791 130
1396563745.144465550 132
1396563745.169494553 136
1396563745.194495899 135
1396563745.219635652 134
1396563745.244487627 142
1396563745.269424200 133
1396563745.293362053 137
1396563745.319321975 133
1396563745.344289859 138
1396563745.369298710 141
1396563745.394293371 136
1396563745.418258174 143
1396563745.444238832 135
1396563745.468120669 139
1396563745.494113337 139
1396563745.519111082 133
1396563745.544110673 145
1396563745.569997098 137
1396563745.593927826 138
1396563745.619978354 138
1396563745.643986998 119
1396563745.669989759 146
1396563745.694869800 138
1396563745.718796932 139
1396563745.744885500 130
1396563745.768930335 137
1396563745.794913491 148
1396563745.818844990 135
1396563745.843717772 137
1396563745.868682710 171
1396563745.893761656 134
1396563745.919706479 145
1396563745.943603104 136
1396563745.969589978 141
1396563745.993547856 136
1396563746.018612539 143
1396563746.044443614 146
1396563746.068485027 141
1396563746.094499304 147
1396563746.118487071 140
1396563746.143444185 147
1396563746.168480888 150
1396563746.193354287 144
1396563746.219367932 150
1396563746.243231912 141
1396563746.269176536 153
1396563746.294281827 147
1396563746.319229584 130
1396563746.344232231 148
1396563746.369111779 168
1396563746.395107052 152
1396563746.419069118 153
1396563746.444105864 149
1396563746.468990374 152
1396563746.494015453 212
1396563746.518979879 154
1396563746.543887239 153
1396563746.568864835 151
1396563746.593869542 151
1396563746.618776814 151
1396563746.643871799 157
1396563746.668813765 158
1396563746.693713874 157
1396563746.719764348 143
1396563746.744744929 149
1396563746.769740104 154
1396563746.794710073 164
1396563746.819555182 162
1396563746.844618645 161
1396563746.868558990 158
1396563746.894586037 158
1396563746.919536276 163
1396563746.944433165 174
1396563746.969460456 172
1396563746.993493335 171
1396563747.019425701 172
1396563747.043476684 174
1396563747.069426398 172
1396563747.093422708 171
1396563747.119345310 172
1396563747.144350925 172
1396563747.168203879 173
1396563747.194244979 172
1396563747.218173813 180
1396563747.244204506 173
1396563747.268230444 173
1396563747.293155158 174
1396563747.319669990 171
1396563747.343048559 177
1396563747.369113310 178
1396563747.393097440 182
1396563747.418952355 184
1396563747.443982173 167
1396563747.468975916 176
1396563747.494883298 176
1396563747.518855646 177
1396563747.544855106 187
1396563747.568854594 176
1396563747.593836750 178
1396563747.618803030 185
1396563747.643729716 176
1396563747.669732445 189
1396563747.693730098 176
1396563747.718725139 178
1396563747.743552517 176
