3.95373   -0.173946   0.25
3.96699   0.442247   0.25
7.62805   -0.530116   0.25
7.64968   0.0848474   0.25
2.85727   -1.07563   0.25
2.9047   -0.623514   0.25
10.4747   1.93632   0.25
10.4283   2.49125   0.25
10.4959   1.84531   0.25
10.4443   2.39978   0.25
10.4909   1.84483   0.25
10.4125   2.48875   0.25
10.4769   1.8435   0.25
10.4115   2.4886   0.25
10.4998   1.84569   0.25
10.4174   2.48953   0.25
14.9265   6.73318   0.25
14.8819   6.8669   0.25
11.0592   6.2576   0.25
10.9374   6.55978   0.25
16.0484   6.218   0.25
16.0159   6.36374   0.25
16.056   6.22053   0.25
16.0207   6.36536   0.25
5.00775   2.3863   0.25
4.98912   2.52686   0.25
7.9377   2.60616   0.25
7.71413   2.84445   0.25
16.0598   6.2218   0.25
16.0254   6.36699   0.25
16.0446   6.21673   0.25
16.0197   6.36504   0.25
0.0400144   2.77329   0.25
-0.0785715   2.734   0.25
16.0522   6.21927   0.25
16.0188   6.36471   0.25
16.0512   6.21895   0.25
16.0226   6.36601   0.25
2.84234   3.55602   0.25
2.53715   3.73724   0.25
13.7501   6.83614   0.25
13.8142   7.00857   0.25
