13.3851    -1.28884     0
9.1353      0.39886     0
9.1699     -0.24012     0
9.1391     -0.79957     0
3.7462      0.66058     0
3.7774      0.06594     0
3.8155     -0.51752     0
5.9423      0.51998     0
5.9021     -0.10302     0
5.9224     -0.69543     0
0.3307      0.09481     0
0.2165     -0.11172     0
1.2574     -0.53323     0
0.7052      0.02464     0
0.6925     -0.03627     0
3.3390      0.11660     -0.95
3.3390      0.11660     0.85
3.3283      0.29119     -0.95
3.3283      0.29119     0.85
6.5130     -0.11369     -0.95
6.5130     -0.11369     0.85
6.4929     -0.51100     -0.95
6.4929     -0.51100     0.85
8.4946      0.74318     -0.95
8.4946      0.74318     0.85
8.5229      0.37212     -0.95
8.5229      0.37212     0.85
9.7112     -1.27850     -0.95
9.7112     -1.27850     0.85
9.5782     -1.68890     -0.95
9.5782     -1.68890     0.85

dividir o txt em varios por imagens, para a calibraçao ficar perfeita 