1396563550.463130615 522.636
1396563550.477300977 477.01
1396563550.491302302 477.01
1396563550.504271416 477.01
1396563550.517218792 477.01
1396563550.531095083 477.009
1396563550.543707739 477.01
1396563550.565761324 477.01
1396563550.579132039 477.01
1396563550.806452927 477.01
1396563550.827325510 477.01
1396563550.839805467 477.01
1396563550.854317923 477.01
1396563550.867678309 477.01
1396563550.882251710 477.01
1396563550.895433914 477.01
1396563550.909318440 477.01
1396563550.923196277 477.01
1396563550.936291508 477.01
1396563550.958079716 477.01
1396563550.971756305 477.01
1396563550.986413615 477.01
1396563550.999259110 477.01
1396563551.013058862 477.01
1396563551.026519853 477.01
1396563551.039760180 477.009
1396563551.053517404 477.01
1396563551.075648957 477.01
1396563551.090571297 477.01
1396563551.103192381 477.01
1396563551.116752587 477.01
1396563551.131311708 477.01
1396563551.144062305 477.01
1396563551.158331148 477.009
1396563551.172304074 477.01
1396563551.186276584 477.009
1396563551.206248398 477.01
1396563551.219814495 477.01
1396563551.232928381 477.009
1396563551.246687648 477.01
1396563551.260667850 477.009
1396563551.274952457 477.01
1396563551.287180661 477.01
1396563551.301327494 477.009
1396563551.315178966 477.01
1396563551.334329287 477.01
1396563551.347424745 477.01
1396563551.362557950 477.01
1396563551.378100873 477.01
1396563551.390219462 477.01
1396563551.404628327 477.01
1396563551.417474610 477.01
1396563551.429851290 477.01
1396563551.444736121 477.01
1396563551.466364395 477.01
1396563551.479032445 477.01
1396563551.493305437 477.01
1396563551.506349702 477.01
1396563551.519170435 477.01
1396563551.531858641 477.01
1396563551.545383412 477.01
1396563551.558724172 477.01
1396563551.573513195 477.01
1396563551.594860170 477.01
1396563551.608106012 477.01
1396563551.621051141 477.01
1396563551.634494605 477.01
1396563551.647247089 477.01
1396563551.661327098 477.01
1396563551.675928393 477.01
1396563551.689396474 477.01
1396563551.702738845 477.01
1396563551.723917691 477.01
1396563551.737449312 477.01
1396563551.750905223 477.01
1396563551.765356582 477.01
1396563551.778349612 477.01
1396563551.790767792 477.01
1396563551.805471399 477.01
1396563551.819708708 477.01
1396563551.833127057 477.01
1396563551.853747830 477.01
1396563551.870288270 477.01
1396563551.883176868 602.175
1396563551.897042848 602.885
1396563551.909714681 603.593
1396563551.924732042 604.299
1396563551.938365496 604.651
1396563551.951629841 605.353
1396563551.973699259 606.403
1396563551.987148895 606.752
1396563552.000973398 607.448
1396563552.013553793 608.141
1396563552.028526475 608.833
1396563552.043044391 609.178
1396563552.058408147 609.866
1396563552.071678332 610.552
1396563552.085903832 611.236
1396563552.107405897 611.918
1396563552.121025344 612.598
1396563552.134690624 613.275
1396563552.148919852 613.95
1396563552.163526560 614.287
1396563552.177516355 614.958
1396563552.190650064 615.628
1396563552.205282759 616.295
1396563552.227322618 616.628
1396563552.240495812 617.623
1396563552.255044486 618.283
1396563552.269373657 618.942
1396563552.282901519 619.27
1396563552.297051150 619.925
1396563552.309575131 620.578
1396563552.323761745 620.903
1396563552.337344440 621.553
1396563552.357971744 622.522
1396563552.372234213 623.166
1396563552.386358541 623.487
1396563552.399485901 624.127
1396563552.413397973 624.765
1396563552.427530636 625.083
1396563552.441101941 625.718
1396563552.456023382 626.35
1396563552.470527372 626.98
1396563552.492912762 627.921
1396563552.508424743 628.233
1396563552.527048807 629.167
1396563552.541193832 629.786
1396563552.555545681 630.095
1396563552.570244729 630.711
1396563552.583340637 631.325
1396563552.597872843 631.936
1396563552.619486706 632.848
1396563552.633039608 633.151
1396563552.647175664 633.755
1396563552.661290198 634.357
1396563552.675479395 634.657
1396563552.689443230 635.255
1396563552.702595536 635.851
1396563552.717172891 636.444
1396563552.737908551 636.74
1396563552.751739082 637.623
1396563552.765862820 638.209
1396563552.779454030 638.502
1396563552.792029633 639.084
1396563552.806480752 639.664
1396563552.820699477 640.241
1396563552.834274662 640.529
1396563552.849230705 641.103
1396563552.869919952 641.959
1396563552.883038403 642.243
1396563552.897172390 642.81
1396563552.909789970 643.374
1396563552.924553216 643.935
1396563552.938425480 644.215
1396563552.951871762 644.773
1396563552.965491842 645.328
1396563552.979717863 645.605
1396563553.001043062 646.431
1396563553.013611526 646.979
1396563553.027913720 647.252
1396563553.041003446 647.796
1396563553.054832007 648.337
1396563553.068519497 648.876
1396563553.082313293 649.144
1396563553.095378443 649.679
1396563553.109294607 650.212
1396563553.131302089 650.742
1396563553.144044485 651.269
1396563553.159535433 651.794
1396563553.173707391 652.316
1396563553.187394846 652.576
1396563553.202541089 653.095
1396563553.215414530 653.611
1396563553.229441851 654.124
1396563553.250046151 654.379
1396563553.264235920 655.142
1396563553.278412629 655.648
1396563553.294793829 656.151
1396563553.315521944 656.651
1396563553.330887484 657.148
1396563553.349549077 657.89
1396563553.367136291 658.381
1396563553.391397235 659.112
1396563553.410241024 659.597
1396563553.428022765 660.079
1396563553.443541811 660.558
1396563553.462191866 661.271
1396563553.479640405 661.744
1396563553.495646752 662.214
1396563553.520875669 662.913
1396563553.538251250 663.376
1396563553.555638933 663.837
1396563553.574037469 664.522
1396563553.590966839 664.976
1396563553.611019185 665.427
1396563553.625391844 665.875
1396563553.649393737 666.542
1396563553.666289367 666.984
1396563553.682479968 667.422
1396563553.699711706 667.858
1396563553.717978494 668.507
1396563553.735514101 668.936
1396563553.761957044 669.363
1396563553.778693362 669.997
1396563553.797159499 670.625
1396563553.815665472 671.041
1396563553.831163626 671.453
1396563553.849271856 671.863
1396563553.866583894 672.27
1396563553.891780447 672.876
1396563553.910441776 673.475
1396563553.928228814 673.871
1396563553.943642653 674.264
1396563553.963646856 674.654
1396563553.981266904 675.234
1396563553.999641557 675.618
1396563554.024298680 676.187
1396563554.041332745 676.563
1396563554.060659392 677.123
1396563554.077910358 677.492
1396563554.095443911 677.858
1396563554.113090823 678.222
1396563554.130515022 678.582
1396563554.155536286 679.118
1396563554.173133050 679.647
1396563554.190580942 679.997
1396563554.210659274 680.343
1396563554.228130234 680.687
1396563554.247071214 681.197
1396563554.265475318 681.533
1396563554.289512455 682.032
1396563554.306708150 682.362
1396563554.325603085 682.85
1396563554.342952227 683.172
1396563554.361162759 683.491
1396563554.378235622 683.807
1396563554.401926454 684.121
1396563554.418761676 684.585
1396563554.436404246 684.891
1396563554.455148159 685.345
1396563554.471653296 685.644
1396563554.490308292 685.94
1396563554.507787702 686.232
1396563554.533407937 686.81
1396563554.551714221 687.094
1396563554.570461632 687.375
1396563554.588706554 687.791
1396563554.606659686 688.065
1396563554.625566819 688.336
1396563554.641344340 688.604
1396563554.667600152 689.001
1396563554.686132097 689.391
1396563554.703141602 689.647
1396563554.721585871 689.9
1396563554.737840428 690.151
1396563554.757510223 690.52
1396563554.774843834 690.763
1396563554.800464815 691.122
1396563554.818115451 691.358
1396563554.835402807 691.59
1396563554.854299159 691.933
1396563554.873011507 692.158
1396563554.889332089 692.381
1396563554.914533261 692.6
1396563554.931763871 692.923
1396563554.950328671 693.239
1396563554.968370330 693.446
1396563554.986523711 693.65
1396563555.004653490 693.951
1396563555.021505747 694.148
1396563555.047397405 694.437
1396563555.065082650 694.626
1396563555.081409224 694.812
1396563555.097709193 694.995
1396563555.114408305 695.175
1396563555.131629495 695.352
1396563555.149657159 695.612
1396563555.177054802 695.866
1396563555.193416245 696.031
1396563555.210514990 696.193
1396563555.228507312 696.352
1396563555.245452909 696.584
1396563555.264303700 696.736
1396563555.281551456 696.884
1396563555.305470939 697.101
1396563555.323272174 697.242
1396563555.341036743 697.448
1396563555.358679967 697.581
1396563555.375452703 697.711
1396563555.394153697 697.838
1396563555.411504812 697.962
1396563555.436415660 698.143
1396563555.454358640 698.316
1396563555.472141679 698.428
1396563555.489328619 698.537
1396563555.506504613 698.643
1396563555.524515167 698.796
1396563555.541595669 698.894
1396563555.568276632 699.036
1396563555.586205241 699.126
1396563555.602899053 699.214
1396563555.619771580 699.298
1396563555.637125827 699.419
1396563555.655132053 699.496
1396563555.672949827 699.57
1396563555.696227498 699.675
1396563555.714656880 699.741
1396563555.732024893 699.804
1396563555.750417903 699.893
1396563555.768254222 699.949
1396563555.785411738 700.001
1396563555.801570321 700.05
1396563555.824305100 700.118
1396563555.843532157 700.16
1396563555.861357581 700.217
1396563555.878092669 700.251
1396563555.895383502 700.282
1396563555.913463906 700.31
1396563555.937911242 700.334
1396563555.956501303 700.375
1396563555.973576373 700.39
1396563555.991774474 700.403
1396563556.009680476 700.412
1396563556.025395989 700.419
1396563556.041465588 700.422
1396563556.068802211 700.42
1396563556.087411332 700.414
1396563556.104321326 700.405
1396563556.122271882 700.393
1396563556.138501722 700.378
1396563556.157500020 700.349
1396563556.175572748 700.327
1396563556.199153511 700.287
1396563556.215503886 700.256
1396563556.232252882 700.223
1396563556.249373499 700.186
1396563556.267145356 700.147
1396563556.285525330 700.082
1396563556.303627662 700.034
1396563556.327699308 699.958
1396563556.344277074 699.903
1396563556.362568953 699.845
1396563556.380073290 699.784
1396563556.398633410 699.687
1396563556.417018956 699.618
1396563556.433505284 699.546
1396563556.456023939 699.433
1396563556.473447314 699.354
1396563556.491894348 699.271
1396563556.509507861 699.142
1396563556.526905495 699.052
1396563556.543574857 698.959
1396563556.562536822 698.862
1396563556.587420275 698.713
1396563556.606249152 698.556
1396563556.625464678 698.447
1396563556.641460637 698.336
1396563556.659226212 698.222
1396563556.677284749 698.044
1396563556.694772113 697.922
1396563556.719588132 697.733
1396563556.737391496 697.604
1396563556.756623716 697.403
1396563556.773749602 697.266
1396563556.791329367 697.126
1396563556.812711366 696.91
1396563556.838457865 696.687
1396563556.855499214 696.534
1396563556.871770849 696.379
1396563556.888033757 696.221
1396563556.908148093 696.059
1396563556.932521664 695.727
1396563556.950407983 695.557
1396563556.975689701 695.295
1396563556.993404209 695.117
1396563557.011158859 694.936
1396563557.028968374 694.659
1396563557.046449355 694.47
1396563557.065172724 694.278
1396563557.081516575 694.084
1396563557.107383922 693.786
1396563557.125162271 693.482
1396563557.142822923 693.275
1396563557.162284873 693.066
1396563557.179392868 692.853
1396563557.197009879 692.529
1396563557.222564199 692.197
1396563557.239499918 691.973
1396563557.257497180 691.745
1396563557.274621413 691.515
1396563557.293697579 691.163
1396563557.311629469 690.925
1396563557.329368718 690.685
1396563557.353017023 690.318
1396563557.369405238 690.069
1396563557.386265643 689.818
1396563557.406264884 689.436
1396563557.423026542 689.177
1396563557.442075219 688.915
1396563557.459451041 688.651
1396563557.483399679 688.248
1396563557.502147203 687.839
1396563557.519379718 687.563
1396563557.535615742 687.284
1396563557.554890727 687.001
1396563557.573120200 686.573
1396563557.590643180 686.283
1396563557.615790777 685.843
1396563557.634161645 685.547
1396563557.651250844 685.247
1396563557.669241601 684.792
1396563557.687092132 684.485
1396563557.706885828 684.175
1396563557.730147874 683.862
1396563557.746501506 683.387
1396563557.764593425 682.906
1396563557.781532914 682.582
1396563557.799768941 682.254
1396563557.817286123 681.924
1396563557.833284726 681.591
1396563557.857982907 681.255
1396563557.874496650 680.746
1396563557.891765574 680.23
1396563557.911806276 679.883
1396563557.927488645 679.533
1396563557.943638033 679.18
1396563557.963365711 678.824
1396563557.989258220 678.103
1396563558.007068949 677.739
1396563558.023449652 677.372
1396563558.040311923 677.002
1396563558.058770319 676.629
1396563558.077384042 676.064
1396563558.094772058 675.684
1396563558.118633723 675.109
1396563558.135453941 674.721
1396563558.154137035 674.332
1396563558.171671238 673.939
1396563558.189390656 673.345
1396563558.207506903 672.945
1396563558.223806761 672.543
1396563558.249386514 671.934
1396563558.267198481 671.525
1396563558.285058376 670.905
1396563558.302494856 670.489
1396563558.322234212 670.07
1396563558.338517564 669.648
1396563558.357005819 669.011
1396563558.383209699 668.367
1396563558.400877794 667.934
1396563558.418442555 667.498
1396563558.436634880 666.84
1396563558.456748176 666.398
1396563558.473310737 665.953
1396563558.497812555 665.505
1396563558.515755311 664.828
1396563558.542629412 663.916
1396563558.561954325 663.456
1396563558.579481274 662.994
1396563558.597827337 662.295
1396563558.629882118 661.354
1396563558.647501386 660.879
1396563558.667569580 660.402
1396563558.684823847 659.681
1396563558.703478270 659.197
1396563558.719740819 658.71
1396563558.736235846 658.221
1396563558.759878897 657.482
1396563558.777332394 656.986
1396563558.794629450 656.488
1396563558.811111475 655.987
1396563558.829253329 655.23
1396563558.846953453 654.723
1396563558.866200202 654.213
1396563558.887883335 653.443
1396563558.906609160 652.926
1396563558.923135077 652.407
1396563558.941254212 651.623
1396563558.959070341 651.097
1396563558.977007280 650.569
1396563558.993359672 650.038
1396563559.015814953 649.237
1396563559.033248319 648.7
1396563559.051073683 648.161
1396563559.069053443 647.346
1396563559.087360992 646.8
1396563559.106486794 646.252
1396563559.123671118 645.424
1396563559.147133950 644.869
1396563559.166694948 644.033
1396563559.183358697 643.471
1396563559.203197367 642.908
1396563559.219360918 642.342
1396563559.237994247 641.488
1396563559.255386767 640.916
1396563559.279732243 640.053
1396563559.298353615 639.475
1396563559.316752887 638.603
1396563559.333604727 638.018
1396563559.351136957 637.432
1396563559.370505573 636.842
1396563559.395755737 635.657
1396563559.413986870 635.06
1396563559.431272233 634.461
1396563559.447915188 633.86
1396563559.467481682 633.256
1396563559.484989736 632.346
1396563559.502603765 631.737
1396563559.525728715 630.818
1396563559.543423256 630.202
1396563559.563500244 629.584
1396563559.580731120 628.653
1396563559.597484689 628.029
1396563559.614259036 627.403
1396563559.631550578 626.775
1396563559.656976569 625.828
1396563559.677253403 625.194
1396563559.700991939 623.919
1396563559.717807766 623.278
1396563559.735517119 622.634
1396563559.755064481 621.989
1396563559.966307656 621.341
1396563559.993423250 612.037
1396563560.010628075 611.355
1396563560.035252134 610.672
1396563560.053100024 609.299
1396563560.071172456 608.608
1396563560.089124649 607.916
1396563560.106297376 607.222
1396563560.123567030 606.526
1396563560.141388098 605.477
1396563560.165878781 604.423
1396563560.183564096 603.718
1396563560.199981948 603.011
1396563560.218072780 602.302
1396563560.234870099 601.59
1396563560.253801029 600.519
1396563560.271480852 599.803
1396563560.297270047 598.724
1396563560.317302707 597.641
1396563560.334605244 596.916
1396563560.353366936 596.189
1396563560.370236057 595.46
1396563560.391497935 594.363
1396563560.422406140 592.893
1396563560.439619323 592.155
1396563560.460842125 591.044
1396563560.478687060 590.302
1396563560.495711886 589.557
1396563560.514938314 588.81
1396563560.533558808 587.686
1396563560.561050191 586.558
1396563560.578032537 585.803
1396563560.594332629 585.047
1396563560.612402642 583.909
1396563560.629430781 583.148
1396563560.647052273 582.385
1396563560.673913217 581.62
1396563560.690410948 580.469
1396563560.709227416 579.314
1396563560.726656506 578.541
1396563560.743821875 577.767
1396563560.762200623 576.991
1396563560.779379718 576.213
1396563560.804802985 574.653
1396563560.821557110 573.869
1396563560.839164378 573.084
1396563560.858306251 572.298
1396563560.876557667 571.114
1396563560.894264433 570.323
1396563560.912170085 569.53
1396563560.934326118 568.338
1396563560.953186285 567.541
1396563560.969332341 566.742
1396563560.986298511 565.941
1396563561.002562150 565.139
1396563561.021103362 563.933
1396563561.037184450 563.126
1396563561.062379092 561.914
1396563561.080389164 561.104
1396563561.098133348 560.292
1396563561.115915027 559.479
1396563561.134037115 558.257
1396563561.153239302 557.441
1396563561.170152991 556.623
1396563561.192913632 555.394
1396563561.210183759 554.573
1396563561.227306480 553.751
1396563561.244863786 552.516
1396563561.263535473 551.691
1396563561.282065506 550.866
1396563561.298504222 550.039
1396563561.323716463 548.797
1396563561.341031530 547.553
1396563561.361283985 546.723
1396563561.377304912 545.892
1396563561.394060561 545.06
1396563561.412268360 543.811
1396563561.429828951 542.977
1396563561.456809811 541.725
1396563561.474057642 540.89
1396563561.490398477 540.054
1396563561.510225603 538.8
1396563561.527428193 537.963
1396563561.545192983 537.125
1396563561.569947542 536.288
1396563561.587535780 535.031
1396563561.605041246 533.773
1396563561.621853628 532.934
1396563561.639342584 532.095
1396563561.658545432 531.256
1396563561.675465225 530.417
1396563561.702123073 528.738
1396563561.719423629 527.899
1396563561.737240066 527.06
1396563561.755490741 526.22
1396563561.773189591 524.962
1396563561.789548259 524.123
1396563561.807352825 523.284
1396563561.830361244 522.027
1396563561.847967778 521.189
1396563561.866118061 520.352
1396563561.884226703 519.096
1396563561.902908665 518.26
1396563561.919991743 517.424
1396563561.936211170 516.588
1396563561.958484713 515.336
1396563561.976312830 514.502
1396563561.994097904 513.669
1396563562.013738724 512.42
1396563562.032068829 511.589
1396563562.318130589 509.928
1396563562.347236992 495.577
1396563562.366537990 494.366
1396563562.385615364 493.56
1396563562.403715528 492.757
1396563562.422485063 491.554
1396563562.449409271 490.754
1396563562.471801782 489.16
1396563562.490815808 488.366
1396563562.508730106 487.178
1396563562.526223283 486.388
1396563562.545229426 485.6
1396563562.565235623 484.423
1396563562.582800345 483.64
1396563562.607968558 482.47
1396563562.626381664 481.693
1396563562.644543768 480.531
1396563562.663838091 479.759
1396563562.682450197 478.989
1396563562.700800650 477.837
1396563562.726860240 476.692
1396563562.743110170 475.93
1396563562.764325739 475.171
1396563562.782087324 474.037
1396563562.800958448 473.283
1396563562.820508000 472.157
1396563562.837601315 471.408
1396563562.865102246 470.29
1396563562.883456268 469.548
1396563562.901554158 468.439
1396563562.919403166 467.702
1396563562.938481049 466.968
1396563562.958960184 465.871
1396563562.981878657 464.779
1396563563.001131216 464.055
1396563563.020466899 462.972
1396563563.038252055 462.254
1396563563.057356187 461.537
1396563563.075330912 460.823
1396563563.094032886 459.757
1396563563.119256779 458.697
1396563563.138562459 457.992
1396563563.157226045 456.941
1396563563.174727431 456.243
1396563563.193230596 455.547
1396563563.212610481 454.509
1396563563.240513531 453.476
1396563563.257175808 452.79
1396563563.274621493 452.107
1396563563.292714216 451.087
1396563563.310610821 450.41
1396563563.329261562 449.736
1396563563.346531340 449.064
1396563563.371366886 448.062
1396563563.389742740 447.064
1396563563.410841746 446.403
1396563563.428413260 445.415
1396563563.446289115 444.76
1396563563.466582817 444.107
1396563563.492291319 442.81
1396563563.509897141 442.165
1396563563.527442890 441.523
1396563563.546787491 440.883
1396563563.565826300 439.928
1396563563.582828260 439.295
1396563563.601085324 438.665
1396563563.627110381 437.724
1396563563.646455347 436.789
1396563563.666598687 436.169
1396563563.684436569 435.244
1396563563.702953614 434.63
1396563563.721277994 434.019
1396563563.746560682 433.41
1396563563.772978448 431.901
1396563563.791587839 431.301
1396563563.811452816 430.705
1396563563.829103885 429.815
1396563563.847368991 429.225
1396563563.874614949 428.637
1396563563.893599114 427.47
1396563563.913616359 426.891
1396563563.932478516 426.314
1396563563.950244377 425.453
1396563563.970580302 424.883
1396563563.988528074 424.032
1396563564.014399563 423.186
1396563564.031467575 422.626
1396563564.048883864 422.067
1396563564.066847092 421.511
1396563564.084582727 420.68
1396563564.102899593 420.13
1396563564.121089274 419.581
1396563564.146768746 418.761
1396563564.165139855 417.946
1396563564.183719198 417.404
1396563564.202151070 416.865
1396563564.220687160 416.059
1396563564.238566535 415.524
1396563564.264917673 414.724
1396563564.282516739 414.193
1396563564.301560123 413.398
1396563564.319392040 412.87
1396563564.337006792 412.344
1396563564.355146595 411.818
1396563564.373303324 411.033
1396563564.399409745 410.25
1396563564.418284422 409.729
1396563564.436401945 408.95
1396563564.454410524 408.432
1396563564.473019771 407.914
1396563564.491642602 407.398
1396563564.518090602 406.367
1396563564.537034268 405.852
1396563564.554523994 405.338
1396563564.574401747 404.568
1396563564.591640798 404.056
1396563564.610659666 403.544
1396563564.628390443 402.776
1396563564.654267331 402.009
1396563564.673056740 401.498
1396563564.692826039 400.731
1396563564.711217056 400.221
1396563564.729045059 399.71
1396563564.747409195 399.199
1396563564.773426026 398.177
1396563564.791522105 397.666
1396563564.810396631 397.155
1396563564.829265023 396.387
1396563564.846570035 395.874
1396563564.865016403 395.361
1396563564.882547546 394.848
1396563564.908030585 394.077
1396563564.926139227 393.305
1396563564.943017165 392.789
1396563564.962262609 392.272
1396563564.980527424 391.496
1396563564.998405191 390.977
1396563565.027531709 390.458
1396563565.045259596 389.415
1396563565.063159500 388.893
1396563565.082167092 388.369
1396563565.100575897 387.58
1396563565.118902557 387.053
1396563565.136873538 386.525
1396563565.160780610 385.729
1396563565.178839260 385.197
1396563565.196664353 384.397
1396563565.214467316 383.86
1396563565.232945900 383.323
1396563565.252457173 382.513
1396563565.271078683 381.971
1396563565.298723066 381.155
1396563565.316708660 380.334
1396563565.334511509 379.784
1396563565.353010681 379.232
1396563565.370891774 378.678
1396563565.388509130 377.843
1396563565.415391623 377.003
1396563565.432883887 376.44
1396563565.450672832 375.875
1396563565.469386434 375.022
1396563565.486249856 374.45
1396563565.504946713 373.876
1396563565.523640439 373.3
1396563565.547356907 372.43
1396563565.566231758 371.553
1396563565.586380506 370.966
1396563565.605093518 370.08
1396563565.622979388 369.486
1396563565.642193960 368.889
1396563565.668585658 367.688
1396563565.686821051 367.083
1396563565.705319190 366.476
1396563565.722930637 365.866
1396563565.740383586 364.946
1396563565.758986958 364.329
1396563565.775705658 363.71
1396563565.801013587 362.777
1396563565.821408097 361.838
1396563565.838087435 361.208
1396563565.856291307 360.576
1396563565.874116892 359.941
1396563565.892503430 358.984
1396563565.911214553 358.342
1396563565.936933584 357.375
1396563565.957052743 356.727
1396563565.974650111 355.75
1396563565.991454020 355.096
1396563566.010341409 354.439
1396563566.028570558 353.449
1396563566.054257684 352.453
1396563566.073105227 351.786
1396563566.092120486 351.116
1396563566.109363883 350.106
1396563566.127424568 349.43
1396563566.146876465 348.751
1396563566.166336589 347.729
1396563566.190437020 346.7
1396563566.210348706 346.011
1396563566.228309174 344.973
1396563566.246942083 344.278
1396563566.265062692 343.581
1396563566.283458052 342.881
1396563566.308773481 341.473
1396563566.327523385 340.766
1396563566.346254577 340.056
1396563566.364893844 338.987
1396563566.383151180 338.271
1396563566.402188795 337.553
1396563566.421049895 336.47
1396563566.446683613 335.383
1396563566.465133749 334.655
1396563566.482560873 333.924
1396563566.501323095 332.824
1396563566.518919886 332.088
1396563566.538244919 331.349
1396563566.564422534 329.864
1396563566.582581120 329.118
1396563566.601020335 328.37
1396563566.620879164 327.244
1396563566.638765303 326.49
1396563566.655557229 325.734
1396563566.674111543 324.976
1396563566.699474172 323.835
1396563566.718359058 322.689
1396563566.738315428 321.922
1396563566.757077190 320.768
1396563566.774584443 319.996
1396563566.793070746 319.222
1396563566.820507947 318.446
1396563566.836917520 316.887
1396563566.856296998 316.104
1396563566.873314203 315.32
1396563566.890404850 314.533
1396563566.909437591 313.349
1396563566.927072563 312.558
1396563566.949688984 311.367
1396563566.967259335 310.571
1396563566.985919765 309.773
1396563567.004719585 308.573
1396563567.022475871 307.77
1396563567.041388674 306.966
1396563567.058581806 306.161
1396563567.083361852 304.949
1396563567.102077553 303.734
1396563567.119712274 302.922
1396563567.138222397 302.109
1396563567.155696896 301.294
1396563567.173262943 300.07
1396563567.190804082 299.252
1396563567.216103677 298.022
1396563567.234139111 297.201
1396563567.250458110 296.379
1396563567.267677604 295.555
1396563567.285427028 294.318
1396563567.303016936 293.492
1396563567.329736790 292.664
1396563567.346158602 291.422
1396563567.364560269 290.177
1396563567.381855237 289.346
1396563567.400746413 288.514
1396563567.418750645 287.682
1396563567.435165370 286.848
1396563567.460862974 285.18
1396563567.478320271 284.345
1396563567.496842411 283.509
1396563567.514485733 282.672
1396563567.532253251 281.835
1396563567.549270574 280.579
1396563567.567432343 279.741
1396563567.590388050 278.483
1396563567.608910990 277.644
1396563567.626266794 276.805
1396563567.645274098 275.545
1396563567.663348726 274.706
1396563567.680891754 273.866
1396563567.698398143 273.025
1396563567.723264771 271.765
1396563567.742441183 270.505
1396563567.758627038 269.664
1396563567.775406130 268.824
1396563567.793065752 267.984
1396563567.810948065 267.144
1396563567.826958294 266.304
1396563567.851320695 265.045
1396563567.869451724 263.787
1396563567.886462574 262.948
1396563567.904580145 262.11
1396563567.922527304 261.272
1396563567.939711734 260.016
1396563567.957084858 259.179
1396563567.984056098 257.925
1396563568.002087690 257.09
1396563568.018340661 256.255
1396563568.035449996 255.421
1396563568.053275805 254.172
1396563568.070953701 253.339
1396563568.087725828 252.508
1396563568.114488262 251.263
1396563568.131557608 250.019
1396563568.149360342 249.192
1396563568.166249201 248.365
1396563568.185091777 247.539
1396563568.202453303 246.715
1396563568.227134997 245.891
1396563568.244677550 244.247
1396563568.263673566 243.427
1396563568.279696139 242.609
1396563568.297994985 241.791
1396563568.315557141 240.975
1396563568.333301891 239.754
1396563568.357701607 238.536
1396563568.378617221 237.725
1396563568.395304035 236.916
1396563568.412495006 235.706
1396563568.429551509 234.901
1396563568.447426319 234.098
1396563568.466072719 233.296
1396563568.488895388 232.097
1396563568.505372649 231.3
1396563568.524760470 230.107
1396563568.541553869 229.315
1396563568.561321890 228.523
1396563568.577316044 227.734
1396563568.594499869 226.947
1396563568.619151821 225.769
1396563568.637055695 224.595
1396563568.654426987 223.814
1396563568.674074393 223.036
1396563568.690371572 222.259
1396563568.710556293 221.097
1396563568.737784989 220.325
1396563568.754308419 219.17
1396563568.772877871 218.02
1396563568.790060074 217.255
1396563568.806935405 216.492
1396563568.825184711 215.731
1396563568.842394778 214.972
1396563568.868633090 214.215
1396563568.885046211 212.707
1396563568.902276326 211.956
1396563568.921245827 211.206
1396563568.938207931 210.459
1396563568.955570593 209.714
1396563568.973422670 208.599
1396563568.998228923 207.489
1396563569.016050172 206.752
1396563569.033843210 206.017
1396563569.051269083 205.283
1396563569.069545338 204.187
1396563569.087239990 203.459
1396563569.106058280 202.732
1396563569.131099810 201.647
1396563569.148744199 200.566
1396563569.167174523 199.848
1396563569.184544214 199.132
1396563569.201221714 198.418
1396563569.218300068 197.707
1396563569.235690936 196.997
1396563569.260689915 195.937
1396563569.278538441 194.881
1396563569.296829015 194.18
1396563569.317126575 193.133
1396563569.334481717 192.437
1396563569.351505431 191.743
1396563569.380660126 191.052
1396563569.396491210 189.676
1396563569.413252577 188.992
1396563569.430980049 188.309
1396563569.448628551 187.629
1396563569.467377095 186.951
1396563569.484994901 185.938
1396563569.510921829 184.93
1396563569.527257319 184.261
1396563569.545064672 183.594
1396563569.562421222 182.93
1396563569.579242127 182.267
1396563569.597048662 181.278
1396563569.619600302 180.621
1396563569.656318565 179.314
1396563569.673274058 178.34
1396563569.691379259 177.693
1396563569.718270172 176.406
1396563569.735993452 175.766
1396563569.762010651 175.129
1396563569.778565925 174.177
1396563569.796751634 173.23
1396563569.813545559 172.601
1396563569.831423447 171.975
1396563569.847416545 171.352
1396563569.867243112 170.73
1396563569.892912395 169.494
1396563569.910812095 168.88
1396563569.927308822 168.268
1396563569.946416860 167.658
1396563569.964810079 166.748
1396563569.982544802 166.145
1396563570.001135446 165.543
1396563570.024817187 164.646
1396563570.041005287 164.051
1396563570.060419870 163.458
1396563570.077569366 162.573
1396563570.095162458 161.986
1396563570.114419129 161.401
1396563570.132497384 160.529
1396563570.157434357 159.663
1396563570.176824492 159.088
1396563570.194013513 158.516
1396563570.210790293 157.946
1396563570.228547365 157.096
1396563570.245562429 156.533
1396563570.265448653 155.972
1396563570.289187660 155.135
1396563570.307288660 154.58
1396563570.327315818 153.752
1396563570.349417906 152.93
1396563570.367645826 152.386
1396563570.385188748 151.843
1396563570.411411437 151.035
1396563570.428681827 150.232
1396563570.445423281 149.7
1396563570.465065525 149.17
1396563570.481051974 148.643
1396563570.499527451 148.119
1396563570.517160413 147.337
1396563570.542505495 146.561
1396563570.561267675 146.047
1396563570.578052042 145.536
1396563570.596447186 144.773
1396563570.613563653 144.268
1396563570.631184261 143.766
1396563570.648059376 143.266
1396563570.674318737 142.522
1396563570.692422776 141.783
1396563570.711769065 141.293
1396563570.729174720 140.807
1396563570.746369469 140.323
1396563570.765033588 139.602
1396563570.790433548 138.887
1396563570.807874975 138.414
1396563570.825120563 137.943
1396563570.842128764 137.475
1396563570.859410720 137.01
1396563570.877119854 136.317
1396563570.895434507 135.858
1396563570.917709204 135.175
1396563570.935668264 134.723
1396563570.954335642 134.274
1396563570.971000883 133.828
1396563570.988681816 133.163
1396563571.005910555 132.724
1396563571.023102959 132.287
1396563571.046500782 131.637
1396563571.063032367 131.207
1396563571.081873194 130.779
1396563571.099286300 130.355
1396563571.117162827 129.723
1396563571.135285616 129.305
1396563571.152556970 128.89
1396563571.176926202 128.273
1396563571.194099299 127.865
1396563571.211664654 127.46
1396563571.228402885 126.858
1396563571.246293803 126.459
1396563571.265111113 126.064
1396563571.282307778 125.671
1396563571.307176978 125.087
1396563571.326138578 124.51
1396563571.341618221 124.129
1396563571.359332970 123.75
1396563571.375313951 123.374
1396563571.392923784 123.001
1396563571.411531759 122.631
1396563571.435174657 122.081
1396563571.452925086 121.538
1396563571.471036593 121.179
1396563571.487531629 120.823
1396563571.506174356 120.47
1396563571.523800020 119.946
1396563571.541279766 119.6
1396563571.566403809 119.086
1396563571.584676690 118.747
1396563571.600921735 118.411
1396563571.620220366 117.913
1396563571.637162900 117.584
1396563571.655165180 117.258
1396563571.681553450 116.935
1396563571.698558356 116.456
1396563571.717523263 115.984
1396563571.735922668 115.672
1396563571.753339080 115.364
1396563571.770079635 115.058
1396563571.787251872 114.756
1396563571.813175645 114.159
1396563571.831050292 113.865
1396563571.848919950 113.574
1396563571.866560802 113.286
1396563571.884933950 112.859
1396563571.902979201 112.578
1396563571.921328206 112.301
1396563571.943559256 111.889
1396563571.962075479 111.619
1396563571.978794324 111.351
1396563571.996409606 110.956
1396563572.013412007 110.695
1396563572.031370565 110.438
1396563572.049049350 110.184
1396563572.071657552 109.808
1396563572.089179502 109.561
1396563572.106174369 109.317
1396563572.125030336 108.957
1396563572.142426713 108.721
1396563572.159649814 108.487
1396563572.177169961 108.257
1396563572.199652411 107.916
1396563572.220475399 107.583
1396563572.236762474 107.364
1396563572.255126731 107.149
1396563572.273219674 106.936
1396563572.291324445 106.726
1396563572.310414927 106.418
1396563572.335187754 106.115
1396563572.351651564 105.918
1396563572.370849802 105.723
1396563572.389345103 105.437
1396563572.407411828 105.25
1396563572.426365677 105.065
1396563572.452550308 104.884
1396563572.469681688 104.531
1396563572.486986898 104.359
1396563572.503524950 104.19
1396563572.523224919 104.024
1396563572.540730232 103.781
1396563572.557531216 103.622
1396563572.582163016 103.39
1396563572.602107007 103.239
1396563572.620405512 103.018
1396563572.638551175 102.875
1396563572.655276742 102.735
1396563572.674237308 102.598
1396563572.691305416 102.463
1396563572.715293081 102.268
1396563572.732743876 102.079
1396563572.750940777 101.957
1396563572.768973290 101.838
1396563572.785046846 101.722
1396563572.802424131 101.609
1396563572.821168193 101.445
1396563572.846856640 101.288
1396563572.866294167 101.187
1396563572.884046877 101.09
1396563572.901024611 100.949
1396563572.919428653 100.859
1396563572.937166523 100.772
1396563572.961549946 100.688
1396563572.978237209 100.568
1396563572.996397536 100.454
1396563573.015735992 100.382
1396563573.033047147 100.314
1396563573.050172388 100.248
1396563573.067570361 100.155
1396563573.093588461 100.07
1396563573.111407375 100.016
1396563573.129924958 99.966
1396563573.146568040 99.919
1396563573.163362409 99.874
1396563573.181275283 99.814
1396563573.199599266 99.777
1396563573.224858214 99.728
1396563573.241053642 99.699
1396563573.258408748 99.674
1396563573.276521595 99.641
1396563573.293572231 99.622
1396563573.312893707 99.607
1396563573.331167405 99.595
1396563573.355281895 99.583
1396563573.374200878 99.578
1396563573.390294730 99.578
1396563573.407141197 99.581
1396563573.426044074 99.588
1396563573.442562947 99.597
1396563573.459180172 99.61
1396563573.483068930 99.634
1396563573.501234271 99.665
1396563573.522170080 99.69
1396563573.539420031 99.718
1396563573.556493979 99.765
1396563573.574674300 99.801
1396563573.591111868 99.84
1396563573.617991279 99.903
1396563573.634519311 99.949
1396563573.651339616 99.999
1396563573.668952829 100.078
1396563573.687121937 100.135
1396563573.703563805 100.195
1396563573.729548683 100.258
1396563573.746396536 100.359
1396563573.764395772 100.466
1396563573.783727935 100.541
1396563573.801752265 100.62
1396563573.818161564 100.701
1396563573.835162796 100.785
1396563573.861289668 100.963
1396563573.878478869 101.057
1396563573.897162137 101.154
1396563574.131791292 102.898
1396563574.154300411 103.114
1396563574.169908763 103.263
1396563574.186169251 103.414
1396563574.204519270 103.647
1396563574.222533858 103.806
1396563574.246925123 104.05
1396563574.263412994 104.217
1396563574.281113804 104.386
1396563574.297981078 104.559
1396563574.317345749 104.823
1396563574.335151883 105.003
1396563574.352008601 105.186
1396563574.376734224 105.467
1396563574.394469381 105.657
1396563574.413294186 105.949
1396563574.431291707 106.147
1396563574.449097855 106.348
1396563574.468225607 106.656
1396563574.485074454 106.864
1396563574.511350571 107.183
1396563574.528844613 107.399
1396563574.546677888 107.618
1396563574.563223007 107.84
1396563574.580459200 108.178
1396563574.598015760 108.408
1396563574.615777736 108.641
1396563574.639793755 108.995
1396563574.657292667 109.235
1396563574.675781960 109.478
1396563574.693372493 109.847
1396563574.711370065 110.098
1396563574.729856376 110.351
1396563574.753612923 110.607
1396563574.770232578 110.997
1396563574.788314959 111.394
1396563574.805462815 111.662
1396563574.823992518 111.933
1396563574.839977473 112.206
1396563574.857158994 112.483
1396563574.884248230 113.046
1396563574.902491586 113.331
1396563574.924653056 113.62
1396563574.945084537 114.058
1396563574.962517741 114.354
1396563574.980378934 114.803
1396563574.997428835 115.106
1396563575.023338955 115.567
1396563575.039645150 115.877
1396563575.057055655 116.19
1396563575.074236898 116.506
1396563575.091422593 116.826
1396563575.109463772 117.31
1396563575.127121983 117.636
1396563575.151447166 118.131
1396563575.169455885 118.464
1396563575.187216114 118.801
1396563575.205469805 119.311
1396563575.225076067 119.654
1396563575.242346734 120.001
1396563575.266580407 120.35
1396563575.284469504 121.057
1396563575.303621897 121.415
1396563575.321845028 121.776
1396563575.339325807 122.139
1396563575.356451747 122.69
1396563575.373495481 123.06
1396563575.397769859 123.621
1396563575.415073912 123.999
1396563575.433955354 124.38
1396563575.450342799 124.763
1396563575.469215163 125.343
1396563575.485288570 125.733
1396563575.503670253 126.126
1396563575.529089663 126.721
1396563575.546098064 127.121
1396563575.563080659 127.524
1396563575.580102838 128.134
1396563575.597891232 128.543
1396563575.617844917 128.956
1396563575.635217490 129.371
1396563575.659376718 130
1396563575.677209052 130.634
1396563575.694340206 131.06
1396563575.714718200 131.49
1396563575.731300574 131.921
1396563575.748938181 132.574
1396563575.766095669 133.013
1396563575.792096738 133.676
1396563575.811235746 134.122
1396563575.827988766 134.795
1396563575.846474741 135.247
1396563575.863226933 135.702
1396563575.881852476 136.16
1396563575.908347930 137.083
1396563575.926621220 137.549
1396563575.944970689 138.017
1396563575.961995677 138.489
1396563575.980006567 138.962
1396563575.997509281 139.678
1396563576.015649438 140.158
1396563576.039688413 140.884
1396563576.057012689 141.371
1396563576.075308136 141.861
1396563576.094410869 142.6
1396563576.113073010 143.096
1396563576.129908040 143.595
1396563576.146660744 144.097
1396563576.171200372 144.854
1396563576.188531325 145.617
1396563576.206448917 146.129
1396563576.225278390 146.643
1396563576.241453858 147.16
1396563576.260780628 147.941
1396563576.277865068 148.464
1396563576.302786141 149.254
1396563576.322631486 149.784
1396563576.339248723 150.317
1396563576.356505161 151.12
1396563576.655160529 151.659
1396563576.686383621 162.666
1396563576.704903938 163.256
1396563576.723665591 164.145
1396563576.741337922 164.741
1396563576.758449859 165.339
1396563576.776897872 165.939
1396563576.801401252 166.542
1396563576.819942875 167.451
1396563576.841517459 168.365
1396563576.863396700 169.284
1396563576.880193961 169.9
1396563576.898272976 170.519
1396563576.915086952 171.139
1396563576.939057497 172.074
1396563576.958300956 173.015
1396563576.974233183 173.645
1396563576.992901821 174.277
1396563577.010792754 174.912
1396563577.029249531 175.868
1396563577.046616058 176.508
1396563577.071522466 177.473
1396563577.089949778 178.119
1396563577.108501317 179.092
1396563577.127078777 179.743
1396563577.143250333 180.397
1396563577.163160840 181.053
1396563577.187194956 181.712
1396563577.205249616 183.035
1396563577.226049923 183.7
1396563577.241027073 184.367
1396563577.258375485 185.037
1396563577.276663359 186.045
1396563577.293894817 186.72
1396563577.317686660 187.736
1396563577.336662047 188.417
1396563577.352539839 189.1
1396563577.370128239 189.785
1396563577.388586917 190.816
1396563577.406465408 191.506
1396563577.425245016 192.199
1396563577.447527293 193.242
1396563577.466495630 193.94
1396563577.485123743 194.991
1396563577.503245856 195.694
1396563577.522447156 196.399
1396563577.539629215 197.461
1396563577.557820079 198.172
1396563577.583116209 199.242
1396563577.599504323 199.958
1396563577.618293138 200.676
1396563577.635487930 201.396
1396563577.653197913 202.48
1396563577.672888880 203.205
1396563577.699223732 203.932
1396563577.717395301 205.393
1396563577.735143749 206.126
1396563577.751197736 206.861
1396563577.769002934 207.598
1396563577.786130930 208.338
1396563577.803312493 209.079
1396563577.829384928 210.567
1396563577.846973039 211.314
1396563577.863461653 212.063
1396563577.882748693 212.814
1396563577.903882507 213.944
1396563577.925331291 215.079
1396563577.943168516 215.837
1396563577.968118936 216.979
1396563577.985495842 217.742
1396563578.002497771 218.507
1396563578.021319354 219.659
1396563578.038820797 220.429
1396563578.055774219 221.2
1396563578.081476792 221.974
1396563578.099499986 223.138
1396563578.117617025 224.306
1396563578.135119155 225.086
1396563578.151275706 225.869
1396563578.170427801 226.653
1396563578.187234981 227.44
1396563578.213033362 229.017
1396563578.231373231 229.808
1396563578.250591809 230.602
1396563578.268875477 231.794
1396563578.286244148 232.592
1396563578.303362786 233.391
1396563578.322269860 234.192
1396563578.347142422 235.396
1396563578.364684388 236.604
1396563578.381362821 237.412
1396563578.399364353 238.221
1396563578.418355894 239.031
1396563578.436114935 240.249
1396563578.453450987 241.063
1396563578.478552010 242.287
1396563578.495504774 243.104
1396563578.513119678 243.922
1396563578.532480022 245.153
1396563578.549359566 245.974
1396563578.567433553 246.797
1396563578.584952962 247.621
1396563578.609010110 248.859
1396563578.625871579 249.685
1396563578.643191636 250.512
1396563578.660827341 251.755
1396563578.678073378 252.585
1396563578.696066170 253.415
1396563578.713299844 254.247
1396563578.735511156 255.495
1396563578.753088089 256.328
1396563578.770867584 257.162
1396563578.788867648 258.414
1396563578.806497139 259.249
1396563578.824888995 260.085
1396563578.849525838 260.921
1396563578.867233400 262.176
1396563578.884863255 263.433
1396563578.903870982 264.271
1396563578.921074111 265.109
1396563578.939208418 265.947
1396563578.955122615 266.786
1396563578.980990924 268.464
1396563578.999179788 269.303
1396563579.018239905 270.142
1396563579.035619265 270.982
1396563579.053107677 272.241
1396563579.071243454 273.08
1396563579.088453906 273.919
1396563579.112874680 275.178
1396563579.130891462 276.016
1396563579.147856424 276.855
1396563579.164883498 278.112
1396563579.182181372 278.95
1396563579.201010134 279.787
1396563579.219136329 280.624
1396563579.243198736 281.879
1396563579.260736220 283.133
1396563579.277580658 283.968
1396563579.295436621 284.802
1396563579.313286689 285.636
1396563579.329136203 286.47
1396563579.346657037 287.302
1396563579.371130873 288.55
1396563579.393008154 289.795
1396563579.421146837 291.453
1396563579.437760793 292.281
1396563579.454888196 293.107
1396563579.474885000 293.933
1396563579.499013595 295.169
1396563579.518152965 296.403
1396563579.535297594 297.224
1396563579.551422669 298.044
1396563579.570641860 298.863
1396563579.589508228 300.089
1396563579.607260757 300.904
1396563579.631630043 302.125
1396563579.650756297 302.937
1396563579.669905002 304.153
1396563579.689077095 304.961
1396563579.707317104 305.768
1396563579.725656500 306.975
1396563579.749686050 308.179
1396563579.767555588 308.979
1396563579.786023768 309.778
1396563579.804359093 310.972
1396563579.822480112 311.766
1396563579.839236530 312.558
1396563579.858072669 313.348
1396563579.882758595 314.53
1396563579.901498095 315.707
1396563579.919334793 316.49
1396563579.938278820 317.27
1396563579.956379832 318.436
1396563579.975249670 319.211
1396563580.002006280 319.984
1396563580.019677321 321.139
1396563580.037304150 322.29
1396563580.057131578 323.054
1396563580.076375768 324.196
1396563580.094479116 324.955
1396563580.113891464 325.711
1396563580.138882233 326.842
1396563580.157387273 327.968
1396563580.175111998 328.716
1396563580.194073371 329.461
1396563580.213232269 330.575
1396563580.231234092 331.315
1396563580.248996366 332.052
1396563580.274534198 333.154
1396563580.292776055 334.25
1396563580.310536056 334.978
1396563580.545777069 335.703
1396563580.571501659 346.293
1396563580.589501938 347.322
1396563580.607372132 348.005
1396563580.627379279 348.685
1396563580.651333474 349.7
1396563580.669237027 350.71
1396563580.687348090 351.38
1396563580.707363939 352.047
1396563580.726005308 353.044
1396563580.745053024 353.705
1396563580.777724927 355.019
1396563580.795121624 355.672
1396563580.812734132 356.648
1396563580.831247064 357.295
1396563580.853006144 357.939
1396563580.876695560 359.22
1396563580.901594978 360.174
1396563580.922014083 360.806
1396563580.939881471 361.75
1396563580.959691409 362.376
1396563580.977024957 363
1396563580.994999987 363.621
1396563581.012976956 364.547
1396563581.039448646 365.467
1396563581.058042652 366.078
1396563581.076346675 366.989
1396563581.095003347 367.593
1396563581.112693352 368.194
1396563581.131374251 368.793
1396563581.157076716 369.982
1396563581.177957293 370.573
1396563581.195445396 371.161
1396563581.213478809 372.039
1396563581.231562465 372.62
1396563581.250315482 373.199
1396563581.268235996 374.063
1396563581.293155338 374.921
1396563581.311605429 375.489
1396563581.330453693 376.055
1396563581.348237520 376.9
1396563581.366942076 377.46
1396563581.386012852 378.018
1396563581.412221047 379.128
1396563581.431003390 379.68
1396563581.451167037 380.229
1396563581.468848199 381.049
1396563581.492142598 381.594
1396563581.517233190 382.677
1396563581.541645744 383.485
1396563581.558876298 384.022
1396563581.577826149 384.557
1396563581.596471048 385.356
1396563581.615018750 385.887
1396563581.634016283 386.417
1396563581.652795601 387.209
1396563581.679219718 387.998
1396563581.698606407 388.522
1396563581.717375223 389.307
1396563581.735914313 389.828
1396563581.754543474 390.349
1396563581.772912794 391.127
1396563581.799863104 391.904
1396563581.818168551 392.421
1396563581.836350133 393.195
1396563581.853799153 393.71
1396563581.871217031 394.224
1396563581.890183349 394.738
1396563581.908347347 395.508
1396563581.933374554 396.276
1396563581.950844800 396.788
1396563581.970508941 397.3
1396563581.989473085 398.067
1396563582.007573018 398.578
1396563582.027311658 399.089
1396563582.052868376 400.11
1396563582.070870797 400.621
1396563582.090070950 401.132
1396563582.108226929 401.898
1396563582.126789803 402.41
1396563582.146715551 402.921
1396563582.166394483 403.689
1396563582.191063932 404.458
1396563582.210348010 404.971
1396563582.229872074 405.742
1396563582.248740259 406.257
1396563582.266724907 406.772
1396563582.285981030 407.546
1396563582.311432040 408.322
1396563582.330720925 408.841
1396563582.348593994 409.62
1396563582.367221424 410.141
1396563582.386217425 410.663
1396563582.409487588 411.448
1396563582.435178272 411.973
1396563582.452925940 413.026
1396563582.471344075 413.555
1396563582.490114923 414.085
1396563582.508301707 414.883
1396563582.527409585 415.417
1396563582.546123075 415.953
1396563582.571245222 416.759
1396563582.590317897 417.569
1396563582.608963537 418.112
1396563582.628337913 418.929
1396563582.646345989 419.476
1396563582.664903208 420.025
1396563582.692783626 421.13
1396563582.710339757 421.686
1396563582.730120248 422.243
1396563582.748218205 423.084
1396563582.766540851 423.648
1396563582.784866257 424.213
1396563582.802460738 424.782
1396563582.827013996 425.639
1396563582.845495962 426.502
1396563582.863223022 427.081
1396563582.882233851 427.662
1396563582.902060459 428.539
1396563582.921013145 429.127
1396563582.947301823 429.717
1396563582.965264508 430.907
1396563582.983214267 431.505
1396563583.000106665 432.107
1396563583.018429743 432.71
1396563583.036714107 433.621
1396563583.054340568 434.232
1396563583.079544266 435.152
1396563583.098507849 435.769
1396563583.116742597 436.7
1396563583.134498944 437.323
1396563583.150842106 437.949
1396563583.170312042 438.578
1396563583.188469708 439.526
1396563583.213610830 440.481
1396563583.234036930 441.12
1396563583.252486223 442.084
1396563583.271240703 442.73
1396563583.290734206 443.378
1396563583.309159436 444.356
1396563583.335592487 445.339
1396563583.354287990 445.998
1396563583.373130389 446.991
1396563583.391087902 447.656
1396563583.409967330 448.324
1396563583.428463564 449.33
1396563583.446224016 450.004
1396563583.471494977 451.021
1396563583.491914796 451.701
1396563583.512043466 452.726
1396563583.528815021 453.413
1396563583.546349309 454.102
1396563583.564656487 455.141
1396563583.589481985 456.185
1396563583.608984250 456.884
1396563583.626336113 457.586
1396563583.645137161 458.643
1396563583.661282915 459.351
1396563583.680862196 460.061
1396563583.700306519 460.774
1396563583.726499616 462.207
1396563583.744796558 462.927
1396563583.762833181 463.649
1396563583.781497637 464.738
1396563583.803853839 465.466
1396563583.829229171 466.93
1396563583.855460680 468.035
1396563583.875219737 468.774
1396563583.893283842 469.887
1396563583.912837018 470.632
1396563583.932856266 471.754
1396563583.950462442 472.505
1396563583.976999393 473.636
1396563583.995357329 474.392
1396563584.013478067 475.53
1396563584.032829629 476.292
1396563584.050831083 477.055
1396563584.068980551 478.206
1396563584.087529547 478.975
1396563584.112742745 480.132
1396563584.132332113 481.295
1396563584.150290299 482.073
1396563584.169940767 482.852
1396563584.188583065 484.026
1396563584.206342508 484.811
1396563584.229413347 485.992
1396563584.247619146 486.782
1396563584.266927582 487.574
1396563584.284857331 488.765
1396563584.303157922 489.562
1396563584.320080558 490.36
1396563584.337167225 491.16
1396563584.360573830 492.363
1396563584.378365888 493.168
1396563584.396272520 494.377
1396563584.413688108 495.185
1396563584.430958654 495.995
1396563584.449876841 496.807
1396563584.468332759 497.619
1396563584.493692991 499.249
1396563584.511460955 500.066
1396563584.530832128 500.885
1396563584.548348306 502.114
1396563584.566536961 502.936
1396563584.583789058 503.758
1396563584.601077340 504.582
1396563584.625076766 505.819
1396563584.641405029 506.646
1396563584.658219894 507.473
1396563584.676403632 508.716
1396563584.693525607 509.546
1396563584.711830820 510.376
1396563584.740829870 512.04
1396563584.757099633 512.873
1396563584.775381361 513.707
1396563584.792730635 514.541
1396563584.808969401 515.376
1396563584.824979208 516.212
1396563584.843293373 517.048
1396563584.865617618 517.885
1396563584.883137980 519.141
1396563584.900704981 520.398
1396563584.918456439 521.237
1396563584.935455452 522.076
1396563584.954153278 522.915
1396563584.970731740 523.754
1396563584.996957125 525.434
1396563585.013270685 526.274
1396563585.031163134 527.114
1396563585.047779511 527.954
1396563585.066732448 528.795
1396563585.084475362 530.055
1396563585.102395311 530.895
1396563585.125473050 532.155
1396563585.143125809 532.995
1396563585.159451301 533.835
1396563585.179079083 534.675
1396563585.196392341 535.933
1396563585.212935685 536.772
1396563585.231130939 537.611
1396563585.255519819 538.867
1396563585.275449553 539.705
1396563585.293326273 540.96
1396563585.310952239 541.796
1396563585.328976537 542.632
1396563585.345718349 543.466
1396563585.362223019 544.301
1396563585.387106134 545.551
1396563585.405091504 546.799
1396563585.423370052 547.63
1396563585.439806625 548.46
1396563585.457489706 549.29
1396563585.476298288 550.532
1396563585.709246170 562.409
1396563585.730103769 563.218
1396563585.747146804 564.025
1396563585.771172527 565.232
1396563585.788719477 566.436
1396563585.807092144 567.237
1396563585.823962204 568.035
1396563585.840978499 568.832
1396563585.858245064 569.628
1396563585.876288361 570.817
1396563585.901348770 572.003
1396563585.919249363 572.791
1396563585.935754745 573.577
1396563585.952973949 574.362
1396563585.969486527 575.145
1396563585.988095029 576.315
1396563586.005323736 577.094
1396563586.030156374 578.258
1396563586.047323171 579.031
1396563586.063195523 579.803
1396563586.083492191 580.573
1396563586.101196757 581.725
1396563586.119142429 582.49
1396563586.135447875 583.253
1396563586.160727343 584.395
1396563586.178439339 585.154
1396563586.194769126 585.91
1396563586.214208596 587.042
1396563586.230451911 587.794
1396563586.250125732 588.544
1396563586.276781400 590.038
1396563586.293444884 590.782
1396563586.311348370 591.524
1396563586.330073660 592.264
1396563586.347192188 593.002
1396563586.364910384 594.105
1396563586.382945477 594.839
1396563586.405474541 595.934
1396563586.423214852 596.662
1396563586.441346660 597.388
1396563586.457652909 598.112
1396563586.476823847 599.194
1396563586.495068237 599.912
1396563586.512942235 600.629
1396563586.539090279 601.7
1396563586.556458960 602.766
1396563586.575820745 603.474
1396563586.593855696 604.18
1396563586.610161305 604.884
1396563586.628319218 605.936
1396563586.645715490 606.635
1396563586.671763104 607.678
1396563586.689892040 608.372
1396563586.707446790 609.407
1396563586.726696727 610.095
1396563586.744773591 610.78
1396563586.761822272 611.463
1396563586.788630458 612.823
1396563586.808981604 613.499
1396563586.832917619 614.51
1396563586.850206756 615.181
1396563586.868759596 615.85
1396563586.886981865 616.849
1396563586.904817633 617.512
1396563586.930963943 618.502
1396563586.948644552 619.488
1396563586.965346684 620.142
1396563586.983439640 620.794
1396563587.001832405 621.444
1396563587.019152762 622.091
1396563587.044958678 623.38
1396563587.062193090 624.02
1396563587.083211151 624.659
1396563587.102145668 625.612
1396563587.119398180 626.245
1396563587.137090255 626.875
1396563587.154191542 627.503
1396563587.178447232 628.441
1396563587.198325263 629.373
1396563587.214190801 629.992
1396563587.231815836 630.608
1396563587.249082538 631.222
1396563587.266959037 631.833
1396563587.284273227 632.746
1396563587.309468702 633.654
1396563587.330214144 634.256
1396563587.346881769 634.856
1396563587.364316165 635.751
1396563587.382814668 636.345
1396563587.402950095 636.936
1396563587.425407004 637.525
1396563587.442281885 638.404
1396563587.460328543 639.277
1396563587.478190795 639.856
1396563587.496711846 640.433
1396563587.513227334 641.007
1396563587.532015462 641.579
1396563587.557084147 642.715
1396563587.577707701 643.279
1396563587.593902064 643.841
1396563587.610336269 644.401
1396563587.627439233 645.235
1396563587.646689197 645.788
1396563587.663809492 646.339
1396563587.688813932 647.16
1396563587.707835438 647.705
1396563587.731579668 648.786
1396563588.020400000 649.322
1396563588.043224527 658.544
1396563588.069335571 659.516
1396563588.087099698 659.998
1396563588.105866580 660.478
1396563588.122515665 660.955
1396563588.140495555 661.665
1396563588.157052751 662.135
1396563588.175875532 662.603
1396563588.200706700 663.299
1396563588.218111259 663.76
1396563588.235031276 664.218
1396563588.252576558 664.9
1396563588.270414694 665.351
1396563588.287335433 665.8
1396563588.304924314 666.246
1396563588.327517651 666.91
1396563588.344930511 667.349
1396563588.360902176 667.785
1396563588.376808223 668.219
1396563588.393051572 668.65
1396563588.411188740 669.078
1396563588.429059108 669.716
1396563588.454068641 670.347
1396563588.471152846 670.764
1396563588.487952266 671.178
1396563588.506100447 671.59
1396563588.524682685 672.202
1396563588.542377598 672.607
1396563588.560713754 673.009
1396563588.584964225 673.607
1396563588.602408756 674.002
1396563588.619244616 674.394
1396563588.636865425 674.977
1396563588.654452172 675.362
1396563588.673135181 675.744
1396563588.690463841 676.124
1396563588.715207812 676.688
1396563588.734345256 677.246
1396563588.750176809 677.614
1396563588.768449306 677.979
1396563588.784950406 678.342
1396563588.801455013 678.702
1396563588.818270761 679.059
1396563588.843207451 679.589
1396563588.860819114 680.112
1396563588.878995188 680.458
1396563588.896847472 680.8
1396563588.913770384 681.14
1396563588.932181165 681.644
1396563588.950446530 681.977
1396563588.973147525 682.47
1396563588.991496940 682.796
1396563589.008949548 683.118
1396563589.025070908 683.438
1396563589.041512027 683.755
1396563589.060587610 684.224
1396563589.078815100 684.534
1396563589.103199821 684.992
1396563589.121844471 685.294
1396563589.137071153 685.594
1396563589.153902923 685.89
1396563589.170210465 686.184
1396563589.187639290 686.618
1396563589.205333429 686.904
1396563589.231185252 687.328
1396563589.248896921 687.607
1396563589.265050033 687.883
1396563589.282187828 688.156
1396563589.300257136 688.56
1396563589.318447901 688.825
1396563589.335000423 689.088
1396563589.358933136 689.476
1396563589.377722132 689.731
1396563589.395137370 689.984
1396563589.412261995 690.357
1396563589.431404854 690.602
1396563589.447804267 690.844
1396563589.465131607 691.082
1396563589.487799522 691.435
1396563589.505424127 691.667
1396563589.524758499 692.009
1396563589.542825716 692.233
1396563589.559931670 692.454
1396563589.577046264 692.672
1396563589.593042968 692.887
1396563589.615363522 693.204
1396563589.634575159 693.412
1396563589.651448635 693.616
1396563589.669317271 693.918
1396563589.686829604 694.115
1396563589.706135297 694.309
1396563589.731069938 694.5
1396563589.748442322 694.873
1396563589.766771017 695.055
1396563590.069353344 695.235
1396563590.099393288 698.123
1396563590.123323009 698.297
1396563590.140894535 698.465
1396563590.157545950 698.573
1396563590.174796467 698.677
1396563590.192921659 698.779
1396563590.211072139 698.878
1396563590.228989602 699.02
1396563590.253560869 699.156
1396563590.271567395 699.242
1396563590.289383555 699.326
1396563590.307050471 699.406
1396563590.325296006 699.521
1396563590.342999804 699.594
1396563590.359459661 699.664
1396563590.383743404 699.762
1396563590.401699359 699.824
1396563590.418690344 699.883
1396563590.436808441 699.966
1396563590.454818277 700.018
1396563590.471968570 700.066
1396563590.488891862 700.111
1396563590.512798595 700.173
1396563590.531440945 700.228
1396563590.549294322 700.261
1396563590.566889733 700.291
1396563590.785087386 700.318
1396563590.807818414 700.372
1396563590.825939928 700.353
1396563590.843238054 700.331
1396563590.861219073 700.292
1396563590.885400819 700.246
1396563590.903739887 700.211
1396563590.921507918 700.174
1396563590.939067485 700.133
1396563590.955933898 700.066
1396563590.973378635 700.018
1396563590.990941861 699.967
1396563591.015936450 699.884
1396563591.034296517 699.825
1396563591.051046852 699.763
1396563591.069252953 699.664
1396563591.086611447 699.595
1396563591.104787388 699.522
1396563591.122209755 699.446
1396563591.147017416 699.327
1396563591.164458790 699.2
1396563591.181254957 699.112
1396563591.199115933 699.021
1396563591.215114131 698.927
1396563591.233417690 698.83
1396563591.250917921 698.73
1396563591.275176881 698.574
1396563591.294105678 698.411
1396563591.310939256 698.298
1396563591.329941157 698.183
1396563591.347206607 698.064
1396563591.364742329 697.881
1396563591.380918976 697.755
1396563591.406191572 697.56
1396563591.426880559 697.426
1396563591.444870673 697.22
1396563591.462211595 697.079
1396563591.481072421 696.934
1396563591.499555946 696.787
1396563591.524438075 696.483
1396563591.540872790 696.327
1396563591.558930505 696.167
1396563591.578673192 696.005
1396563591.601458922 695.755
1396563591.617413937 695.585
1396563591.634549744 695.412
1396563591.659177256 695.147
1396563591.677163873 694.875
1396563591.695422563 694.69
1396563591.711432307 694.502
1396563591.728732011 694.311
1396563591.744928026 694.116
1396563591.975318510 690.965
1396563591.993035767 690.725
1396563592.012445770 690.482
1396563592.037140747 689.986
1396563592.054025139 689.734
1396563592.071476664 689.479
1396563592.087162737 689.22
1396563592.105072952 688.959
1396563592.123542825 688.695
1396563592.358442810 684.382
1396563592.376809757 684.071
1396563592.395035834 683.757
1396563592.420693882 683.121
1396563592.438553338 682.799
1396563592.455699837 682.473
1396563592.473868910 682.145
1396563592.491185428 681.814
1396563592.509052507 681.312
1396563592.526681925 680.974
1396563592.549693017 680.461
1396563592.566667859 680.115
1396563592.585472675 679.767
1396563592.603155397 679.416
1396563592.621032781 678.884
1396563592.639026747 678.525
1396563592.656741959 678.164
1396563592.679438283 677.617
1396563592.697958322 677.249
1396563592.714520310 676.878
1396563592.732722783 676.316
1396563592.750634194 675.938
1396563592.768283705 675.557
1396563592.786183212 675.173
1396563592.810616023 674.592
1396563592.830349103 674.005
1396563592.846380321 673.61
1396563592.862777136 673.212
1396563592.880806631 672.812
1396563592.898934826 672.408
1396563592.916138557 671.798
1396563592.940780533 671.182
1396563592.958656087 670.767
1396563592.976027576 670.35
1396563592.994469445 669.93
1396563593.010057833 669.508
1396563593.028107366 668.868
1396563593.261583310 662.373
1396563593.279428259 661.904
1396563593.296880207 661.433
1396563593.319672299 660.721
1396563593.336781745 660.242
1396563593.353376611 659.762
1396563593.370747113 659.278
1396563593.388276005 658.548
1396563593.405414736 658.058
1396563593.422623352 657.565
1396563593.445300494 656.821
1396563593.463275167 656.322
1396563593.482134770 655.82
1396563593.499263603 655.315
1396563593.517361532 654.554
1396563593.535091257 654.043
1396563593.552924672 653.529
1396563593.575293103 652.754
1396563593.593055036 652.234
1396563593.609366146 651.711
1396563593.626165719 651.186
1396563593.642482621 650.658
1396563593.661169182 649.861
1396563593.679425918 649.327
1396563593.703622153 648.521
1396563593.720854515 647.981
1396563593.738156847 647.438
1396563593.755297599 646.892
1396563593.773027926 646.069
1396563593.791485555 645.517
1396563593.807154789 644.963
1396563593.829187621 644.126
1396563593.846905384 643.566
1396563593.864028211 643.003
1396563593.883343634 642.153
1396563593.901140020 641.584
1396563593.919120418 641.012
1396563593.934910454 640.438
1396563593.957541909 639.572
1396563593.975361288 638.992
1396563593.992981826 638.409
1396563594.010354178 637.824
1396563594.028647623 636.941
1396563594.267292939 636.35
1396563594.299166660 626.88
1396563594.316634828 625.934
1396563594.341166850 624.983
1396563594.359272904 624.345
1396563594.377986647 623.706
1396563594.395361769 623.064
1396563594.412274773 622.097
1396563594.430146627 621.45
1396563594.447504392 620.8
1396563594.473678073 619.821
1396563594.490771700 619.166
1396563594.508649259 618.179
1396563594.525920846 617.518
1396563594.544612643 616.855
1396563594.561862459 616.189
1396563594.576617292 615.522
1396563594.606045319 614.516
1396563594.625421454 613.506
1396563594.641772609 612.829
1396563594.658643753 612.151
1396563594.676343482 611.128
1396563594.694203986 610.444
1396563594.713112854 609.758
1396563594.737186609 608.724
1396563594.757170374 608.032
1396563594.780412409 606.642
1396563594.797693808 605.944
1396563594.815285502 605.244
1396563594.832838651 604.541
1396563594.862505363 603.483
1396563594.881019245 602.421
1396563594.898591630 601.71
1396563594.916764905 600.639
1396563594.934771736 599.923
1396563594.951063362 599.205
1396563594.966988956 598.484
1396563594.992967512 597.4
1396563595.009433077 596.674
1396563595.028644262 595.582
1396563595.049029521 594.852
1396563595.069791166 593.752
1396563595.087183377 593.017
1396563595.112482710 591.909
1396563595.130167741 591.169
1396563595.150658584 590.054
1396563595.173841134 588.935
1396563595.191030295 588.187
1396563595.208911179 587.436
1396563595.236373180 586.684
1396563595.260408546 584.795
1396563595.277790334 584.036
1396563595.296854479 583.275
1396563595.312828682 582.513
1396563595.330524452 581.748
1396563595.348868627 580.598
1396563595.370933902 579.828
1396563595.390408195 578.671
1396563595.406919714 577.897
1396563595.424683687 577.121
1396563595.440782256 576.344
1396563595.457035960 575.565
1396563595.474660156 574.784
1396563595.498903859 573.609
1396563595.516337244 572.43
1396563595.534037528 571.641
1396563595.551294888 570.852
1396563595.568728506 570.06
1396563595.586765121 569.266
1396563595.604580290 568.073
1396563595.629150637 566.876
1396563595.647226735 566.076
1396563595.662956702 565.274
1396563595.680884261 564.47
1396563595.699267182 563.665
1396563595.717304843 562.454
1396563595.735513735 561.645
1396563595.759038009 560.428
1396563595.776524521 559.616
1396563595.793410123 558.801
1396563595.810130244 557.986
1396563595.826975066 557.169
1396563595.844837876 555.941
1396563595.861235554 555.121
1396563596.094127736 543.117
1396563596.111896522 542.282
1396563596.136772104 541.03
1396563596.153850893 540.194
1396563596.170637558 539.358
1396563596.188594198 538.103
1396563596.206655798 537.266
1396563596.224851850 536.428
1396563596.240758550 535.59
1396563596.263476055 534.333
1396563596.280904990 533.494
1396563596.299456725 532.655
1396563596.317049780 531.397
1396563596.335760507 530.557
1396563596.352494680 529.718
1396563596.368976924 528.879
1396563596.396157671 527.62
1396563596.415777762 526.361
1396563596.438913866 525.103
1396563596.455361788 524.264
1396563596.473028546 523.425
1396563596.491152183 522.587
1396563596.517035545 520.911
1396563596.535295508 520.073
1396563596.552825766 519.236
1396563596.569266570 518.4
1396563596.587102644 517.564
1396563596.605376559 516.311
1396563596.623082171 515.476
1396563596.646004514 514.225
1396563596.663380455 513.392
1396563596.682044393 512.559
1396563596.698095641 511.728
1396563596.719525706 510.482
1396563596.747138426 509.238
1396563596.772980827 507.582
1396563596.790632123 506.755
1396563596.809070995 505.93
1396563596.827133135 505.106
1396563596.845382922 503.871
1396563596.863075485 503.05
1396563596.881669449 502.229
1396563596.906783771 501.001
1396563596.926227710 499.775
1396563596.943072126 498.96
1396563596.959131506 498.146
1396563596.979285580 497.334
1396563596.997401882 496.117
1396563597.015235585 495.308
1396563597.040897723 494.098
1396563597.060764339 492.891
1396563597.078450606 492.089
1396563597.096770250 491.288
1396563597.114290125 490.489
1396563597.132508611 489.293
1396563597.157996363 488.102
1396563597.175434618 487.31
1396563597.193914710 486.52
1396563597.212253765 485.339
1396563597.230960039 484.554
1396563597.249911957 483.771
1396563597.268678410 482.601
1396563597.294011390 481.435
1396563597.311132145 480.66
1396563597.329907143 479.888
1396563597.348628547 478.733
1396563597.367341863 477.966
1396563597.388312640 476.82
1396563597.413338472 475.678
1396563597.434375885 474.919
1396563597.452920203 473.786
1396563597.470768709 473.033
1396563597.490666618 472.282
1396563597.508968018 471.16
1396563597.526773196 470.415
1396563597.551205746 469.302
1396563597.569834229 468.562
1396563597.588249526 467.458
1396563597.606533173 466.724
1396563597.624698784 465.993
1396563597.643015520 465.265
1396563597.668187371 463.814
1396563597.686412457 463.093
1396563597.706269327 462.374
1396563597.724326051 461.3
1396563597.741141938 460.587
1396563597.759124914 459.876
1396563597.778001159 459.168
1396563597.803128469 458.11
1396563597.821826806 457.058
1396563597.839787643 456.36
1396563597.858147172 455.664
1396563597.876439343 454.625
1396563597.895067077 453.935
1396563597.913018956 453.248
1396563597.938582009 452.221
1396563597.956249293 451.201
1396563597.974609541 450.524
1396563597.992766935 449.849
1396563598.010503818 449.177
1396563598.028816858 448.173
1396563598.053413408 447.175
1396563598.071257454 446.514
1396563598.090472322 445.854
1396563598.108624201 444.87
1396563598.126621985 444.217
1396563598.145824568 443.566
1396563598.164442816 442.595
1396563598.189465238 441.63
1396563598.208725459 440.99
1396563598.225902625 440.353
1396563598.244085406 439.401
1396563598.260869796 438.77
1396563598.278940763 438.142
1396563598.305789780 437.516
1396563598.328150126 436.272
1396563598.350999757 435.347
1396563598.370503616 434.733
1396563598.389207681 433.816
1396563598.407005681 433.209
1396563598.424969632 432.604
1396563598.449890558 431.701
1396563598.468248798 430.805
1396563598.487122343 430.21
1396563598.507269362 429.618
1396563598.526496107 428.735
1396563598.543374672 428.15
1396563598.567648221 427.277
1396563598.587247729 426.699
1396563598.605002716 425.836
1396563598.623042631 425.263
1396563598.640956988 424.694
1396563598.659001957 424.127
1396563598.676994526 423.281
1396563598.702945672 422.44
1396563598.722020823 421.882
1396563598.740121508 421.049
1396563598.758147490 420.497
1396563598.776879389 419.947
1396563598.794209732 419.399
1396563598.821067605 418.308
1396563598.840788424 417.766
1396563598.858997276 417.225
1396563598.877371962 416.417
1396563598.894992368 415.881
1396563598.913712582 415.346
1396563598.933745160 414.547
1396563598.959149923 413.751
1396563598.977861268 413.222
1396563598.996267705 412.432
1396563599.015397754 411.906
1396563599.034262288 411.382
1396563599.052244104 410.598
1396563599.078459251 409.816
1396563599.096763451 409.296
1396563599.114182535 408.777
1396563599.133052793 408.001
1396563599.151116839 407.484
1396563599.170018632 406.968
1396563599.188868501 406.195
1396563599.215010505 405.424
1396563599.236681784 404.654
1396563599.253205736 404.142
1396563599.271363699 403.629
1396563599.291200504 403.117
1396563599.308855207 402.35
1396563599.333372184 401.583
1396563599.591972739 401.073
1396563599.616814396 392.617
1396563599.635114166 392.101
1396563599.653200122 391.324
1396563599.671114144 390.805
1396563599.691263303 390.285
1396563599.716827688 389.242
1396563599.736617123 388.719
1396563599.753901226 388.194
1396563599.772110688 387.405
1396563599.790584381 386.878
1396563599.808679307 386.349
1396563599.825009138 385.819
1396563599.847202530 385.02
1396563599.866261743 384.486
1396563599.884371365 383.682
1396563599.902352642 383.144
1396563599.920658849 382.604
1396563599.939003967 382.062
1396563599.957888206 381.246
1396563599.983128691 380.426
1396563600.001881279 379.876
1396563600.019990019 379.048
1396563600.038120443 378.493
1396563600.056761010 377.937
1396563600.075112285 377.377
1396563600.100746331 376.252
1396563600.118988724 375.686
1396563600.138201753 375.117
1396563600.156340999 374.26
1396563600.174132168 373.685
1396563600.194212204 373.107
1396563600.212112602 372.236
1396563600.237074465 371.358
