1396563550.245423484 108
1396563550.270418626 107
1396563550.295293282 107
1396563550.320283767 109
1396563550.345428302 108
1396563550.370349784 108
1396563550.395306201 107
1396563550.420275964 107
1396563550.445157758 107
1396563550.470143052 109
1396563550.495161117 107
1396563550.520159835 108
1396563550.545141195 107
1396563550.570039024 112
1396563550.594986779 110
1396563550.620034739 112
1396563550.644031544 107
1396563550.670037125 113
1396563550.694924767 107
1396563550.719862671 109
1396563550.744904049 109
1396563550.769912516 107
1396563550.795793187 108
1396563550.819798097 107
1396563550.845791190 110
1396563550.870717184 108
1396563550.895652425 107
1396563550.920663905 107
1396563550.944654437 107
1396563550.970660420 111
1396563550.994610345 107
1396563551.022375659 107
1396563551.044647883 107
1396563551.069531476 107
1396563551.095557082 107
1396563551.119531754 108
1396563551.145346110 110
1396563551.169384459 108
1396563551.195409699 355
1396563551.221389993 104
1396563551.245287904 345
1396563551.271266624 101
1396563551.295273560 345
1396563551.321283308 354
1396563551.345280078 103
1396563551.370155943 360
1396563551.396157640 101
1396563551.420102427 358
1396563551.446158692 344
1396563551.470039253 101
1396563551.495015875 337
1396563551.520040617 107
1396563551.544986215 342
1396563551.571024142 356
1396563551.594891541 101
1396563551.620899903 343
1396563551.644903947 102
1396563551.669911004 343
1396563551.694853325 100
1396563551.719776380 101
1396563551.745781667 358
1396563551.769783499 100
1396563551.794776355 358
1396563551.819612641 101
1396563551.844648538 100
1396563551.869666630 357
1396563551.894655039 100
1396563551.919655345 336
1396563551.945692238 101
1396563551.970480361 100
1396563551.995525198 350
1396563552.020528448 356
1396563552.045416931 315
1396563552.070413414 100
1396563552.095358309 101
1396563552.120383157 100
1396563552.145372860 361
1396563552.170275252 358
1396563552.195276991 322
1396563552.219288486 101
1396563552.245224333 100
1396563552.269275204 100
1396563552.295135477 360
1396563552.320136559 355
1396563552.345146643 101
1396563552.370980752 100
1396563552.395014978 348
1396563552.421020638 355
1396563552.446026918 348
1396563552.470892565 101
1396563552.495905416 100
1396563552.519831109 326
1396563552.544896969 95
1396563552.569851271 328
1396563552.595794805 101
1396563552.619725221 359
1396563552.644722690 100
1396563552.670766586 100
1396563552.694776524 356
1396563552.719706019 97
1396563552.744633515 356
1396563552.770649179 319
1396563552.794650536 101
1396563552.819485594 328
1396563552.845518427 101
1396563552.869882857 349
1396563552.895506613 100
1396563552.919455335 100
1396563552.944518796 361
1396563552.969355893 102
1396563552.994396062 359
1396563553.020332256 107
1396563553.044346010 112
1396563553.070398518 361
1396563553.094290737 99
1396563553.120263072 356
1396563553.145251527 105
1396563553.170280436 359
1396563553.196095096 349
1396563553.220141914 100
1396563553.245143534 347
1396563553.269152342 91
1396563553.294973235 342
1396563553.319953979 344
1396563553.343999324 93
1396563553.370098673 352
1396563553.394025209 97
1396563553.419895184 356
1396563553.444873491 321
1396563553.468842038 91
1396563553.494937038 352
1396563553.519779719 98
1396563553.545795326 352
1396563553.570775137 356
1396563553.594833845 95
1396563553.620714565 326
1396563553.644625515 93
1396563553.669667803 342
1396563553.694645214 90
1396563553.719625218 95
1396563553.745578844 354
1396563553.769682923 95
1396563553.794484749 354
1396563553.819482687 95
1396563553.843559734 91
1396563553.870348415 351
1396563553.894394293 91
1396563553.920338316 347
1396563553.945423131 101
1396563553.968276558 90
1396563553.995279535 329
1396563554.019202677 352
1396563554.045273115 334
1396563554.069285287 91
1396563554.093120347 95
1396563554.120140076 306
1396563554.144073181 338
1396563554.170143873 355
1396563554.192989363 90
1396563554.219013869 91
1396563554.245022579 90
1396563554.268981578 85
1396563554.295960494 348
1396563554.318873005 90
1396563554.344888102 91
1396563554.368883856 92
1396563554.393891479 90
1396563554.419712267 94
1396563554.444764953 335
1396563554.469786634 91
1396563554.493765716 91
1396563554.519653556 350
1396563554.545668483 333
1396563554.569545298 336
1396563554.594635368 95
1396563554.618529012 94
1396563554.644654073 90
1396563554.669511951 89
1396563554.695434566 351
1396563554.719360962 91
1396563554.744335150 90
1396563554.770287571 90
1396563554.794336175 92
1396563554.820394761 356
1396563554.844322950 96
1396563554.870318756 345
1396563554.894246357 95
1396563554.919229043 95
1396563554.945143018 349
1396563554.969043985 92
1396563554.995138244 314
1396563555.019133232 94
1396563555.045154449 360
1396563555.071015833 355
1396563555.093950365 97
1396563555.120001130 354
1396563555.144007404 94
1396563555.169882670 355
1396563555.194892102 352
1396563555.218896992 98
1396563555.244817394 355
1396563555.269809819 102
1396563555.294755453 327
1396563555.319755069 352
1396563555.343754586 88
1396563555.369695039 347
1396563555.394588743 92
1396563555.420645306 321
1396563555.445667745 318
1396563555.469648666 87
1396563555.495630848 345
1396563555.519589263 88
1396563555.544629564 347
1396563555.569461428 84
1396563555.593440917 90
1396563555.620522122 351
1396563555.644343725 96
1396563555.669395145 326
1396563555.694356308 90
1396563555.719383297 325
1396563555.745383472 347
1396563555.768198708 85
1396563555.795194315 343
1396563555.820254877 90
1396563555.844204395 90
1396563555.871155357 351
1396563555.894065384 91
1396563555.921086757 347
1396563555.944088871 90
1396563555.969109183 90
1396563555.996130743 352
1396563556.019001930 95
1396563556.046012195 351
1396563556.069001613 92
1396563556.094002020 90
1396563556.119879061 352
1396563556.144395531 84
1396563556.170884227 345
1396563556.193829716 91
1396563556.219879077 94
1396563556.243718577 95
1396563556.268762217 95
1396563556.294805520 350
1396563556.319709923 356
1396563556.344606636 85
1396563556.368627086 90
1396563556.393654083 95
1396563556.419632788 355
1396563556.444557407 343
1396563556.468611700 94
1396563556.493648210 96
1396563556.518627679 90
1396563556.544516582 88
1396563556.570522859 331
1396563556.594497231 94
1396563556.619356539 95
1396563556.644388973 90
1396563556.669392587 90
1396563556.695381194 356
1396563556.719200582 85
1396563556.744245952 85
1396563556.769248033 90
1396563556.794220513 96
1396563556.819124663 353
1396563556.844071390 85
1396563556.870133868 347
1396563556.894144272 99
1396563556.919017840 96
1396563556.944992888 354
1396563556.969999645 95
1396563556.995003912 344
1396563557.020051575 90
1396563557.044893076 90
1396563557.070838506 349
1396563557.094849655 95
1396563557.119792029 349
1396563557.144874289 95
1396563557.168740631 95
1396563557.195711255 355
1396563557.219742239 93
1396563557.244683775 348
1396563557.269618852 92
1396563557.294621739 349
1396563557.320591609 359
1396563557.343652970 97
1396563557.370625685 335
1396563557.393605848 93
1396563557.419603767 324
1396563557.445466257 351
1396563557.468517564 86
1396563557.495372347 344
1396563557.518322180 93
1396563557.544370309 349
1396563557.569347366 90
1396563557.593254449 91
1396563557.620244278 347
1396563557.643200305 92
1396563557.670195201 346
1396563557.694288075 95
1396563557.720115227 308
1396563557.746060646 338
1396563557.769091848 95
1396563557.796046330 342
1396563557.819118347 86
1396563557.844979252 344
1396563557.870002729 345
1396563557.894001023 93
1396563557.920905362 347
1396563557.943856724 95
1396563557.969877877 354
1396563557.994865123 352
1396563558.018763392 92
1396563558.044742093 347
1396563558.068854346 93
1396563558.095751579 334
1396563558.120739563 354
1396563558.144585361 95
1396563558.170616426 335
1396563558.194549135 92
1396563558.219616823 90
1396563558.244618759 90
1396563558.270601949 344
1396563558.295489254 343
1396563558.319440592 95
1396563558.345417957 347
1396563558.369358626 90
1396563558.393369181 95
1396563558.420342303 352
1396563558.444402372 90
1396563558.470298189 343
1396563558.494246764 96
1396563558.519240038 95
1396563558.545234199 319
1396563558.569223493 351
1396563558.594071390 90
1396563558.619121922 95
1396563558.644115529 96
1396563558.669110309 89
1396563558.694001191 314
1396563558.719967032 347
1396563558.743920753 132
1396563558.768990034 95
1396563558.793970341 94
1396563558.819860531 356
1396563558.845847301 328
1396563558.869840404 348
1396563558.895806450 100
1396563558.919671880 101
1396563558.945691219 354
1396563558.969681184 95
1396563558.994673903 351
1396563559.019660549 95
1396563559.043547439 95
1396563559.069552570 94
1396563559.093568126 95
1396563559.119546917 349
1396563559.144546327 96
1396563559.169556943 359
1396563559.195459866 353
1396563559.218504336 95
1396563559.245443752 350
1396563559.270344218 100
1396563559.295275841 359
1396563559.321326928 357
1396563559.345339391 102
1396563559.371203731 348
1396563559.395186150 102
1396563559.420204714 349
1396563559.445159827 100
1396563559.470193958 101
1396563559.496064562 350
1396563559.519061005 99
1396563559.545067198 358
1396563559.569055209 94
1396563559.593932113 95
1396563559.619911916 347
1396563559.644920410 103
1396563559.670936379 349
1396563559.693884794 95
1396563559.719844890 347
1396563559.744873045 351
1396563559.768853193 96
1396563559.794855336 345
1396563559.818743563 95
1396563559.844669175 346
1396563559.868749133 94
1396563559.893805406 99
1396563559.919720155 357
1396563559.943660860 95
1396563559.969554665 342
1396563559.995611813 337
1396563560.020483081 107
1396563560.045569950 348
1396563560.070537014 100
1396563560.095454099 359
1396563560.120470915 354
1396563560.144329648 100
1396563560.170798999 349
1396563560.195427621 101
1396563560.220930639 359
1396563560.245191828 100
1396563560.269236198 100
1396563560.295233525 354
1396563560.319222270 101
1396563560.345111500 357
1396563560.370038844 100
1396563560.395101827 106
1396563560.421055507 346
1396563560.445059294 113
1396563560.470948658 107
1396563560.494893405 106
1396563560.520927544 101
1396563560.545816748 353
1396563560.569802444 360
1396563560.595786301 358
1396563560.619782743 101
1396563560.645800901 107
1396563560.669854681 107
1396563560.694676006 107
1396563560.720727684 108
1396563560.744669841 106
1396563560.770655606 101
1396563560.794718445 100
1396563560.820501389 107
1396563560.844545170 108
1396563560.869531085 113
1396563560.895518859 108
1396563560.919554774 113
1396563560.945404893 107
1396563560.969443954 107
1396563560.994426052 108
1396563561.019300757 108
1396563561.044476604 108
1396563561.070351443 106
1396563561.094311186 107
1396563561.120246810 108
1396563561.145316298 108
1396563561.170150638 107
1396563561.196046830 107
1396563561.221692659 107
1396563561.246125153 107
1396563561.270034551 109
1396563561.295046707 108
1396563561.319893451 108
1396563561.344917833 114
1396563561.370920553 107
1396563561.394778248 108
1396563561.419781328 108
1396563561.444917754 107
1396563561.469794566 108
1396563561.494620348 107
1396563561.519670684 112
1396563561.545671636 107
1396563561.570672857 108
1396563561.595542588 107
1396563561.620530231 107
1396563561.645689977 111
1396563561.670537628 108
1396563561.695594229 108
1396563561.720525532 107
1396563561.745435946 108
1396563561.770551960 112
1396563561.795346946 107
1396563561.820322914 110
1396563561.844352521 107
1396563561.870345267 107
1396563561.895213449 111
1396563561.920167396 107
1396563561.945216680 108
1396563561.970218030 107
1396563561.995167259 107
1396563562.019083558 110
1396563562.045098736 107
1396563562.070069122 110
1396563562.095085631 107
1396563562.120041166 108
1396563562.143963198 109
1396563562.169970884 108
1396563562.193968205 109
1396563562.219964737 107
1396563562.244962152 107
1396563562.269845573 114
1396563562.295835201 112
1396563562.319868951 110
1396563562.345825757 107
1396563562.369725662 107
1396563562.395652379 115
1396563562.420716758 112
1396563562.444714597 114
1396563562.470607078 112
1396563562.494591336 114
1396563562.520536853 115
1396563562.544570828 112
1396563562.569587656 118
1396563562.595564027 112
1396563562.619596914 119
1396563562.645455827 115
1396563562.669481495 112
1396563562.695362946 112
1396563562.720335796 111
1396563562.745337260 114
1396563562.771353091 114
1396563562.795269555 113
1396563562.821212934 112
1396563562.845217598 113
1396563562.870185974 112
1396563562.895229555 114
1396563562.925743218 113
1396563562.946070850 113
1396563562.970082811 112
1396563562.995086274 116
1396563563.020087839 115
1396563563.044973922 120
1396563563.069964890 112
1396563563.094975112 114
1396563563.120873099 111
1396563563.144957003 114
1396563563.169847029 114
1396563563.194752459 111
1396563563.219843360 112
1396563563.244883773 116
1396563563.269706434 120
1396563563.294675339 118
1396563563.319615761 112
1396563563.344617689 114
1396563563.369504912 118
1396563563.394604960 121
1396563563.419535007 118
1396563563.445533199 118
1396563563.470530957 126
1396563563.495541807 121
1396563563.520406860 122
1396563563.545404645 116
1396563563.570462713 120
1396563563.594348078 123
1396563563.620291950 118
1396563563.645332400 127
1396563563.670227955 118
1396563563.695183977 122
1396563563.719213032 121
1396563563.745163469 121
1396563563.769176853 131
1396563563.795058489 121
1396563563.820082595 122
1396563563.845096933 120
1396563563.871081603 121
1396563563.894958441 131
1396563563.920935498 120
1396563563.944956338 119
1396563563.970932786 114
1396563563.995929269 117
1396563564.019767833 126
1396563564.045834796 116
1396563564.069801871 121
1396563564.095811858 116
1396563564.119693945 122
1396563564.144643590 125
1396563564.171756027 121
1396563564.194710390 126
1396563564.220639027 124
1396563564.244537402 123
1396563564.270522753 123
1396563564.294528856 121
1396563564.319504968 130
1396563564.345524908 126
1396563564.369526821 128
1396563564.395400700 129
1396563564.419370682 126
1396563564.444386818 131
1396563564.469266216 125
1396563564.494274091 129
1396563564.520282285 129
1396563564.544276630 128
1396563564.570131903 130
1396563564.595147712 127
1396563564.620154207 130
1396563564.646151416 130
1396563564.670039661 128
1396563564.696064050 123
1396563564.720055630 126
1396563564.745047851 128
1396563564.769925203 130
1396563564.794929764 128
1396563564.820902701 129
1396563564.844958621 118
1396563564.869743334 129
1396563564.894771385 130
1396563564.919743108 130
1396563564.944654211 128
1396563564.969639977 127
1396563564.995643930 129
1396563565.020645009 136
1396563565.045653025 135
1396563565.070647177 128
1396563565.095506856 127
1396563565.120521414 167
1396563565.145519461 130
1396563565.170575309 135
1396563565.195574126 134
1396563565.220448582 132
1396563565.245416136 132
1396563565.270342529 136
1396563565.294324513 134
1396563565.320320945 127
1396563565.345272199 134
1396563565.370273560 123
1396563565.395158219 136
1396563565.420146431 133
1396563565.445157757 137
1396563565.469147268 140
1396563565.495220290 134
1396563565.519970513 140
1396563565.544973989 122
1396563565.569975079 138
1396563565.594079429 143
1396563565.619920517 134
1396563565.644100092 146
1396563565.669925852 138
1396563565.694959258 143
1396563565.719944451 144
1396563565.745762859 134
1396563565.769770290 148
1396563565.795801761 206
1396563565.819822622 144
1396563565.845814700 142
1396563565.870643674 139
1396563565.894697953 151
1396563565.920683113 137
1396563565.944643379 145
1396563565.970577462 186
1396563565.994563010 136
1396563566.019551210 149
1396563566.045481114 139
1396563566.069550376 146
1396563566.096211086 138
1396563566.119378534 142
1396563566.145349147 148
1396563566.170329064 173
1396563566.195270175 145
1396563566.223195971 173
1396563566.245344566 142
1396563566.271320707 151
1396563566.295116619 190
1396563566.320121762 152
1396563566.345136423 225
1396563566.370126117 147
1396563566.396147993 148
1396563566.420026685 145
1396563566.445022300 154
1396563566.470067465 147
1396563566.495057800 151
1396563566.520056544 153
1396563566.545019683 150
1396563566.570884734 158
1396563566.595007545 184
1396563566.619747945 153
1396563566.644811348 156
1396563566.669745953 194
1396563566.694716645 156
1396563566.719842101 233
1396563566.744710236 158
1396563566.769794587 157
1396563566.794690002 154
1396563566.819530653 157
1396563566.844571677 154
1396563566.869663230 162
1396563566.895663700 173
1396563566.920651785 172
1396563566.945561255 162
1396563566.970562110 149
1396563566.995437769 163
1396563567.020388006 172
1396563567.044314068 172
1396563567.070314141 159
1396563567.095298914 145
1396563567.120242946 172
1396563567.145331035 172
1396563567.169185789 172
1396563567.195164866 176
1396563567.219165616 171
1396563567.245122593 171
1396563567.270019068 172
1396563567.295039015 171
1396563567.321125013 176
1396563567.345054218 176
1396563567.371067244 171
1396563567.394870833 172
1396563567.420866283 172
1396563567.445945532 177
1396563567.469826462 178
1396563567.495792435 176
1396563567.519715150 179
1396563567.545819161 175
1396563567.569806205 177
1396563567.594630457 178
1396563567.620635770 171
1396563567.644609429 184
1396563567.670598228 216
1396563567.694617713 185
1396563567.720505371 185
1396563567.744565505 183
1396563567.769564164 189
1396563567.795506285 182
1396563567.819557363 193
1396563567.845552649 192
1396563567.869501888 189
1396563567.894459849 200
1396563567.919382483 180
1396563567.944317035 194
1396563567.970314364 187
1396563567.994274763 191
1396563568.020310954 200
1396563568.045307879 259
1396563568.070198143 195
1396563568.095180954 245
1396563568.120178949 194
1396563568.146179560 199
1396563568.170081031 182
1396563568.195056431 197
1396563568.220051166 181
1396563568.245057532 195
1396563568.270075945 200
1396563568.294948181 185
1396563568.319862490 215
1396563568.344931536 208
1396563568.369956154 207
1396563568.394912096 202
1396563568.419819226 235
1396563568.444756120 212
1396563568.470809935 265
1396563568.495681760 208
1396563568.520676010 215
1396563568.545666765 231
1396563568.570699205 217
1396563568.595611965 240
1396563568.619509117 220
1396563568.645577628 220
1396563568.670503096 221
1396563568.695557408 226
1396563568.720490255 251
1396563568.744450276 241
1396563568.770359890 234
1396563568.794554048 238
1396563568.820433594 234
1396563568.845326739 233
1396563568.870403179 234
1396563568.895306051 234
1396563568.919342145 234
1396563568.945154634 237
1396563568.969107417 235
1396563568.995112062 240
1396563569.020031480 239
1396563569.044066205 240
1396563569.070053836 239
1396563569.094075219 238
1396563569.120026252 238
1396563569.144030176 244
1396563569.169924033 247
1396563569.195902983 244
1396563569.219926045 237
1396563569.245954870 242
1396563569.269725768 255
1396563569.295738947 255
1396563569.319718166 252
1396563569.344807066 254
1396563569.370622778 248
1396563569.394630844 254
1396563569.420618348 254
1396563569.444619509 255
1396563569.469493209 259
1396563569.495478546 285
1396563569.519477611 263
1396563569.545558822 253
1396563569.569522855 268
1396563569.595596639 271
1396563569.620407282 273
1396563569.645439240 272
1396563569.671296500 290
1396563569.695281312 289
1396563569.721299501 282
1396563569.745321685 284
1396563569.770250771 288
1396563569.795106652 303
1396563569.820156801 282
1396563569.846174012 277
1396563569.870167733 295
1396563569.895168916 299
1396563569.920119351 296
1396563569.945061411 296
1396563569.970065051 297
1396563569.994946331 295
1396563570.020934107 302
1396563570.044921022 295
1396563570.069906209 310
1396563570.094901967 296
1396563570.119812329 293
1396563570.144780633 310
1396563570.169802680 296
1396563570.193733702 314
1396563570.219794977 290
1396563570.244646392 306
1396563570.269688517 308
1396563570.294669273 301
1396563570.319675265 316
1396563570.345489426 319
1396563570.370537367 304
1396563570.395548766 316
1396563570.420526886 329
1396563570.445527117 332
1396563570.470504771 330
1396563570.494557687 338
1396563570.520412387 325
1396563570.544398563 341
1396563570.570538259 338
1396563570.595318316 339
1396563570.620136143 339
1396563570.645288056 331
1396563570.669271953 324
1396563570.695170521 343
1396563570.719183720 347
1396563570.745113823 349
1396563570.771169249 354
1396563570.795055096 354
1396563570.821061545 355
1396563570.845038656 352
1396563570.871072957 361
1396563570.896036497 354
1396563570.919887473 356
1396563570.945874842 358
1396563570.969923135 331
1396563570.995919380 366
1396563571.019791224 361
1396563571.044792053 364
1396563571.070786871 364
1396563571.094791419 356
1396563571.120751193 364
1396563571.144682134 365
1396563571.170604422 374
1396563571.194687724 379
1396563571.219642037 342
1396563571.245521838 363
1396563571.269543211 371
1396563571.295466652 384
1396563571.319535050 368
1396563571.344534138 288
1396563571.369550713 295
1396563571.394535393 338
1396563571.420361217 390
1396563571.444254449 383
1396563571.470285284 385
1396563571.495294574 294
1396563571.520282905 375
1396563571.545281077 352
1396563571.570129260 395
1396563571.596184415 396
1396563571.620169776 382
1396563571.645160429 395
1396563571.670160009 380
1396563571.694984834 403
1396563571.720031616 410
1396563571.745030686 381
1396563571.770062711 406
1396563571.794925114 379
1396563571.819905941 391
1396563571.844926342 397
1396563571.869916379 373
1396563571.894798292 407
1396563571.920762935 344
1396563571.945876295 407
1396563571.970782763 383
1396563571.995784885 367
1396563572.020779253 430
1396563572.045653591 350
1396563572.069671478 420
1396563572.095652784 351
1396563572.120514833 379
1396563572.145529258 432
1396563572.170553871 352
1396563572.194527465 444
1396563572.220533455 349
1396563572.244435817 365
1396563572.270424114 414
1396563572.294415043 325
1396563572.320425296 442
1396563572.345415359 336
1396563572.369213521 393
1396563572.395275069 392
1396563572.419297479 354
1396563572.445276986 461
1396563572.469139448 348
1396563572.494158935 401
1396563572.520102323 373
1396563572.544105425 363
1396563572.570152010 446
1396563572.594025934 351
1396563572.620040379 391
1396563572.646024276 389
1396563572.670032352 357
1396563572.695913376 432
1396563572.719971563 376
1396563572.745913274 406
1396563572.769884161 356
1396563572.794851437 380
1396563572.819780611 403
1396563572.844782376 374
1396563572.870759351 423
1396563572.894805019 380
1396563572.919742359 388
1396563572.944650181 404
1396563572.969645191 380
1396563572.994657616 403
1396563573.019648944 382
1396563573.045547060 381
1396563573.070475512 401
1396563573.095505187 374
1396563573.120520719 402
1396563573.145538902 387
1396563573.170532322 404
1396563573.195458789 400
1396563573.220397841 386
1396563573.245406899 379
1396563573.270243786 378
1396563573.295277037 414
1396563573.320282682 397
1396563573.344238034 380
1396563573.370277988 378
1396563573.395171663 380
1396563573.420137086 409
1396563573.445129080 403
1396563573.470317765 383
1396563573.495038842 382
1396563573.519020578 381
1396563573.545025638 392
1396563573.570022953 404
1396563573.594823275 410
1396563573.619878502 378
1396563573.643896992 386
1396563573.669863976 374
1396563573.693903978 421
1396563573.719771701 407
1396563573.744764642 387
1396563573.769773881 395
1396563573.795796776 376
1396563573.819596963 397
1396563573.845667993 406
1396563573.870563680 376
1396563573.895628355 398
1396563573.920644934 373
1396563573.944535113 406
1396563573.970522880 388
1396563573.994602673 370
1396563574.021037007 416
1396563574.044542130 371
1396563574.069526791 434
1396563574.095455525 371
1396563574.119376929 392
1396563574.145355412 415
1396563574.169291153 383
1396563574.195266451 440
1396563574.221251946 381
1396563574.245168480 389
1396563574.271131941 413
1396563574.295107952 335
1396563574.321120924 442
1396563574.345163258 338
1396563574.370024436 348
1396563574.396025130 395
1396563574.419962543 321
1396563574.445962350 460
1396563574.469896932 333
1396563574.494832392 404
1396563574.519843022 350
1396563574.544693462 382
1396563574.570711908 447
1396563574.594707903 374
1396563574.620714572 405
1396563574.644718737 372
1396563574.669583385 381
1396563574.694604679 438
1396563574.719575610 329
1396563574.745654337 391
1396563574.769456989 317
1396563574.794440997 373
1396563574.819445018 419
1396563574.844461092 351
1396563574.869481011 427
1396563574.894456676 340
1396563574.920403041 386
1396563574.945355886 402
1396563574.970184640 377
1396563574.995201789 413
1396563575.020257818 376
1396563575.046150946 389
1396563575.070068268 411
1396563575.095114749 379
1396563575.120095013 397
1396563575.145066088 376
1396563575.169941526 392
1396563575.194961417 411
1396563575.219926106 377
1396563575.244960121 351
1396563575.269843638 280
1396563575.294846592 401
1396563575.319793795 401
1396563575.344847382 332
1396563575.370720132 312
1396563575.395706287 298
1396563575.420708813 390
1396563575.445718816 391
1396563575.470616991 365
1396563575.495587034 336
1396563575.519598797 310
1396563575.545703287 386
1396563575.570623431 385
1396563575.595463956 357
1396563575.620451581 339
1396563575.644469537 307
1396563575.670348318 317
1396563575.694457191 376
1396563575.720431235 376
1396563575.745333100 352
1396563575.770301307 348
1396563575.795180170 284
1396563575.819219806 360
1396563575.845188995 359
1396563575.869208153 354
1396563575.895082930 355
1396563575.920154951 349
1396563575.944149846 362
1396563575.970140419 362
1396563575.994138113 354
1396563576.019919389 360
1396563576.044011593 353
1396563576.070009726 356
1396563576.096023807 354
1396563576.119887936 353
1396563576.145843194 355
1396563576.171302067 353
1396563576.195882694 353
1396563576.219886020 352
1396563576.244766699 333
1396563576.270785361 336
1396563576.294707971 333
1396563576.320724698 342
1396563576.344658400 343
1396563576.369591183 326
1396563576.394620897 347
1396563576.419582530 333
1396563576.445674690 329
1396563576.469454153 324
1396563576.495531392 315
1396563576.520510631 326
1396563576.545452949 298
1396563576.570561699 322
1396563576.595575888 288
1396563576.620565600 308
1396563576.645440949 284
1396563576.670471968 300
1396563576.695418304 311
1396563576.720259213 298
1396563576.745254859 303
1396563576.770283293 317
1396563576.795230746 298
1396563576.820063745 299
1396563576.845141382 295
1396563576.870131326 296
1396563576.895082094 295
1396563576.919982315 295
1396563576.944960852 296
1396563576.970008476 295
1396563576.994949806 297
1396563577.020006299 295
1396563577.044838049 284
1396563577.069885128 288
1396563577.093864125 306
1396563577.119882174 278
1396563577.144776663 287
1396563577.169758198 277
1396563577.194727530 279
1396563577.219710375 295
1396563577.245760721 266
1396563577.269673293 288
1396563577.295571114 263
1396563577.320633005 265
1396563577.345455827 244
1396563577.370507424 247
1396563577.394480237 269
1396563577.420497485 261
1396563577.444502740 256
1396563577.470498994 254
1396563577.494447503 250
1396563577.519349718 277
1396563577.545343243 255
1396563577.569399097 249
1396563577.595249261 248
1396563577.619178289 243
1396563577.645209794 245
1396563577.671256745 242
1396563577.695131756 241
1396563577.721114334 240
1396563577.745073983 236
1396563577.771122575 230
1396563577.795015361 234
1396563577.819998951 240
1396563577.845987097 241
1396563577.869992041 238
1396563577.895942559 239
1396563577.919855639 234
1396563577.944870475 235
1396563577.969859903 234
1396563577.994852432 238
1396563578.020694321 234
1396563578.044762591 233
1396563578.070723712 236
1396563578.094744071 233
1396563578.119627053 234
1396563578.144628183 234
1396563578.169643314 210
1396563578.195614550 229
1396563578.219516056 254
1396563578.244513759 234
1396563578.269499407 226
1396563578.294440265 246
1396563578.319497844 219
1396563578.344492388 242
1396563578.369519682 226
1396563578.395475371 215
1396563578.420367022 248
1396563578.445295234 222
1396563578.470376617 243
1396563578.495247445 208
1396563578.520250462 230
1396563578.545242696 200
1396563578.570191724 211
1396563578.595110314 198
1396563578.620139249 199
1396563578.645123275 194
1396563578.669116949 208
1396563578.695001607 201
1396563578.719995199 196
1396563578.744989702 193
1396563578.770014740 190
1396563578.794990809 188
1396563578.820844318 197
1396563578.844815724 180
1396563578.870866683 194
1396563578.895861321 179
1396563578.920718444 192
1396563578.945743602 194
1396563578.969674376 190
1396563578.995729368 189
1396563579.019724516 170
1396563579.045674598 185
1396563579.070599183 187
1396563579.094620337 184
1396563579.120565973 186
1396563579.144530078 173
1396563579.170494997 182
1396563579.194498018 183
1396563579.220494534 179
1396563579.244438208 177
1396563579.269489856 175
1396563579.295367850 179
1396563579.319369303 178
1396563579.345246859 176
1396563579.369273346 177
1396563579.394243094 176
1396563579.420244852 178
1396563579.444257494 172
1396563579.470242563 171
1396563579.494114057 171
1396563579.520061306 171
1396563579.545109123 171
1396563579.570097055 173
1396563579.596005477 171
1396563579.620004954 171
1396563579.645925482 170
1396563579.669833900 172
1396563579.695006105 172
1396563579.719847045 171
1396563579.744857636 171
1396563579.770860848 171
1396563579.794854057 171
1396563579.819736295 172
1396563579.844739237 172
1396563579.869739264 176
1396563579.894696740 172
1396563579.919535637 171
1396563579.945610536 172
1396563579.970609122 171
1396563579.995606271 161
1396563580.020594361 161
1396563580.045485571 158
1396563580.070424744 163
1396563580.097276063 161
1396563580.120482343 161
1396563580.145487225 164
1396563580.170482862 189
1396563580.195284058 159
1396563580.220382156 194
1396563580.244248342 175
1396563580.270230485 157
1396563580.295236935 211
1396563580.320171004 159
1396563580.345222671 188
1396563580.370104631 156
1396563580.395116969 155
1396563580.419111226 148
1396563580.445165652 158
1396563580.470075717 147
1396563580.495078447 153
1396563580.519954200 148
1396563580.543991044 145
1396563580.569931587 154
1396563580.593790567 129
1396563580.619857281 145
1396563580.644856315 183
1396563580.669848413 138
1396563580.695875153 150
1396563580.720033471 131
1396563580.745663984 145
1396563580.769729695 129
1396563580.795713677 142
1396563580.820568144 143
1396563580.844615620 135
1396563580.870569185 141
1396563580.894599288 178
1396563580.920614680 138
1396563580.944497818 139
1396563580.969482230 135
1396563580.995419693 142
1396563581.019476039 135
1396563581.045478472 137
1396563581.069477689 139
1396563581.095364396 165
1396563581.120325119 141
1396563581.145175997 122
1396563581.171225469 138
1396563581.195226109 139
1396563581.221204785 120
1396563581.245232641 139
1396563581.270335867 204
1396563581.295065208 139
1396563581.320105346 139
1396563581.346124730 137
1396563581.370002833 132
1396563581.394981571 132
1396563581.419896898 135
1396563581.444980317 135
1396563581.469955660 133
1396563581.494860942 134
1396563581.520828873 131
1396563581.544804485 135
1396563581.569866924 135
1396563581.594725896 137
1396563581.619738898 127
1396563581.644725443 170
1396563581.669667101 134
1396563581.694728491 130
1396563581.719579705 131
1396563581.744597858 128
1396563581.769613200 128
1396563581.794595782 125
1396563581.819404745 130
1396563581.845471360 131
1396563581.870456517 129
1396563581.895423317 128
1396563581.920478489 128
1396563581.945424105 131
1396563581.970476423 131
1396563581.994363209 129
1396563582.020361959 133
1396563582.045351197 128
1396563582.070245634 131
1396563582.095220063 128
1396563582.119244036 126
1396563582.145114742 131
1396563582.169096900 126
1396563582.195115260 131
1396563582.220051517 124
1396563582.245101482 130
1396563582.270985311 130
1396563582.294993895 126
1396563582.320978934 131
1396563582.344919675 127
1396563582.370967031 130
1396563582.395844250 135
1396563582.419860947 127
1396563582.445870716 136
1396563582.469786109 127
1396563582.495771779 129
1396563582.519696663 129
1396563582.544729400 126
1396563582.570724682 135
1396563582.594639256 113
1396563582.620530601 123
1396563582.644599058 118
1396563582.670598391 120
1396563582.694688305 130
1396563582.719485711 117
1396563582.745423300 121
1396563582.771144144 106
1396563582.795486023 118
1396563582.819470638 122
1396563582.844475052 118
1396563582.869410542 123
1396563582.894294896 118
1396563582.920324323 118
1396563582.944189802 120
1396563582.970234288 118
1396563582.995304957 125
1396563583.020149985 115
1396563583.045105171 120
1396563583.070089072 119
1396563583.096071560 115
1396563583.120097775 122
1396563583.145099475 116
1396563583.169973776 118
1396563583.194961044 119
1396563583.219963936 118
1396563583.244965266 120
1396563583.269975896 117
1396563583.294774385 119
1396563583.319845850 120
1396563583.344839321 117
1396563583.369840570 123
1396563583.394848314 118
1396563583.420668266 126
1396563583.445704413 114
1396563583.470733656 111
1396563583.495693955 119
1396563583.520710459 117
1396563583.545572447 115
1396563583.569537112 115
1396563583.595610433 113
1396563583.620571015 111
1396563583.645507240 112
1396563583.670500882 112
1396563583.694370292 114
1396563583.720466773 113
1396563583.744394996 117
1396563583.770461859 112
1396563583.795340334 114
1396563583.820253634 114
1396563583.845286024 113
1396563583.869207129 113
1396563583.895162170 112
1396563583.919173040 112
1396563583.945141521 114
1396563583.970036412 114
1396563583.994107109 113
1396563584.020109499 112
1396563584.044075962 111
1396563584.069986417 113
1396563584.094073770 112
1396563584.119959353 118
1396563584.145979031 114
1396563584.169874783 115
1396563584.195784485 114
1396563584.219835989 111
1396563584.245787276 113
1396563584.269838183 114
1396563584.294855402 113
1396563584.320694892 115
1396563584.344712215 112
1396563584.370713824 113
1396563584.394709622 114
1396563584.419583272 113
1396563584.444595040 116
1396563584.469587795 112
1396563584.495738137 115
1396563584.519405479 113
1396563584.545474624 116
1396563584.570478043 118
1396563584.595473508 111
1396563584.620436089 114
1396563584.645428903 111
1396563584.671354621 107
1396563584.695332940 115
1396563584.720334139 107
1396563584.745208210 108
1396563584.770149200 107
1396563584.795204279 107
1396563584.820201053 110
1396563584.845288206 107
1396563584.870092310 115
1396563584.895066277 107
1396563584.920029407 107
1396563584.945097084 108
1396563584.969976738 106
1396563584.994958794 110
1396563585.019939485 107
1396563585.044902730 108
1396563585.069982477 107
1396563585.094833219 107
1396563585.119831572 110
1396563585.143838105 112
1396563585.169843959 107
1396563585.193695800 107
1396563585.219738003 108
1396563585.244683206 107
1396563585.269705758 107
1396563585.295699639 107
1396563585.319632349 108
1396563585.345591045 107
1396563585.370585420 108
1396563585.395579377 107
1396563585.420579164 109
1396563585.444437336 108
1396563585.470494723 107
1396563585.494460323 108
1396563585.520428786 112
1396563585.544458067 107
1396563585.569449860 107
1396563585.595247360 107
1396563585.619327239 107
1396563585.645323774 107
1396563585.669160369 107
1396563585.695201617 108
1396563585.721149656 107
1396563585.745186098 107
1396563585.771092204 107
1396563585.795072187 107
1396563585.821072727 107
1396563585.845010910 107
1396563585.870085909 107
1396563585.895946676 112
1396563585.919929280 107
1396563585.945955112 107
1396563585.969891622 107
1396563585.995413270 106
1396563586.019852093 108
1396563586.044823858 107
1396563586.069861309 108
1396563586.094831808 107
1396563586.120648708 289
1396563586.144694496 100
1396563586.169695760 107
1396563586.194702666 101
1396563586.219678742 355
1396563586.244509644 100
1396563586.269572596 107
1396563586.294552841 107
1396563586.319574811 107
1396563586.344572488 107
1396563586.368396928 99
1396563586.394411255 100
1396563586.419446643 356
1396563586.445391842 107
1396563586.470351723 107
1396563586.495447742 107
1396563586.520275120 107
1396563586.545283748 108
1396563586.570215936 108
1396563586.594199737 107
1396563586.620212960 107
1396563586.645181189 111
1396563586.670175621 107
1396563586.695084057 103
1396563586.719052174 356
1396563586.745142693 101
1396563586.769067947 357
1396563586.794870472 348
1396563586.818942003 97
1396563586.844949724 351
1396563586.869813963 98
1396563586.894833855 350
1396563586.919935583 94
1396563586.943815049 96
1396563586.970821649 353
1396563586.994691702 98
1396563587.019736516 317
1396563587.045677603 326
1396563587.068641237 94
1396563587.095733943 350
1396563587.118697954 98
1396563587.144569038 351
1396563587.169515000 94
1396563587.193513462 95
1396563587.220389282 352
1396563587.243442249 97
1396563587.270442531 350
1396563587.295333293 100
1396563587.318394483 95
1396563587.345389068 337
1396563587.368448364 95
1396563587.395331742 349
1396563587.418340738 96
1396563587.443311344 95
1396563587.470123991 352
1396563587.493195402 94
1396563587.520121197 339
1396563587.543065114 95
1396563587.570014031 298
1396563587.595066654 352
1396563587.620009199 100
1396563587.646049146 356
1396563587.668929412 99
1396563587.694950657 95
1396563587.719895218 334
1396563587.743875856 95
1396563587.769938890 349
1396563587.794835101 100
1396563587.818864884 95
1396563587.843861686 96
1396563587.868789395 94
1396563587.893725990 95
1396563587.919708411 352
1396563587.943666011 95
1396563587.968742512 95
1396563587.995631115 101
1396563588.020498890 342
1396563588.045567680 305
1396563588.069551155 96
1396563588.095525316 101
1396563588.119464227 94
1396563588.144385661 94
1396563588.170421136 349
1396563588.194438201 94
1396563588.220452928 339
1396563588.244435854 94
1396563588.269343992 96
1396563588.294293398 352
1396563588.319310409 95
1396563588.345177796 350
1396563588.369213711 95
1396563588.394183394 95
1396563588.420131636 345
1396563588.445067999 101
1396563588.469037690 327
1396563588.494080948 95
1396563588.518082896 94
1396563588.545194991 344
1396563588.568923665 96
1396563588.593934066 348
1396563588.618936542 95
1396563588.643932686 348
1396563588.669816329 352
1396563588.692848113 97
1396563588.719808619 352
1396563588.744811492 97
1396563588.769824810 348
1396563588.795677310 341
1396563588.818616882 97
1396563588.845657111 346
1396563588.868678250 98
1396563588.894558913 348
1396563588.919557580 90
1396563588.943513002 86
1396563588.970501431 344
1396563588.993545801 90
1396563589.019427506 342
1396563589.043404643 85
1396563589.069412860 329
1396563589.095389960 347
1396563589.118426245 93
1396563589.145430031 347
1396563589.169303373 84
1396563589.194321657 85
1396563589.221218653 343
1396563589.244170119 89
1396563589.271169895 342
1396563589.294180496 91
1396563589.319185949 95
1396563589.345174772 315
1396563589.369112999 96
1396563589.395071811 338
1396563589.419054197 92
1396563589.444058247 90
1396563589.470037157 348
1396563589.494882939 343
1396563589.519921046 342
1396563589.543907429 96
1396563589.568932047 90
1396563589.594810350 310
1396563589.618738236 91
1396563589.644749441 348
1396563589.668803225 91
1396563589.693804950 85
1396563589.718682359 90
1396563589.742606374 91
1396563589.769590425 329
1396563589.793676125 90
1396563589.818548407 90
1396563589.843527594 91
1396563589.868556515 90
1396563589.895552623 318
1396563589.919408200 348
1396563589.944537194 95
1396563589.969407407 95
1396563589.994481883 95
1396563590.020475420 352
1396563590.044441486 341
1396563590.069444962 94
1396563590.094299022 100
1396563590.119293487 90
1396563590.145285316 353
1396563590.169107033 348
1396563590.194131998 95
1396563590.219184829 337
1396563590.244186454 90
1396563590.268060223 91
1396563590.295050596 343
1396563590.319997597 95
1396563590.345043873 347
1396563590.369944064 90
1396563590.393862042 91
1396563590.420898707 325
1396563590.443853307 91
1396563590.469923608 353
1396563590.494794200 91
1396563590.518812621 95
1396563590.545790273 345
1396563590.568745681 96
1396563590.594782144 343
1396563590.618671210 94
1396563590.644616434 348
1396563590.670832058 351
1396563590.693724457 94
1396563590.720490735 344
1396563590.743615972 92
1396563590.769612037 344
1396563590.793481170 90
1396563590.818580435 96
1396563590.845373454 334
1396563590.868415368 94
1396563590.894424297 337
1396563590.918403936 85
1396563590.943416772 86
1396563590.969425476 328
1396563590.993286027 87
1396563591.020297634 329
1396563591.045227434 348
1396563591.069183726 91
1396563591.095115737 345
1396563591.119120232 97
1396563591.145138049 341
1396563591.170032968 348
1396563591.194052196 85
1396563591.220048034 341
1396563591.243998789 89
1396563591.269977905 339
1396563591.294061703 91
1396563591.318901205 312
1396563591.343918325 90
1396563591.368943092 91
1396563591.394849079 325
1396563591.418900888 91
1396563591.443786134 86
1396563591.470769724 310
1396563591.493778781 95
1396563591.520787924 332
1396563591.544778396 91
1396563591.570604627 319
1396563591.595631934 344
1396563591.618589693 91
1396563591.645464746 346
1396563591.668474222 87
1396563591.694547790 90
1396563591.719536362 91
1396563591.743420998 95
1396563591.770416374 347
1396563591.793368993 90
1396563591.819416390 90
1396563591.843433553 91
1396563591.869414177 94
1396563591.895415890 328
1396563591.919286129 343
1396563591.944260933 92
1396563591.968284861 90
1396563591.994161670 91
1396563592.019157432 348
1396563592.044169315 340
1396563592.070139173 340
1396563592.093055056 90
1396563592.119032064 90
1396563592.143032374 95
1396563592.170036861 349
1396563592.194006287 94
1396563592.219086603 94
1396563592.245917731 351
1396563592.268980980 91
1396563592.295965169 341
1396563592.318843480 95
1396563592.344750190 346
1396563592.368771648 90
1396563592.393802442 91
1396563592.420785159 304
1396563592.443720022 95
1396563592.469673156 333
1396563592.493667767 91
1396563592.518656930 96
1396563592.544659018 348
1396563592.568718381 91
1396563592.595481666 324
1396563592.620517342 351
1396563592.645515263 303
1396563592.670534640 349
1396563592.694414000 96
1396563592.720357388 342
1396563592.744410706 91
1396563592.770404635 341
1396563592.795403318 330
1396563592.819406328 97
1396563592.845274002 351
1396563592.869284129 96
1396563592.894286788 332
1396563592.919163080 90
1396563592.943152772 86
1396563592.970169387 338
1396563592.994104223 95
1396563593.020044988 344
1396563593.044013802 89
1396563593.069039310 297
1396563593.095086396 345
1396563593.118001699 95
1396563593.144890649 343
1396563593.168976763 90
1396563593.193969082 338
1396563593.220000122 323
1396563593.242853909 90
1396563593.269763211 336
1396563593.292763063 91
1396563593.319750005 335
1396563593.345768391 320
1396563593.368657195 92
1396563593.395604351 336
1396563593.418636314 91
1396563593.444659265 91
1396563593.470561873 328
1396563593.494549595 101
1396563593.520523770 339
1396563593.544527333 107
1396563593.570550881 352
1396563593.594402507 355
1396563593.618347570 95
1396563593.645401579 346
1396563593.668342944 96
1396563593.695401698 344
1396563593.718237849 94
1396563593.745277388 101
1396563593.770278768 356
1396563593.794206719 95
1396563593.821110896 298
1396563593.845132339 100
1396563593.870150311 99
1396563593.895154092 348
1396563593.920005670 327
1396563593.944084248 94
1396563593.969024498 95
1396563593.996021399 100
1396563594.020070357 341
1396563594.044885113 352
1396563594.068809194 99
1396563594.094902260 101
1396563594.118827033 96
1396563594.143779317 94
1396563594.170876720 349
1396563594.194721510 338
1396563594.219773967 100
1396563594.244777547 100
1396563594.268630884 95
1396563594.294650740 326
1396563594.318601106 94
1396563594.344624024 346
1396563594.368509929 95
1396563594.393518349 95
1396563594.419527545 326
1396563594.444524159 100
1396563594.469320791 350
1396563594.495361137 101
1396563594.520341187 101
1396563594.545430167 353
1396563594.570345268 100
1396563594.595395405 355
1396563594.620279162 113
1396563594.644270167 107
1396563594.670212881 107
1396563594.695146087 108
1396563594.720258741 344
1396563594.745102766 107
1396563594.769147418 108
1396563594.795190252 345
1396563594.819017920 101
1396563594.845015254 108
1396563594.869999532 106
1396563594.894954227 107
1396563594.920892344 332
1396563594.944897715 100
1396563594.970851891 356
1396563594.994856916 103
1396563595.020716252 356
1396563595.045756585 100
1396563595.069757575 100
1396563595.095765481 338
1396563595.119791800 100
1396563595.145682350 337
1396563595.169583441 100
1396563595.194593975 356
1396563595.220645827 336
1396563595.244518739 103
1396563595.270517488 320
1396563595.294462415 101
1396563595.320531723 350
1396563595.344389750 345
1396563595.369400360 102
1396563595.395389168 355
1396563595.419342764 101
1396563595.445392224 326
1396563595.469390424 107
1396563595.494374755 107
1396563595.519267910 108
1396563595.544235309 114
1396563595.570087139 108
1396563595.594157432 108
1396563595.620137225 108
1396563595.645128758 107
1396563595.670149334 107
1396563595.694958369 107
1396563595.719996110 107
1396563595.746017016 107
1396563595.770050462 107
1396563595.795016140 107
1396563595.819909443 107
1396563595.844837861 107
1396563595.869843832 113
1396563595.894886034 107
1396563595.919767973 112
1396563595.944839462 108
1396563595.969723502 107
1396563595.994821298 108
1396563596.019819695 107
1396563596.044689767 107
1396563596.070638085 107
1396563596.095570606 108
1396563596.120596422 108
1396563596.145518236 108
1396563596.170458933 108
1396563596.195514706 108
1396563596.219512841 108
1396563596.245462643 113
1396563596.270387346 107
1396563596.295386269 111
1396563596.320380869 107
1396563596.344386910 107
1396563596.370333728 107
1396563596.394353185 107
1396563596.420258067 107
1396563596.445260764 107
1396563596.470187207 107
1396563596.495082335 108
1396563596.520595556 108
1396563596.545132321 107
1396563596.569116169 108
1396563596.595143334 108
1396563596.620016950 115
1396563596.644056713 108
1396563596.670024912 108
1396563596.694015899 108
1396563596.719873715 107
1396563596.743899016 116
1396563596.769820692 112
1396563596.795903534 113
1396563596.819773209 115
1396563596.845747905 113
1396563596.869766511 116
1396563596.895735008 112
1396563596.919745604 113
1396563596.944736510 114
1396563596.970633530 112
1396563596.994616862 113
1396563597.020639327 107
1396563597.044583720 107
1396563597.069507024 108
1396563597.094457251 107
1396563597.119507250 115
1396563597.145507354 106
1396563597.169466380 108
1396563597.195386031 108
1396563597.220411025 112
1396563597.245379882 114
1396563597.270382078 111
1396563597.295364769 108
1396563597.320512988 113
1396563597.345252883 113
1396563597.370260696 117
1396563597.395278258 113
1396563597.420146997 114
1396563597.445059840 113
1396563597.470043304 113
1396563597.495129486 116
1396563597.520002549 112
1396563597.544986775 121
1396563597.569924550 112
1396563597.594993119 111
1396563597.619885860 114
1396563597.644822225 111
1396563597.669886824 115
1396563597.694876637 111
1396563597.719687638 113
1396563597.744753115 113
1396563597.769773705 111
1396563597.794381073 113
1396563597.819751004 111
1396563597.844701263 114
1396563597.869643605 119
1396563597.894607583 112
1396563597.919635400 115
1396563597.945573469 112
1396563597.969472867 120
1396563597.995422398 120
1396563598.020484634 117
1396563598.045448263 118
1396563598.070387532 118
1396563598.095004258 114
1396563598.120311210 119
1396563598.144354424 119
1396563598.170376043 118
1396563598.194378284 118
1396563598.219285380 119
1396563598.245264291 124
1396563598.269250535 119
1396563598.295123405 117
1396563598.319104350 117
1396563598.345663800 118
1396563598.371123341 122
1396563598.395088212 123
1396563598.420957755 118
1396563598.444995753 119
1396563598.470994158 120
1396563598.495007186 123
1396563598.519825293 123
1396563598.545804811 121
1396563598.569880537 122
1396563598.596293270 120
1396563598.619754941 128
1396563598.644758406 121
1396563598.669694521 123
1396563598.694744712 123
1396563598.720723507 120
1396563598.744582812 126
1396563598.770629030 120
1396563598.794555770 127
1396563598.819499855 130
1396563598.844517846 126
1396563598.869500269 132
1396563598.895492738 126
1396563598.919453403 128
1396563598.944429016 134
1396563598.969347250 127
1396563598.994367542 134
1396563599.019370301 127
1396563599.044371288 128
1396563599.070319052 128
1396563599.095255016 127
1396563599.120263553 135
1396563599.145245616 126
1396563599.170243151 123
1396563599.195138270 121
1396563599.220296373 124
1396563599.245104468 131
1396563599.270119107 115
1396563599.295133477 129
1396563599.319987341 128
1396563599.344924487 128
1396563599.369002594 134
1396563599.394994205 127
1396563599.418991750 130
1396563599.444866007 126
1396563599.469803562 128
1396563599.494873316 139
1396563599.520866620 127
1396563599.544794806 131
1396563599.570754670 128
1396563599.595747404 127
1396563599.620693430 130
1396563599.645754622 125
1396563599.669617646 133
1396563599.695620878 128
1396563599.719600399 130
1396563599.745529849 130
1396563599.769775859 126
1396563599.794487106 130
1396563599.820487255 111
1396563599.844488887 134
1396563599.870435460 139
1396563599.894363049 130
1396563599.920345498 134
1396563599.945364363 126
1396563599.969367786 136
1396563599.995433184 136
1396563600.019323738 132
1396563600.045252224 133
1396563600.069237660 127
1396563600.094239201 136
1396563600.119095746 136
1396563600.144043290 138
1396563600.170103363 136
1396563600.194139449 171
1396563600.220025124 138
