1396563550.253001086 96
1396563550.276431338 96
1396563550.302295014 97
1396563550.326284970 97
1396563550.352303837 100
1396563550.376289542 98
1396563550.401393875 97
1396563550.427172421 97
1396563550.451232828 97
1396563550.477231299 99
1396563550.501153034 98
1396563550.527159914 102
1396563550.552043466 102
1396563550.576051408 98
1396563550.602038233 96
1396563550.625974065 96
1396563550.651062323 97
1396563550.676869480 101
1396563550.700872636 97
1396563550.726909696 102
1396563550.750849748 96
1396563550.775912899 97
1396563550.801800347 92
1396563550.826785044 90
1396563550.851785651 93
1396563550.876809933 90
1396563550.901607380 97
1396563550.926637115 97
1396563550.952655991 102
1396563550.976650472 99
1396563551.002611963 225
1396563551.026611194 86
1396563551.052885031 85
1396563551.075539559 90
1396563551.101540600 96
1396563551.125419940 97
1396563551.151404033 92
1396563551.176354502 88
1396563551.201407102 85
1396563551.227404632 90
1396563551.251289013 85
1396563551.277273585 96
1396563551.301253562 96
1396563551.328210275 101
1396563551.352278662 94
1396563551.376166767 88
1396563551.402159615 87
1396563551.426154413 84
1396563551.452088418 91
1396563551.476034517 92
1396563551.501009897 97
1396563551.528024917 100
1396563551.550976735 98
1396563551.576983257 90
1396563551.600907570 91
1396563551.626902863 91
1396563551.650823128 96
1396563551.675774765 96
1396563551.701942099 96
1396563551.726709514 102
1396563551.752767300 101
1396563551.775848550 87
1396563551.800734691 83
1396563551.825675938 86
1396563551.850608083 86
1396563551.876580138 85
1396563551.900651516 85
1396563551.926612196 96
1396563551.951598189 92
1396563551.976526054 91
1396563552.002478577 85
1396563552.026401197 85
1396563552.052386970 97
1396563552.076403095 87
1396563552.101377223 87
1396563552.126355540 98
1396563552.151356933 96
1396563552.178213129 288
1396563552.201267775 82
1396563552.226238790 82
1396563552.251224539 81
1396563552.276206454 80
1396563552.301107011 91
1396563552.327159208 240
1396563552.351082925 91
1396563552.377032232 83
1396563552.402053153 81
1396563552.427012325 90
1396563552.451990336 90
1396563552.477049506 83
1396563552.502485139 92
1396563552.525906126 91
1396563552.550847706 91
1396563552.576897645 90
1396563552.601902070 88
1396563552.626758129 81
1396563552.650778483 80
1396563552.676713375 81
1396563552.700762435 77
1396563552.725668154 91
1396563552.752599458 275
1396563552.776649160 91
1396563552.801684873 92
1396563552.825860864 90
1396563552.851646678 79
1396563552.875646531 76
1396563552.901504273 76
1396563552.926523354 91
1396563552.950473101 90
1396563552.976395745 94
1396563553.000396220 90
1396563553.026396240 81
1396563553.050399847 76
1396563553.076411687 75
1396563553.101322567 85
1396563553.126272113 79
1396563553.152266765 86
1396563553.177115583 203
1396563553.202146439 81
1396563553.226075060 82
1396563553.251211929 76
1396563553.276173146 77
1396563553.301019344 76
1396563553.327001462 85
1396563553.349945440 89
1396563553.376116210 85
1396563553.399911393 87
1396563553.426908979 278
1396563553.451891641 71
1396563553.474877193 79
1396563553.501854493 75
1396563553.525776432 93
1396563553.551747379 87
1396563553.576765711 91
1396563553.600767784 91
1396563553.627642558 75
1396563553.650559354 80
1396563553.676629813 76
1396563553.700619689 91
1396563553.725675928 92
1396563553.751639289 90
1396563553.775575748 93
1396563553.801518877 91
1396563553.825453142 82
1396563553.850391425 81
1396563553.876328677 71
1396563553.900309051 81
1396563553.926299799 80
1396563553.951328717 92
1396563553.975231469 91
1396563554.001226215 85
1396563554.026270121 85
1396563554.051198969 76
1396563554.075159842 83
1396563554.099154144 82
1396563554.126152656 72
1396563554.151136455 73
1396563554.176090883 84
1396563554.199999079 81
1396563554.224993237 82
1396563554.251017205 73
1396563554.275016763 76
1396563554.302894294 283
1396563554.325824602 76
1396563554.350886063 76
1396563554.375889111 86
1396563554.399783510 85
1396563554.425764555 75
1396563554.450692154 75
1396563554.475785309 76
1396563554.500767145 74
1396563554.525595237 72
1396563554.551640765 76
1396563554.575636188 76
1396563554.600559085 86
1396563554.624577546 73
1396563554.650656448 73
1396563554.676510476 86
1396563554.702364540 282
1396563554.726433181 79
1396563554.750338673 72
1396563554.776305456 85
1396563554.800407505 86
1396563554.826385394 84
1396563554.851270530 78
1396563554.876208399 75
1396563554.901260260 72
1396563554.925205012 74
1396563554.951110012 71
1396563554.975094684 87
1396563555.001069973 84
1396563555.026137620 86
1396563555.051155331 86
1396563555.077022793 85
1396563555.100006056 77
1396563555.127036386 278
1396563555.150016564 78
1396563555.175887631 72
1396563555.201904667 85
1396563555.224850430 90
1396563555.250879725 84
1396563555.275709191 69
1396563555.300752344 66
1396563555.325824756 66
1396563555.349770296 72
1396563555.376584496 67
1396563555.400584413 84
1396563555.426633122 80
1396563555.451631802 80
1396563555.475619249 71
1396563555.501575884 67
1396563555.525532379 78
1396563555.552579667 169
1396563555.575485409 80
1396563555.600505385 83
1396563555.626555196 84
1396563555.650378746 82
1396563555.675326955 76
1396563555.700382186 72
1396563555.726358325 72
1396563555.751259501 72
1396563555.775183014 94
1396563555.801239771 90
1396563555.826189921 92
1396563555.850273994 91
1396563555.877199523 76
1396563555.901165136 75
1396563555.927099091 75
1396563555.951079427 78
1396563555.975115598 77
1396563556.002008231 80
1396563556.025001755 83
1396563556.052003756 84
1396563556.076021345 78
1396563556.100009457 76
1396563556.126844767 72
1396563556.149855805 72
1396563556.176825402 84
1396563556.199875407 82
1396563556.225847361 81
1396563556.250750386 86
1396563556.274754049 86
1396563556.301754139 72
1396563556.325751491 73
1396563556.350701766 73
1396563556.374626229 87
1396563556.399610114 85
1396563556.426583819 80
1396563556.450627467 77
1396563556.475572046 85
1396563556.499622315 73
1396563556.525504067 72
1396563556.550502263 80
1396563556.576497896 81
1396563556.601377911 73
1396563556.625397561 87
1396563556.651392459 85
1396563556.675374813 86
1396563556.701260285 85
1396563556.725252381 73
1396563556.750339716 85
1396563556.776246323 86
1396563556.800137179 73
1396563556.826127275 74
1396563556.850130976 91
1396563556.876069655 82
1396563556.900125773 85
1396563556.925005573 78
1396563556.951982588 75
1396563556.975999940 68
1396563557.002003011 66
1396563557.026097342 73
1396563557.050875157 86
1396563557.076850620 84
1396563557.100849008 92
1396563557.126870440 89
1396563557.150818339 86
1396563557.175753396 72
1396563557.201748740 72
1396563557.225757364 76
1396563557.250763418 74
1396563557.275553621 91
1396563557.302585627 183
1396563557.326640461 84
1396563557.350617136 76
1396563557.376538646 71
1396563557.400619504 75
1396563557.425427348 72
1396563557.451496184 72
1396563557.474491901 83
1396563557.501347976 80
1396563557.525356464 85
1396563557.550329680 80
1396563557.575368459 73
1396563557.599349820 73
1396563557.626253679 75
1396563557.649239383 85
1396563557.676243939 70
1396563557.701052537 84
1396563557.726131582 85
1396563557.752114734 80
1396563557.775115894 82
1396563557.802116303 75
1396563557.824929172 77
1396563557.850991720 76
1396563557.876989637 90
1396563557.899994354 94
1396563557.926850328 89
1396563557.949823028 86
1396563557.976144614 85
1396563558.000875060 76
1396563558.024813359 78
1396563558.051722034 79
1396563558.074740649 92
1396563558.101676639 85
1396563558.126739867 85
1396563558.150629431 86
1396563558.177613535 84
1396563558.200620554 80
1396563558.226562477 76
1396563558.250556231 76
1396563558.276610007 77
1396563558.301492452 74
1396563558.325470961 92
1396563558.352381168 91
1396563558.375361939 86
1396563558.400343758 86
1396563558.426378325 81
1396563558.450311470 81
1396563558.476236109 91
1396563558.500190385 78
1396563558.526233773 81
1396563558.552222625 130
1396563558.576128546 90
1396563558.600432560 85
1396563558.625191012 78
1396563558.650344226 76
1396563558.675113707 81
1396563558.700933598 81
1396563558.725974897 76
1396563558.750934570 92
1396563558.774925866 91
1396563558.799953728 86
1396563558.825874252 84
1396563558.851808809 81
1396563558.876863428 80
1396563558.901787088 77
1396563558.926653130 83
1396563558.951694254 84
1396563558.975692579 91
1396563559.001652591 212
1396563559.025654301 89
1396563559.050530959 92
1396563559.075575638 90
1396563559.100566553 81
1396563559.125577149 81
1396563559.150567655 78
1396563559.175538052 91
1396563559.201409629 90
1396563559.224436919 86
1396563559.251299117 82
1396563559.277292717 82
1396563559.301313117 82
1396563559.327288048 82
1396563559.351296198 85
1396563559.377318281 81
1396563559.402203687 97
1396563559.427184339 293
1396563559.452183960 89
1396563559.476147760 79
1396563559.502053151 75
1396563559.525080750 85
1396563559.551079150 80
1396563559.575044125 85
1396563559.599897974 86
1396563559.626962067 84
1396563559.650934142 86
1396563559.676937838 79
1396563559.699976888 76
1396563559.725860283 75
1396563559.751793529 81
1396563559.774851403 95
1396563559.802845007 293
1396563559.824736776 95
1396563559.850698358 89
1396563559.874686194 80
1396563559.899711508 86
1396563559.926757819 80
1396563559.949582438 86
1396563559.976613580 85
1396563560.001539031 97
1396563560.026589203 97
1396563560.051604974 98
1396563560.076464657 92
1396563560.102483127 91
1396563560.126482626 85
1396563560.151336911 86
1396563560.176319618 85
1396563560.201330466 96
1396563560.227332924 101
1396563560.251225675 96
1396563560.276176379 96
1396563560.301315650 89
1396563560.326230886 87
1396563560.351113005 85
1396563560.376102657 91
1396563560.401049608 92
1396563560.427089784 85
1396563560.452058643 96
1396563560.476887333 96
1396563560.501907819 92
1396563560.526917373 91
1396563560.551800886 90
1396563560.575802719 90
1396563560.601799444 97
1396563560.626793467 87
1396563560.651798667 87
1396563560.677786592 101
1396563560.701685788 101
1396563560.726646247 97
1396563560.750723947 92
1396563560.776677178 91
1396563560.801513458 96
1396563560.826529135 97
1396563560.851555371 90
1396563560.875544912 97
1396563560.901526556 97
1396563560.925514170 96
1396563560.951429958 97
1396563560.976423235 97
1396563561.000305579 97
1396563561.026354212 92
1396563561.050365342 92
1396563561.076329899 90
1396563561.100158369 97
1396563561.127157235 101
1396563561.153222417 103
1396563561.176154752 98
1396563561.202060488 96
1396563561.226085451 96
1396563561.252028342 97
1396563561.276112026 92
1396563561.300921487 97
1396563561.326918448 96
1396563561.351126894 97
1396563561.376921845 97
1396563561.400793620 99
1396563561.425782467 97
1396563561.451890238 97
1396563561.475818671 97
1396563561.501734572 97
1396563561.526667003 100
1396563561.551674016 96
1396563561.577541184 101
1396563561.601525160 97
1396563561.627558733 96
1396563561.651525497 95
1396563561.677613335 96
1396563561.701614082 96
1396563561.726575041 97
1396563561.751407302 96
1396563561.777451175 100
1396563561.802348953 97
1396563561.826349934 96
1396563561.851308182 97
1396563561.876333371 96
1396563561.901153967 96
1396563561.926285132 96
1396563561.952216019 103
1396563561.978237744 101
1396563562.001222345 98
1396563562.027023848 103
1396563562.051090919 97
1396563562.077074591 100
1396563562.101094709 97
1396563562.125982017 97
1396563562.151986576 100
1396563562.176948161 103
1396563562.201965752 110
1396563562.226971213 101
1396563562.251847303 103
1396563562.276875992 105
1396563562.302784256 102
1396563562.327836097 105
1396563562.352835903 102
1396563562.377700416 103
1396563562.402713321 106
1396563562.427677342 104
1396563562.451699620 105
1396563562.477717705 102
1396563562.502615963 103
1396563562.527568514 104
1396563562.552524107 102
1396563562.576566831 103
1396563562.602569562 102
1396563562.626476729 107
1396563562.652480165 106
1396563562.677446360 103
1396563562.702273250 103
1396563562.728338421 102
1396563562.752319106 105
1396563562.778326718 106
1396563562.802343319 103
1396563562.828166545 103
1396563562.853217939 102
1396563562.877234120 104
1396563562.903237225 109
1396563562.927198758 103
1396563562.956044453 103
1396563562.976993707 101
1396563563.002098875 108
1396563563.028070309 105
1396563563.051984599 111
1396563563.077916068 109
1396563563.101886225 108
1396563563.127960071 107
1396563563.151958796 106
1396563563.176834093 104
1396563563.202794296 103
1396563563.226751196 103
1396563563.252722943 102
1396563563.276652247 112
1396563563.301694135 109
1396563563.326616979 112
1396563563.351644343 114
1396563563.377491142 105
1396563563.401720059 111
1396563563.427531246 108
1396563563.452546623 108
1396563563.477514051 111
1396563563.502391113 108
1396563563.527394795 116
1396563563.553403496 111
1396563563.577319255 112
1396563563.602313775 110
1396563563.627477824 108
1396563563.652273283 115
1396563563.677165913 108
1396563563.702244987 112
1396563563.727208050 112
1396563563.752205456 111
1396563563.777153827 122
1396563563.802087046 108
1396563563.827081354 109
1396563563.852081016 108
1396563563.878082557 108
1396563563.902935398 120
1396563563.927887505 111
1396563563.952935764 114
1396563563.977918851 110
1396563564.002945359 112
1396563564.026831929 120
1396563564.052777551 112
1396563564.077818954 115
1396563564.102829138 111
1396563564.127685990 119
1396563564.151661094 122
1396563564.177724626 119
1396563564.201718495 122
1396563564.227637574 115
1396563564.252526829 118
1396563564.277507209 121
1396563564.302531345 117
1396563564.326526696 125
1396563564.352510290 112
1396563564.376523596 120
1396563564.402380311 121
1396563564.427403651 119
1396563564.451271579 122
1396563564.477259438 119
1396563564.501261741 120
1396563564.527263116 121
1396563564.551274882 118
1396563564.577151215 121
1396563564.603171304 118
1396563564.627160889 126
1396563564.653038161 126
1396563564.677025993 116
1396563564.703044503 120
1396563564.728008729 114
1396563564.752026453 123
1396563564.777940629 121
1396563564.801940482 124
1396563564.827961192 122
1396563564.851868522 123
1396563564.876736518 125
1396563564.902749690 127
1396563564.926756284 125
1396563564.952775571 124
1396563564.976644204 118
1396563565.002628051 125
1396563565.027648463 126
1396563565.052646291 127
1396563565.078527438 124
1396563565.102521589 128
1396563565.128521201 123
1396563565.152505045 129
1396563565.177561523 126
1396563565.202572635 122
1396563565.227447318 124
1396563565.253447869 115
1396563565.277398694 129
1396563565.302290490 129
1396563565.327321478 128
1396563565.352253308 128
1396563565.377268650 127
1396563565.402158863 130
1396563565.428143894 129
1396563565.452128471 127
1396563565.477128602 132
1396563565.502020338 126
1396563565.526988601 131
1396563565.551983668 127
1396563565.577110807 132
1396563565.602039433 130
1396563565.626913971 122
1396563565.651926605 132
1396563565.676878746 115
1396563565.701946492 134
1396563565.726862111 134
1396563565.752798691 131
1396563565.777849734 138
1396563565.802751285 131
1396563565.827809958 134
1396563565.852630311 134
1396563565.877694553 132
1396563565.901676534 141
1396563565.927753242 131
1396563565.952521609 136
1396563565.977582560 131
1396563566.002528048 119
1396563566.026567886 140
1396563566.052501645 116
1396563566.076498635 136
1396563566.102472790 126
1396563566.127403506 136
1396563566.152397078 143
1396563566.178303315 135
1396563566.202328105 140
1396563566.228260747 134
1396563566.252341586 141
1396563566.278325675 146
1396563566.303136987 139
1396563566.327124103 150
1396563566.353137682 143
1396563566.377135552 147
1396563566.403138418 151
1396563566.427015855 112
1396563566.452065893 150
1396563566.478056149 137
1396563566.501881582 146
1396563566.528038886 148
1396563566.551945372 148
1396563566.577861385 153
1396563566.601876635 147
1396563566.626794922 152
1396563566.652820764 153
1396563566.676726168 149
1396563566.702721585 153
1396563566.726700575 148
1396563566.751618666 162
1396563566.776660359 161
1396563566.801698943 161
1396563566.827654696 161
1396563566.851661798 163
1396563566.877498852 161
1396563566.902516049 167
1396563566.927652573 161
1396563566.952519346 160
1396563566.977523202 160
1396563567.003512077 161
1396563567.027438184 162
1396563567.052352414 162
1396563567.077404793 161
1396563567.102282308 161
1396563567.127205159 161
1396563567.152100439 162
1396563567.177165100 162
1396563567.202194104 162
1396563567.227190436 168
1396563567.252065670 167
1396563567.277001796 169
1396563567.302180714 168
1396563567.328095855 167
1396563567.353058463 167
1396563567.377878480 167
1396563567.402855672 172
1396563567.427937360 167
1396563567.452935638 166
1396563567.476829726 173
1396563567.502749709 171
1396563567.527766524 174
1396563567.552817180 172
1396563567.577876621 173
1396563567.601629926 175
1396563567.627613294 171
1396563567.651588767 178
1396563567.677647743 174
1396563567.702523981 176
1396563567.727508095 184
1396563567.752592710 180
1396563567.776766174 186
1396563567.802560904 180
1396563567.827155966 188
1396563567.852577590 182
1396563567.877436674 180
1396563567.901533533 189
1396563567.927456747 179
1396563567.951271862 185
1396563567.977310914 178
1396563568.001290843 181
1396563568.027362113 195
1396563568.053204112 184
1396563568.077141545 190
1396563568.103118081 183
1396563568.127158707 187
1396563568.153199543 198
1396563568.177049191 186
1396563568.202038863 198
1396563568.227985123 186
1396563568.252052332 194
1396563568.277953819 204
1396563568.301965499 191
1396563568.326928289 206
1396563568.351902371 191
1396563568.376950703 205
1396563568.402806550 205
1396563568.426805102 205
1396563568.452827175 214
1396563568.477811149 203
1396563568.502664823 213
1396563568.527690482 216
1396563568.552683097 223
1396563568.578680653 224
1396563568.602698295 223
1396563568.627508325 224
1396563568.652500840 224
1396563568.677553491 223
1396563568.702429406 224
1396563568.727533683 227
1396563568.757649791 224
1396563568.777511199 223
1396563568.802436352 223
1396563568.827298830 224
1396563568.852298947 227
1396563568.877247942 231
1396563568.902254547 229
1396563568.927284449 228
1396563568.952173946 229
1396563568.977180256 231
1396563569.002136131 236
1396563569.027129183 235
1396563569.051203735 239
1396563569.077027736 238
1396563569.102040279 244
1396563569.127040361 243
1396563569.151933094 239
1396563569.176926085 248
1396563569.202932974 247
1396563569.226904012 208
1396563569.252929959 193
1396563569.277813617 249
1396563569.302742422 255
1396563569.327781684 251
1396563569.351784934 243
1396563569.377658252 240
1396563569.401628648 258
1396563569.427623266 259
1396563569.452620021 256
1396563569.476490233 263
1396563569.502557019 242
1396563569.526544658 268
1396563569.552570495 257
1396563569.576553837 268
1396563569.602553866 273
1396563569.628411872 268
1396563569.652421338 273
1396563569.678313265 264
1396563569.702252908 265
1396563569.728296967 285
1396563569.753302521 284
1396563569.777280245 286
1396563569.803198086 284
1396563569.827109471 285
1396563569.853137110 286
1396563569.877170976 284
1396563569.902068311 289
1396563569.927025510 284
1396563569.952058322 292
1396563569.978034668 289
1396563570.001927116 289
1396563570.027936246 305
1396563570.051939311 294
1396563570.076889715 300
1396563570.101876346 294
1396563570.126792623 297
1396563570.152805857 310
1396563570.176804442 241
1396563570.201788375 311
1396563570.226724587 271
1396563570.251666573 300
1396563570.276690348 313
1396563570.301674003 276
1396563570.327630026 323
1396563570.352663264 270
1396563570.377503875 318
1396563570.402544933 321
1396563570.427525560 314
1396563570.452543372 335
1396563570.477525894 293
1396563570.502523565 331
1396563570.527423751 333
1396563570.552419708 316
1396563570.577229181 345
1396563570.602324945 345
1396563570.626327028 343
1396563570.652245066 342
1396563570.677290009 342
1396563570.702164416 346
1396563570.727148220 342
1396563570.752165607 350
1396563570.778131113 348
1396563570.802051810 346
1396563570.828053242 348
1396563570.853028387 347
1396563570.878044431 361
1396563570.903039691 356
1396563570.926928975 354
1396563570.952920233 354
1396563570.976895079 350
1396563571.002929049 365
1396563571.027793704 363
1396563571.051738589 363
1396563571.077794178 364
1396563571.101788965 271
1396563571.127661806 371
1396563571.152648738 370
1396563571.177668551 371
1396563571.202618626 367
1396563571.226535020 352
1396563571.252535475 328
1396563571.276493078 373
1396563571.302540010 390
1396563571.327484614 387
1396563571.351545747 382
1396563571.377533368 317
1396563571.401426625 381
1396563571.427409349 391
1396563571.451360682 397
1396563571.477244385 390
1396563571.503283781 381
1396563571.527304396 397
1396563571.553293326 391
1396563571.577162677 397
1396563571.603084952 406
1396563571.627163143 361
1396563571.652157866 383
1396563571.678161759 355
1396563571.702053501 397
1396563571.728001879 408
1396563571.752038476 380
1396563571.777008786 404
1396563571.801920482 376
1396563571.826926126 406
1396563571.851915708 397
1396563571.876819103 384
1396563571.902911667 416
1396563571.927795490 374
1396563571.952757792 401
1396563571.977775650 390
1396563572.002786802 375
1396563572.028734674 436
1396563572.052644517 365
1396563572.077678269 430
1396563572.102658235 342
1396563572.127541120 331
1396563572.152482796 437
1396563572.177523904 364
1396563572.201527508 433
1396563572.227535664 362
1396563572.252536252 389
1396563572.277484469 422
1396563572.302402872 379
1396563572.327425684 435
1396563572.352384978 378
1396563572.376410845 391
1396563572.402258509 400
1396563572.427158840 378
1396563572.452174591 468
1396563572.477172752 376
1396563572.501155628 406
1396563572.527152850 390
1396563572.551068762 370
1396563572.577046307 452
1396563572.602034327 368
1396563572.627046471 397
1396563572.653075100 387
1396563572.677029530 378
1396563572.702849442 418
1396563572.727901944 375
1396563572.752911922 399
1396563572.777905722 390
1396563572.801897527 379
1396563572.827778221 409
1396563572.851775334 375
1396563572.877793828 431
1396563572.901757308 388
1396563572.926649675 396
1396563572.952637091 401
1396563572.976587260 387
1396563573.002649701 413
1396563573.026538028 386
1396563573.052530605 381
1396563573.077533524 383
1396563573.102458695 372
1396563573.128473447 393
1396563573.152544777 385
1396563573.178533125 389
1396563573.202387294 397
1396563573.227364749 376
1396563573.252343357 386
1396563573.277275244 386
1396563573.303269659 421
1396563573.327277752 398
1396563573.352277719 388
1396563573.377264983 378
1396563573.402133242 389
1396563573.427144484 405
1396563573.452179520 411
1396563573.478154402 392
1396563573.501974698 388
1396563573.527048674 389
1396563573.552019617 388
1396563573.577031992 394
1396563573.601910000 384
1396563573.626846307 376
1396563573.651851201 385
1396563573.676895945 372
1396563573.701774117 404
1396563573.726769796 414
1396563573.751775279 377
1396563573.777723365 395
1396563573.802758536 372
1396563573.827642029 411
1396563573.852609861 402
1396563573.877664783 384
1396563573.902645571 407
1396563573.927477993 381
1396563573.951531969 417
1396563573.977524552 392
1396563574.002575172 384
1396563574.027521000 425
1396563574.052461518 379
1396563574.076392394 408
1396563574.102372508 367
1396563574.126394240 376
1396563574.152248389 423
1396563574.177213124 373
1396563574.202287540 434
1396563574.228267749 373
1396563574.252154060 387
1396563574.278155812 421
1396563574.303148076 378
1396563574.328091377 442
1396563574.353026980 378
1396563574.376965747 393
1396563574.402999696 401
1396563574.427019349 379
1396563574.452971300 456
1396563574.477814349 375
1396563574.501841158 400
1396563574.527827748 387
1396563574.551834070 303
1396563574.577716926 454
1396563574.601716386 342
1396563574.627699778 400
1396563574.652747436 379
1396563574.676597894 382
1396563574.702594148 442
1396563574.726582208 350
1396563574.752633513 412
1396563574.776546049 372
1396563574.801465693 387
1396563574.827489699 408
1396563574.851472711 378
1396563574.877445772 423
1396563574.901327372 374
1396563574.927393080 385
1396563574.952327775 410
1396563574.977196975 372
1396563575.003333301 420
1396563575.027277390 348
1396563575.053093948 380
1396563575.077088142 388
1396563575.102084783 377
1396563575.127090337 404
1396563575.151910856 375
1396563575.178567531 395
1396563575.201977469 397
1396563575.226963017 382
1396563575.251839967 376
1396563575.276820485 378
1396563575.301813252 402
1396563575.326831119 403
1396563575.352708610 380
1396563575.377702214 385
1396563575.402666005 360
1396563575.427706215 395
1396563575.452701741 393
1396563575.478586622 389
1396563575.502600470 353
1396563575.527542804 369
1396563575.552588140 377
1396563575.577512870 383
1396563575.602611057 344
1396563575.627466519 299
1396563575.652441014 329
1396563575.677450946 300
1396563575.702455288 373
1396563575.727438710 373
1396563575.752330927 348
1396563575.777312174 358
1396563575.802374115 331
1396563575.826215694 365
1396563575.852207594 359
1396563575.877195948 350
1396563575.902067888 356
1396563575.927070615 344
1396563575.951148774 361
1396563575.977134926 355
1396563576.001986778 348
1396563576.027006389 350
1396563576.051955364 332
1396563576.077016430 351
1396563576.103011007 343
1396563576.126859862 342
1396563576.152815267 346
1396563576.177898659 342
1396563576.202931029 344
1396563576.227884570 342
1396563576.251770115 321
1396563576.277765732 329
1396563576.301769997 283
1396563576.327703062 331
1396563576.352647038 278
1396563576.376580993 324
1396563576.402633402 318
1396563576.426577033 298
1396563576.452577477 326
1396563576.476513524 269
1396563576.502517638 317
1396563576.528508211 305
1396563576.552562333 241
1396563576.578506941 318
1396563576.602556532 275
1396563576.628390424 306
1396563576.652346623 278
1396563576.677325033 301
1396563576.703239980 310
1396563576.727202602 293
1396563576.753260200 298
1396563576.777262750 291
1396563576.802137812 292
1396563576.827120801 301
1396563576.852075660 287
1396563576.878129976 300
1396563576.902020161 289
1396563576.927951212 291
1396563576.952025441 293
1396563576.976956261 288
1396563577.001944158 287
1396563577.027024330 285
1396563577.051874420 284
1396563577.076884614 285
1396563577.101902501 284
1396563577.126809298 278
1396563577.151748339 241
1396563577.176753131 268
1396563577.201726351 272
1396563577.227750905 215
1396563577.252580904 267
1396563577.277664394 226
1396563577.302572620 269
1396563577.327570336 269
1396563577.352449494 259
1396563577.377486289 255
1396563577.402504935 250
1396563577.427499357 255
1396563577.452516070 255
1396563577.477486434 252
1396563577.502379347 240
1396563577.526295472 191
1396563577.552378730 250
1396563577.576370173 250
1396563577.602251181 243
1396563577.627268362 240
1396563577.652197351 223
1396563577.678248627 237
1396563577.702110334 246
1396563577.728122499 236
1396563577.753134332 232
1396563577.778149273 233
1396563577.802929231 231
1396563577.827025955 238
1396563577.853003291 230
1396563577.877022403 229
1396563577.902998347 228
1396563577.927820510 229
1396563577.951874796 232
1396563577.977901971 224
1396563578.002210996 228
1396563578.027747134 229
1396563578.051680840 226
1396563578.077694587 225
1396563578.102771073 223
1396563578.126747698 222
1396563578.152602494 223
1396563578.176641090 223
1396563578.202558659 217
1396563578.226624233 187
1396563578.251507420 214
1396563578.277518611 216
1396563578.301500257 210
1396563578.327442786 214
1396563578.351477734 205
1396563578.377478998 206
1396563578.402493147 200
1396563578.427317109 197
1396563578.453386706 209
1396563578.477178062 192
1396563578.503213743 200
1396563578.527247143 195
1396563578.552250626 192
1396563578.577139350 202
1396563578.602054691 185
1396563578.628159740 192
1396563578.652141769 185
1396563578.677101078 187
1396563578.701945420 200
1396563578.726975511 176
1396563578.751924169 194
1396563578.776987888 166
1396563578.802823991 187
1396563578.827868377 194
1396563578.852867686 186
1396563578.877825757 186
1396563578.902737464 181
1396563578.927782684 190
1396563578.952746250 190
1396563578.977752009 171
1396563579.002741337 187
1396563579.027690439 178
1396563579.052599480 182
1396563579.077604984 183
1396563579.101594843 172
1396563579.127524577 179
1396563579.152442157 172
1396563579.177491179 176
1396563579.202495115 177
1396563579.227487511 175
1396563579.252486328 173
1396563579.276427426 172
1396563579.302395069 169
1396563579.327369672 169
1396563579.352254584 172
1396563579.377236212 173
1396563579.401238655 169
1396563579.427183671 171
1396563579.451115010 172
1396563579.477132391 168
1396563579.502099327 166
1396563579.527136472 161
1396563579.553044129 168
1396563579.577118125 168
1396563579.602992776 161
1396563579.626995074 161
1396563579.652991794 161
1396563579.677899022 161
1396563579.701864332 162
1396563579.727860989 162
1396563579.751806462 161
1396563579.777877793 161
1396563579.801813485 161
1396563579.826696880 162
1396563579.852740752 162
1396563579.876719582 161
1396563579.902621302 162
1396563579.926596546 165
1396563579.952613297 167
1396563579.977578108 162
1396563580.002591627 161
1396563580.028505755 149
1396563580.052432238 145
1396563580.078481408 153
1396563580.102432312 151
1396563580.127482640 150
1396563580.152415099 153
1396563580.177440457 149
1396563580.203352928 153
1396563580.227306128 148
1396563580.252250946 146
1396563580.277249300 148
1396563580.302399373 144
1396563580.327213490 146
1396563580.352411816 140
1396563580.378053551 146
1396563580.402167239 142
1396563580.427220878 122
1396563580.452069831 148
1396563580.477044324 127
1396563580.501902338 137
1396563580.526996830 135
1396563580.551981566 135
1396563580.576980024 145
1396563580.601994310 132
1396563580.626855245 139
1396563580.651912336 121
1396563580.676856185 133
1396563580.702869524 141
1396563580.727744612 132
1396563580.752731284 135
1396563580.777670095 132
1396563580.802716813 133
1396563580.827609996 142
1396563580.851607403 136
1396563580.877610404 142
1396563580.902606898 103
1396563580.927562424 130
1396563580.952484308 135
1396563580.976456734 117
1396563581.004032486 138
1396563581.026395558 126
1396563581.052428927 133
1396563581.077362503 134
1396563581.102368367 131
1396563581.128318618 136
1396563581.152230684 132
1396563581.178280480 128
1396563581.202211222 130
1396563581.228231808 127
1396563581.253231284 131
1396563581.277122536 126
1396563581.303106166 130
1396563581.327099564 130
1396563581.353103272 126
1396563581.377098621 128
1396563581.401993324 104
1396563581.427981463 128
1396563581.451909425 125
1396563581.477984167 127
1396563581.501872770 127
1396563581.527848323 122
1396563581.551852233 126
1396563581.576782709 125
1396563581.602689667 125
1396563581.626729572 124
1396563581.652729196 119
1396563581.676728398 125
1396563581.701742820 126
1396563581.726549191 121
1396563581.751606865 119
1396563581.777602408 122
1396563581.801484064 123
1396563581.827481011 127
1396563581.852417630 122
1396563581.877489227 121
1396563581.902477763 121
1396563581.927474703 101
1396563581.952484663 120
1396563581.977479909 120
1396563582.002307593 119
1396563582.027246500 119
1396563582.052244827 117
1396563582.077244684 121
1396563582.102233254 119
1396563582.127152349 120
1396563582.152227137 119
1396563582.177096123 118
1396563582.202114878 120
1396563582.227093274 118
1396563582.252059250 118
1396563582.277983273 123
1396563582.302988452 118
1396563582.327975554 122
1396563582.352969541 118
1396563582.377853494 119
1396563582.402897415 113
1396563582.426847883 110
1396563582.452855169 116
1396563582.477844667 108
1396563582.502719494 119
1396563582.527668420 118
1396563582.551717104 118
1396563582.577736602 120
1396563582.601603123 111
1396563582.627577073 109
1396563582.652545722 108
1396563582.679212677 108
1396563582.702612260 120
1396563582.726482249 111
1396563582.752448147 116
1396563582.776404387 111
1396563582.802736513 109
1396563582.826474147 114
1396563582.851449151 107
1396563582.877466691 113
1396563582.901344676 108
1396563582.927275365 108
1396563582.951226867 111
1396563582.977195595 111
1396563583.003280362 117
1396563583.027218621 111
1396563583.053089561 112
1396563583.077047259 113
1396563583.103085890 111
1396563583.127070318 112
1396563583.152071373 108
1396563583.177949591 112
1396563583.201911766 113
1396563583.227950345 111
1396563583.251966856 115
1396563583.276928386 114
1396563583.301859600 115
1396563583.326785420 114
1396563583.352829183 107
1396563583.376791619 109
1396563583.402736383 106
1396563583.427738816 110
1396563583.452714708 109
1396563583.477651875 108
1396563583.502753473 109
1396563583.528594842 108
1396563583.552611378 105
1396563583.577533280 104
1396563583.602583271 102
1396563583.627470354 103
1396563583.652458838 102
1396563583.677412774 105
1396563583.701432221 105
1396563583.727422289 110
1396563583.752396784 109
1396563583.777413927 104
1396563583.802339315 102
1396563583.827453899 110
1396563583.852219575 104
1396563583.877159829 104
1396563583.902210383 103
1396563583.927250810 102
1396563583.952104521 104
1396563583.977075942 104
1396563584.001037909 103
1396563584.027079201 103
1396563584.051087484 102
1396563584.076962739 104
1396563584.100982193 97
1396563584.125976832 96
1396563584.152905529 104
1396563584.176850611 102
1396563584.202810278 104
1396563584.227801068 102
1396563584.252831218 103
1396563584.277844611 105
1396563584.301701442 102
1396563584.327734183 101
1396563584.351707145 101
1396563584.377685786 102
1396563584.402711285 104
1396563584.426503026 102
1396563584.452583553 106
1396563584.476600747 102
1396563584.502608412 103
1396563584.525455632 97
1396563584.551398251 96
1396563584.579970894 100
1396563584.601504544 96
1396563584.627559206 97
1396563584.651529052 97
1396563584.677271265 97
1396563584.702323794 104
1396563584.726205066 97
1396563584.752188818 96
1396563584.776186326 97
1396563584.803215870 101
1396563584.826163655 96
1396563584.851115291 96
1396563584.876083879 98
1396563584.901081580 97
1396563584.926132710 96
1396563584.951038022 98
1396563584.976954605 96
1396563585.000966096 99
1396563585.025942156 97
1396563585.050958474 97
1396563585.075909133 97
1396563585.100830658 97
1396563585.126809410 103
1396563585.150808400 97
1396563585.175826955 97
1396563585.200853264 98
1396563585.225714488 97
1396563585.250703617 96
1396563585.277703314 101
1396563585.302704361 101
1396563585.326579097 95
1396563585.351525097 96
1396563585.376578648 98
1396563585.401556765 96
1396563585.426578376 99
1396563585.450472020 97
1396563585.476457253 96
1396563585.501525703 96
1396563585.526460633 97
1396563585.551448162 97
1396563585.575449669 97
1396563585.601324891 91
1396563585.625363707 91
1396563585.651350425 96
1396563585.676192342 98
1396563585.701183474 97
1396563585.727220412 91
1396563585.751160544 91
1396563585.777195750 96
1396563585.801049868 96
1396563585.827083733 96
1396563585.853072825 101
1396563585.876025794 96
1396563585.901901438 96
1396563585.925991492 96
1396563585.951948408 96
1396563585.975932584 92
1396563586.000840907 90
1396563586.026770829 91
1396563586.050821649 90
1396563586.076865487 91
1396563586.100872802 96
1396563586.126802109 97
1396563586.150662081 96
1396563586.175679191 96
1396563586.201664541 86
1396563586.225705810 84
1396563586.251550174 96
1396563586.275519102 86
1396563586.300591995 87
1396563586.325570207 92
1396563586.351550410 287
1396563586.376447720 101
1396563586.400437359 98
1396563586.426396510 97
1396563586.451449792 96
1396563586.476431082 97
1396563586.501263963 85
1396563586.526318910 86
1396563586.552354750 83
1396563586.576200436 89
1396563586.601157198 84
1396563586.626162963 91
1396563586.652212724 246
1396563586.676075902 89
1396563586.701678093 86
1396563586.726057106 80
1396563586.751039504 79
1396563586.775963588 78
1396563586.800943239 79
1396563586.824879688 94
1396563586.851926646 256
1396563586.875938992 91
1396563586.902814130 219
1396563586.925815024 76
1396563586.950826528 79
1396563586.976763230 75
1396563587.000630599 85
1396563587.025695733 81
1396563587.051693391 85
1396563587.075688359 85
1396563587.101643285 89
1396563587.125568682 94
1396563587.150568973 89
1396563587.175589672 82
1396563587.199549239 81
1396563587.226501938 81
1396563587.250401804 83
1396563587.277453728 289
1396563587.301444887 96
1396563587.324423319 96
1396563587.351439983 96
1396563587.374683582 92
1396563587.402297250 233
1396563587.425332375 81
1396563587.449187070 81
1396563587.476194083 81
1396563587.499124684 81
1396563587.526190497 96
1396563587.549190614 87
1396563587.576045186 86
1396563587.602068968 90
1396563587.626025573 91
1396563587.652009348 85
1396563587.674923162 77
1396563587.700936811 77
1396563587.725957997 85
1396563587.749938790 85
1396563587.776743570 79
1396563587.800810449 76
1396563587.825864724 96
1396563587.849866818 92
1396563587.874871706 90
1396563587.899654096 75
1396563587.925708753 75
1396563587.950748397 76
1396563587.974759154 82
1396563588.001646299 81
1396563588.026579426 76
1396563588.051480537 75
1396563588.075459833 92
1396563588.101439621 92
1396563588.126442765 91
1396563588.150459944 77
1396563588.176366381 75
1396563588.200431386 86
1396563588.226439594 85
1396563588.250428637 76
1396563588.275311202 74
1396563588.301333061 75
1396563588.325162010 92
1396563588.352179728 281
1396563588.375188941 89
1396563588.400185745 86
1396563588.426182441 84
1396563588.451006596 74
1396563588.476029122 73
1396563588.500065207 77
1396563588.525053816 81
1396563588.550952250 80
1396563588.574885576 88
1396563588.600936323 204
1396563588.624912377 86
1396563588.651929652 248
1396563588.675812256 72
1396563588.699823445 76
1396563588.725757613 72
1396563588.750831984 74
1396563588.775834956 75
1396563588.801707747 87
1396563588.825689375 89
1396563588.852675124 266
1396563588.875621963 74
1396563588.900553470 71
1396563588.925559304 72
1396563588.949534127 70
1396563588.976552706 65
1396563589.000433961 78
1396563589.025432553 71
1396563589.050453276 85
1396563589.075432324 85
1396563589.101451065 81
1396563589.124360919 78
1396563589.151302552 70
1396563589.176304346 72
1396563589.200321795 73
1396563589.227184786 71
1396563589.250245130 93
1396563589.278130296 299
1396563589.300183344 89
1396563589.325142179 84
1396563589.352173502 80
1396563589.375000530 78
1396563589.401968792 74
1396563589.425048909 73
1396563589.450079601 72
1396563589.476063650 79
1396563589.500939758 81
1396563589.526897055 74
1396563589.549951814 87
1396563589.575911271 86
1396563589.600902152 81
1396563589.624711773 81
1396563589.650823387 72
1396563589.674814622 68
1396563589.700804788 67
1396563589.724645923 81
1396563589.749700356 82
1396563589.775608389 81
1396563589.799626500 80
1396563589.824545384 88
1396563589.849550102 81
1396563589.875499573 80
1396563589.901530939 71
1396563589.926446032 71
1396563589.950429007 86
1396563589.975480617 74
1396563590.000470848 72
1396563590.026358795 85
1396563590.051491828 84
1396563590.075354732 86
1396563590.101292694 77
1396563590.125277941 76
1396563590.151175140 82
1396563590.175120391 80
1396563590.200104415 73
1396563590.226131211 71
1396563590.250066696 73
1396563590.275060515 86
1396563590.301045514 88
1396563590.326946101 86
1396563590.351985688 294
1396563590.375931345 76
1396563590.400909538 82
1396563590.426883341 79
1396563590.450919698 74
1396563590.475853686 71
1396563590.500808975 67
1396563590.524796294 86
1396563590.551794105 84
1396563590.575794405 87
1396563590.601672107 288
1396563590.625671180 86
1396563590.650716924 84
1396563590.677422866 66
1396563590.699524747 77
1396563590.726576471 72
1396563590.750517170 74
1396563590.775602731 72
1396563590.800547263 85
1396563590.824426897 88
1396563590.852405147 292
1396563590.874366618 71
1396563590.900420303 65
1396563590.924417847 67
1396563590.949415118 69
1396563590.976412328 65
1396563590.999293295 85
1396563591.027226616 229
1396563591.051281359 85
1396563591.075182795 86
1396563591.102166451 72
1396563591.125171160 78
1396563591.152170365 72
1396563591.176111264 73
1396563591.200023315 72
1396563591.226043615 72
1396563591.250046379 94
1396563591.278047055 297
1396563591.299994434 95
1396563591.325875148 90
1396563591.349917504 74
1396563591.374922576 75
1396563591.400896907 71
1396563591.424865297 74
1396563591.449810480 72
1396563591.476788016 89
1396563591.500747533 91
1396563591.526791631 82
1396563591.550668165 92
1396563591.576578690 91
1396563591.601704164 72
1396563591.624645501 72
1396563591.651543384 71
1396563591.675545618 77
1396563591.700476833 76
1396563591.725516971 72
1396563591.749431692 73
1396563591.776437517 88
1396563591.799413974 86
1396563591.825434906 90
1396563591.850417969 81
1396563591.875395184 79
1396563591.901411089 70
1396563591.925282251 71
1396563591.950268079 85
1396563591.974317125 74
1396563592.000164322 72
1396563592.026162346 85
1396563592.050159844 84
1396563592.076057315 85
1396563592.099044592 73
1396563592.125030012 73
1396563592.149039283 86
1396563592.176036258 85
1396563592.201091831 72
1396563592.224985113 72
1396563592.251964011 72
1396563592.274914099 86
1396563592.301898860 85
1396563592.324908888 86
1396563592.351769890 295
1396563592.375750586 80
1396563592.399765659 78
1396563592.426780550 75
1396563592.449793801 72
1396563592.475652686 71
1396563592.499645797 77
1396563592.524640190 86
1396563592.551651889 85
1396563592.574550561 82
1396563592.601543988 79
1396563592.626485968 86
1396563592.651527181 72
1396563592.677413076 72
1396563592.700421587 79
1396563592.727409180 76
1396563592.750345518 82
1396563592.776404155 81
1396563592.801387753 85
1396563592.825418672 88
1396563592.853286261 293
1396563592.875216111 80
1396563592.902232295 225
1396563592.925154519 71
1396563592.950105016 74
1396563592.976140066 70
1396563593.000088557 89
1396563593.027968271 273
1396563593.050029694 86
1396563593.076076778 86
1396563593.101081925 72
1396563593.125038456 82
1396563593.150857766 76
1396563593.174969802 77
1396563593.200044177 76
1396563593.225974468 76
1396563593.250370056 91
1396563593.275834976 84
1396563593.299768486 96
1396563593.325785855 93
1396563593.352760564 286
1396563593.374621889 84
1396563593.402658076 222
1396563593.425584729 82
1396563593.450657311 81
1396563593.476547605 90
1396563593.500474368 92
1396563593.526534694 90
1396563593.550538598 92
1396563593.576460203 91
1396563593.601402629 81
1396563593.624419806 81
1396563593.651348342 81
1396563593.674423676 82
1396563593.701350819 81
1396563593.724385728 81
1396563593.751226227 82
1396563593.777293579 90
1396563593.800126978 92
1396563593.827101115 91
1396563593.851115842 86
1396563593.876148015 85
1396563593.902099372 74
1396563593.926006899 75
1396563593.950988939 90
1396563593.974990804 79
1396563594.002048060 76
1396563594.025907876 90
1396563594.050910673 89
1396563594.074902221 91
1396563594.100850120 82
1396563594.125900657 82
1396563594.149776705 85
1396563594.176768253 85
1396563594.200825446 81
1396563594.225726587 82
1396563594.250649225 81
1396563594.274665287 92
1396563594.301682310 91
1396563594.324588864 91
1396563594.350588427 92
1396563594.374482416 82
1396563594.399518159 92
1396563594.427517050 293
1396563594.450524450 81
1396563594.477377736 195
1396563594.501351467 81
1396563594.526377076 91
1396563594.551364019 90
1396563594.576398431 92
1396563594.601374437 90
1396563594.626281584 96
1396563594.651225318 81
1396563594.676274571 80
1396563594.701151965 87
1396563594.726148773 85
1396563594.751150409 87
1396563594.775080241 84
1396563594.801140852 97
1396563594.826031311 93
1396563594.851014949 89
1396563594.876043092 95
1396563594.901881715 294
1396563594.926842847 87
1396563594.951910823 83
1396563594.976905978 78
1396563595.001791729 88
1396563595.027732354 292
1396563595.051712623 91
1396563595.075766792 86
1396563595.101752392 84
1396563595.126661902 90
1396563595.151654823 84
1396563595.176639711 85
1396563595.200541980 85
1396563595.226527272 85
1396563595.250520332 97
1396563595.276511174 96
1396563595.301515520 97
1396563595.326463755 96
1396563595.352374432 296
1396563595.375401999 93
1396563595.402398272 296
1396563595.425359940 91
1396563595.451380150 90
1396563595.475271001 97
1396563595.500270252 96
1396563595.526328870 96
1396563595.550162325 99
1396563595.576127323 97
1396563595.600087061 96
1396563595.626136403 97
1396563595.651169976 90
1396563595.676137678 92
1396563595.702018400 91
1396563595.725968586 96
1396563595.751980202 97
1396563595.775993322 97
1396563595.800899411 98
1396563595.826906831 97
1396563595.850911595 96
1396563595.876837040 96
1396563595.901916234 101
1396563595.925770417 97
1396563595.950939708 96
1396563595.975747825 96
1396563596.001706227 96
1396563596.025707808 96
1396563596.051680188 96
1396563596.076677563 97
1396563596.101574981 97
1396563596.126557152 97
1396563596.151513460 96
1396563596.177449976 96
1396563596.201470070 96
1396563596.226491960 97
1396563596.251511276 96
1396563596.276317429 98
1396563596.301384667 97
1396563596.326386378 97
1396563596.351372345 96
1396563596.376322964 97
1396563596.401222966 98
1396563596.426262065 97
1396563596.452261774 102
1396563596.477259409 101
1396563596.502162891 102
1396563596.525085756 97
1396563596.551156547 96
1396563596.576133912 97
1396563596.601132260 96
1396563596.626009007 99
1396563596.650013350 97
1396563596.675953115 96
1396563596.699984178 98
1396563596.725831866 97
1396563596.751988769 100
1396563596.775833519 97
1396563596.801839876 96
1396563596.826869953 101
1396563596.851784130 97
1396563596.877761850 107
1396563596.902758294 102
1396563596.926790454 97
1396563596.950619585 98
1396563596.977672392 102
1396563597.001655446 107
1396563597.026566048 97
1396563597.050635568 96
1396563597.075437527 97
1396563597.101484805 97
1396563597.126452233 104
1396563597.151507019 96
1396563597.175395985 97
1396563597.201328808 97
1396563597.226390020 97
1396563597.252363621 105
1396563597.277326206 96
1396563597.302396033 104
1396563597.328255524 103
1396563597.352202680 102
1396563597.377254510 111
1396563597.403128929 102
1396563597.427062769 110
1396563597.453155687 107
1396563597.477072620 105
1396563597.502018396 107
1396563597.526986380 101
1396563597.552009267 111
1396563597.577952972 108
1396563597.601905301 102
1396563597.627884833 103
1396563597.651877396 102
1396563597.677461154 106
1396563597.701878750 102
1396563597.727498579 103
1396563597.752699695 105
1396563597.776726589 108
1396563597.801748745 111
1396563597.826763020 109
1396563597.851623934 110
1396563597.876563663 110
1396563597.901658847 109
1396563597.926646421 109
1396563597.952512256 109
1396563597.977476993 117
1396563598.002521424 113
1396563598.027426002 111
1396563598.052391361 106
1396563598.077374699 108
1396563598.102378670 110
1396563598.127355453 110
1396563598.152372589 112
1396563598.177324550 111
1396563598.202377343 109
1396563598.226202570 113
1396563598.252258581 113
1396563598.277147034 110
1396563598.302071967 108
1396563598.327123323 109
1396563598.352150146 108
1396563598.378138115 114
1396563598.401999882 115
1396563598.427958362 111
1396563598.453002754 112
1396563598.477983071 111
1396563598.502996809 115
1396563598.526834730 114
1396563598.552869488 114
1396563598.576806223 116
1396563598.602876234 108
1396563598.627748791 119
1396563598.651747468 119
1396563598.677726787 118
1396563598.701690584 119
1396563598.727749268 118
1396563598.751620053 114
1396563598.777640891 111
1396563598.802643471 112
1396563598.826556026 115
1396563598.852532241 111
1396563598.876524140 123
1396563598.902513269 117
1396563598.926481796 119
1396563598.951380502 119
1396563598.977323551 118
1396563599.001362693 120
1396563599.027349542 111
1396563599.051367181 116
1396563599.077248165 119
1396563599.102320857 114
1396563599.127368501 123
1396563599.153203416 117
1396563599.177202673 118
1396563599.203128418 118
1396563599.227125610 118
1396563599.252078883 125
1396563599.277114828 118
1396563599.301995595 119
1396563599.327996121 118
1396563599.351974646 118
1396563599.376922961 131
1396563599.401990564 121
1396563599.426881158 127
1396563599.451860793 124
1396563599.476866312 124
1396563599.501804890 128
1396563599.527951106 127
1396563599.552835968 131
1396563599.577784849 124
1396563599.602748524 122
1396563599.627758924 125
1396563599.652670223 124
1396563599.676619030 127
1396563599.702635572 124
1396563599.727617538 124
1396563599.752634784 125
1396563599.777426917 122
1396563599.801471803 126
1396563599.827489668 123
1396563599.851424634 125
1396563599.877366992 125
1396563599.902302023 123
1396563599.927363292 128
1396563599.952361332 127
1396563599.976360068 131
1396563600.002207268 129
1396563600.026381257 128
1396563600.052173615 127
1396563600.077232873 130
1396563600.101180668 129
1396563600.127061192 134
1396563600.151052702 127
1396563600.177029963 126
1396563600.201051431 130
