1396564035.732942734 656.561
1396564035.746407935 477.01
1396564035.760628249 477.01
1396564035.774020656 477.01
1396564035.788011499 477.01
1396564035.808047775 477.01
1396564035.821361785 477.01
1396564035.836551285 477.01
1396564035.849011429 477.01
1396564035.862898507 477.01
1396564035.876148091 477.01
1396564035.888444313 477.01
1396564035.901522431 477.01
1396564035.915061864 477.01
1396564035.935411541 477.01
1396564035.950475941 477.01
1396564035.964288022 477.01
1396564035.978419039 477.01
1396564035.991382087 669.286
1396564036.007945414 669.711
1396564036.248586708 675.549
1396564036.265789132 676.12
1396564036.279102024 676.496
1396564036.293255857 676.684
1396564036.305513130 677.056
1396564036.327234817 677.61
1396564036.340828946 677.793
1396564036.356002772 678.157
1396564036.368481217 678.518
1396564036.383562788 678.876
1396564036.395876079 679.054
1396564036.409944603 679.408
1396564036.423363820 679.76
1396564036.448454151 680.281
1396564036.469260964 680.625
1396564036.481868732 680.966
1396564036.495108012 681.305
1396564036.509137262 681.473
1396564036.521576324 681.807
1396564036.536498171 682.138
1396564036.551855765 682.466
1396564036.574261549 682.954
1396564036.588426858 683.114
1396564036.601087080 683.434
1396564036.614860404 683.751
1396564036.628657947 683.908
1396564036.642878364 684.22
1396564036.656803115 684.53
1396564036.671437732 684.837
1396564036.685122395 684.989
1396564036.704232091 685.441
1396564036.942537617 685.739
1396564036.965701348 689.855
1396564036.979148476 690.106
1396564036.991479904 690.354
1396564037.006482227 690.599
1396564037.019943844 690.72
1396564037.032881793 690.961
1396564037.046750176 691.198
1396564037.060249804 691.316
1396564037.073256693 691.549
1396564037.095228746 691.893
1396564037.108983337 692.006
1396564037.123176181 692.23
1396564037.136226334 692.451
1396564037.151633016 692.669
1396564037.165436375 692.777
1396564037.177925773 692.991
1396564037.191363984 693.202
1396564037.215551629 693.512
1396564037.228729619 693.614
1396564037.242732035 693.816
1396564037.256112573 694.014
1396564037.271168686 694.21
1396564037.284232209 694.307
1396564037.296903365 694.498
1396564037.310915297 694.686
1396564037.325348964 694.779
1396564037.349025637 695.053
1396564037.361198846 695.233
1396564037.374850495 695.409
1396564037.388125844 695.496
1396564037.401226492 695.667
1396564037.415099755 695.836
1396564037.431126545 696.001
1396564037.445271693 696.083
1396564037.467733785 696.244
1396564037.480631434 696.48
1396564037.493977914 696.633
1396564037.507875099 696.709
1396564037.520496176 696.858
1396564037.535248141 697.004
1396564037.549217014 697.076
1396564037.561315413 697.217
1396564037.575162012 697.355
1396564037.595523307 697.423
1396564037.608745840 697.623
1396564037.623346033 697.752
1396564037.638545212 697.878
1396564037.652770877 697.94
1396564037.666105595 698.062
1396564037.678857544 698.18
1396564037.693182093 698.238
1396564037.706156453 698.353
1396564037.727415171 698.518
1396564037.742759026 698.624
1396564037.758377684 698.728
1396564037.772046158 698.778
1396564037.784471238 698.877
1396564037.802359106 698.973
1396564037.820561463 699.065
1396564037.833114856 699.155
1396564037.855070777 699.283
1396564037.869677930 699.325
1396564037.882916365 699.405
1396564037.895201823 699.483
1396564037.909514371 699.52
1396564037.921599230 699.593
1396564037.935101193 699.663
1396564037.949119410 699.697
1396564037.963747943 699.762
1396564037.983555860 699.854
1396564037.998460558 699.911
1396564038.012811249 699.939
1396564038.025376041 699.992
1396564038.039551870 700.042
1396564038.055246592 700.088
1396564038.068535672 700.111
1396564038.081363706 700.153
1396564038.095242472 700.192
1396564038.116246614 700.228
1396564038.128865205 700.261
1396564038.142685451 700.291
1396564038.158762198 700.318
1396564038.171990510 700.33
1396564038.184845452 700.352
1396564038.198750210 700.372
1396564038.212728240 700.38
1396564038.224978266 700.395
1396564038.246360864 700.411
1396564038.261192497 700.415
1396564038.273503154 700.42
1396564038.286967780 700.423
1396564038.300897265 700.423
1396564038.312785964 700.42
1396564038.327245472 700.415
1396564038.343178794 700.407
1396564038.366431799 700.388
1396564038.379377034 700.381
1396564038.392862736 700.363
1396564038.407357494 700.342
1396564038.422835317 700.319
1396564038.437899200 700.292
1396564038.452616946 700.277
1396564038.465808200 700.246
1396564038.479617023 700.212
1396564038.502054531 700.174
1396564038.516313848 700.133
1396564038.529181267 700.09
1396564038.542966154 700.043
1396564038.558672110 699.993
1396564038.572755584 699.967
1396564038.586006226 699.913
1396564038.601558666 699.856
1396564038.622471518 699.764
1396564038.636196043 699.732
1396564038.649184551 699.665
1396564038.663723660 699.595
1396564038.676966253 699.559
1396564038.690678099 699.485
1396564038.703843360 699.408
1396564038.718574595 699.328
1396564038.732020706 699.286
1396564038.753247647 699.158
1396564038.767238115 699.068
1396564038.782290279 699.022
1396564038.795906886 698.928
1396564038.809613883 698.831
1396564038.823139800 698.731
1396564038.836940235 698.68
1396564038.852426274 698.575
1396564038.877133028 698.467
1396564039.109065572 696.485
1396564039.137469971 696.169
1396564039.786845425 687.193
1396564039.804072559 686.91
1396564039.821115695 686.624
1396564039.839605307 686.19
1396564039.870108948 685.896
1396564040.113367320 680.807
1396564040.130848040 680.465
1396564040.155431102 680.119
1396564040.172345076 679.596
1396564040.189348840 679.066
1396564040.211561770 678.709
1396564040.232709814 678.168
1396564040.249664938 677.805
1396564040.268419373 677.438
1396564040.293293508 676.882
1396564040.311206137 676.32
1396564040.331591036 675.942
1396564040.346983293 675.561
1396564040.365458594 674.985
1396564040.383114433 674.597
1396564040.617567719 668.659
1396564040.632931593 668.228
1396564040.650908780 667.794
1396564040.674485831 667.139
1396564040.907058152 660.487
1396564040.929614291 659.767
1396564040.947361243 659.284
1396564040.966533593 658.554
1396564040.983736812 658.063
1396564041.001350129 657.571
1396564041.018791385 657.075
1396564041.036986123 656.577
1396564041.061529513 655.826
1396564041.079167582 655.068
1396564041.097738589 654.56
1396564041.114855702 654.049
1396564041.132702645 653.535
1396564041.151076295 652.76
1396564041.168102213 652.24
1396564041.192857813 651.455
1396564041.210946754 650.928
1396564041.228840989 650.399
1396564041.247075395 649.601
1396564041.264773228 649.065
1396564041.282207520 648.527
1396564041.298954157 647.987
1396564041.323166612 647.171
1396564041.341925549 646.625
1396564041.359405594 645.8
1396564041.377245653 645.247
1396564041.393832956 644.691
1396564041.412251259 644.133
1396564041.437049501 643.572
1396564041.455088664 642.444
1396564041.472701016 641.875
1396564041.490031945 641.305
1396564041.507480678 640.732
1396564041.525271249 640.157
1396564041.543200092 639.289
1396564041.567880695 638.416
1396564041.584828669 637.83
1396564041.604230537 637.243
1396564041.621574498 636.653
1396564041.639841989 635.763
1396564041.659392054 635.167
1396564041.676518694 634.569
1396564041.705416029 633.667
1396564041.730660880 632.455
1396564041.746038421 631.846
1396564041.765101950 631.234
1396564041.782701757 630.313
1396564041.800203231 629.695
1396564041.823552569 628.765
1396564041.841456956 628.141
1396564041.859791537 627.516
1396564041.877454331 626.888
1396564041.894324947 625.941
1396564041.912700177 625.308
1396564041.932063317 624.672
1396564041.956620029 623.713
1396564041.972104469 623.072
1396564041.988820421 622.428
1396564042.006593125 621.457
1396564042.024323403 620.808
1396564042.042859206 620.156
1396564042.060146939 619.501
1396564042.085470160 618.516
1396564042.103204290 617.525
1396564042.122793936 616.862
1396564042.139071017 616.197
1396564042.374660421 605.952
1396564042.393152359 605.252
1396564042.411871439 604.549
1396564042.429159535 603.845
1396564042.446942400 602.784
1396564042.473572222 601.718
1396564042.494718566 601.005
1396564042.516214002 599.931
1396564042.534447310 598.853
1396564042.555599597 598.132
1396564042.571357471 597.408
1396564042.593967540 596.319
1396564042.610974831 595.591
1396564042.627219736 594.86
1396564042.643139725 594.128
1396564042.661410078 593.025
1396564042.679097418 592.288
1396564042.697195347 591.548
1396564042.721666319 590.435
1396564042.738926392 589.69
1396564042.755944843 588.944
1396564042.773575142 588.196
1396564042.791533870 587.069
1396564042.808972914 586.316
1396564042.826279583 585.561
1396564042.849477149 584.425
1396564042.868474465 583.665
1396564042.885111478 582.903
1396564042.903068230 581.757
1396564042.923048040 580.991
1396564042.940219674 580.222
1396564042.957240564 579.452
1396564043.189970874 568.082
1396564043.207150251 566.885
1396564043.231409676 565.684
1396564043.249190612 564.881
1396564043.268352749 564.077
1396564043.284944367 563.271
1396564043.303860557 562.059
1396564043.321169627 561.249
1396564043.339033206 560.438
1396564043.361673946 559.218
1396564043.379175862 558.403
1396564043.394893806 557.587
1396564043.411085455 556.77
1396564043.427337748 555.951
1396564043.449207313 554.72
1396564043.471447092 553.487
1396564043.496794325 552.252
1396564043.516084076 551.427
1396564043.535070540 550.601
1396564043.558719663 548.946
1396564043.576435938 548.117
1396564043.597490145 547.287
1396564043.626754929 545.625
1396564043.645191338 544.793
1396564043.661034936 543.96
1396564043.678473223 542.709
1396564043.697413696 541.875
1396564043.722910962 540.622
1396564043.745528082 539.368
1396564043.764648264 538.531
1396564043.781003075 537.694
1396564043.800051878 536.438
1396564043.823192478 535.181
1396564043.841775564 534.342
1396564043.868936562 533.504
1396564043.885826586 531.826
1396564043.904261552 530.987
1396564043.922710842 530.148
1396564043.938968640 529.308
1396564043.956058024 528.469
1396564043.973069524 527.63
1396564043.998148829 525.951
1396564044.014894700 525.112
1396564044.032962396 524.273
1396564044.049182064 523.435
1396564044.067838671 522.596
1396564044.084948990 521.758
1396564044.102690085 520.502
1396564044.127284447 519.246
1396564044.144944252 518.41
1396564044.163986267 517.574
1396564044.181000786 516.738
1396564044.198343213 515.486
1396564044.215042256 514.652
1396564044.233199266 513.818
1396564044.255578788 512.569
1396564044.272233237 511.738
1396564044.290896000 510.907
1396564044.320108006 509.247
1396564044.545485248 497.749
1396564044.564220064 496.937
1396564044.582884087 495.722
1396564044.600682385 494.914
1396564044.619071340 494.107
1396564044.642779838 492.901
1396564044.662307803 492.098
1396564044.681946847 490.897
1396564044.696809615 490.099
1396564044.717593106 489.303
1396564044.734881091 488.111
1396564044.752312048 487.319
1396564044.779066798 486.135
1396564044.796766418 485.348
1396564044.815089538 484.171
1396564044.834806851 483.389
1396564044.852983210 482.61
1396564044.871108949 481.444
1396564044.895584817 480.283
1396564044.914701949 479.511
1396564044.933515790 478.742
1396564044.951325418 477.592
1396564044.970709132 476.829
1396564044.991355072 475.687
1396564045.009462968 474.928
1396564045.037135471 473.795
1396564045.054300143 472.666
1396564045.072272519 471.916
1396564045.089583915 471.169
1396564045.108225350 470.424
1396564045.126183499 469.31
1396564045.152554911 468.202
1396564045.169685442 467.466
1396564045.188556904 466.733
1396564045.207057877 465.637
1396564045.225380736 464.91
1396564045.245304381 464.185
1396564045.263586413 463.101
1396564045.288755188 462.023
1396564045.308322261 461.308
1396564045.326446159 460.239
1396564045.344678582 459.53
1396564045.361079017 458.823
1396564045.380256733 458.118
1396564045.411953935 456.717
1396564045.639776568 446.852
1396564045.666845375 445.862
1396564045.684650681 445.205
1396564045.702651900 444.224
1396564045.720941852 443.574
1396564045.740074051 442.926
1396564045.758677638 441.959
1396564045.776383354 441.317
1396564045.801203098 440.36
1396564045.820706170 439.725
1396564045.839143222 438.777
1396564045.863784960 438.149
1396564046.108796260 428.742
1396564046.556829693 413.493
1396564046.574635731 412.438
1396564046.592838820 411.912
1396564046.612586052 411.388
1396564046.630309714 410.604
1396564046.648410803 410.083
1396564046.668309857 409.562
1396564046.693044619 408.783
1396564046.712691912 408.007
1396564046.732174768 407.49
1396564046.750185509 406.716
1396564046.769469056 406.201
1396564046.784812602 405.687
1396564046.811948733 405.173
1396564046.831074500 404.148
1396564046.848807247 403.635
1396564046.868426680 403.123
1396564046.886298356 402.356
1396564046.904816981 401.845
1396564046.924007810 401.334
1396564046.949818740 400.568
1396564046.967210110 399.802
1396564046.985168817 399.291
1396564047.003039956 398.78
1396564047.020436589 398.269
1396564047.039840648 397.502
1396564047.057798289 396.99
1396564047.084077525 396.222
1396564047.102419893 395.453
1396564047.120858325 394.94
1396564047.139004917 394.426
1396564047.783804194 372.534
1396564047.802998763 371.951
1396564047.820938122 371.365
1396564047.845005500 370.482
1396564047.864939821 369.592
1396564047.881035574 368.996
1396564047.902935356 368.397
1396564047.927188061 367.191
1396564047.952058127 366.28
1396564047.977155704 365.363
1396564047.998298459 364.748
1396564048.015159282 363.822
1396564048.033815271 363.2
1396564048.052124893 362.577
1396564048.071035097 361.636
1396564048.095437213 360.689
1396564048.116134072 360.055
1396564048.135059924 359.098
1396564048.151285586 358.457
1396564048.170377075 357.814
1396564048.188081609 357.168
1396564048.207019297 356.194
1396564048.233050903 355.214
1396564048.251871574 354.557
1396564048.271125482 353.567
1396564048.515380932 343.706
1396564048.534296159 342.305
1396564048.551534535 341.6
1396564048.570932000 340.893
1396564048.588546975 340.184
1396564048.612898110 339.115
1396564048.631784013 338.041
1396564048.650601928 337.322
1396564048.672254783 336.6
1396564048.696495786 335.15
1396564048.716287320 334.421
1396564048.740809109 333.323
1396564048.759109110 332.22
1396564048.777284108 331.481
1396564048.797128755 330.741
1396564048.814807019 329.625
1396564048.832918311 328.879
1396564048.859747595 328.13
1396564048.878480268 326.625
1396564048.896038939 325.87
1396564048.916436599 325.112
1396564048.934283635 323.971
1396564048.951406548 323.208
1396564048.969276692 322.443
1396564048.993367229 321.291
1396564049.014308526 320.135
1396564049.032730442 319.361
1396564049.052219536 318.585
1396564049.069029521 317.807
1396564049.087708991 316.636
1396564049.106926681 315.853
1396564049.131058097 314.674
1396564049.157297472 313.096
1396564049.174749412 312.303
1396564049.193307565 311.51
1396564049.212032249 310.714
1396564049.229029980 309.916
1396564049.252927321 308.716
1396564049.271512341 307.512
1396564049.289476930 306.708
1396564049.306733693 305.902
1396564049.323475010 305.094
1396564049.341830088 303.879
1396564049.359276128 303.068
1396564049.384327785 301.848
1396564049.401748844 301.033
1396564049.420150173 300.216
1396564049.437030906 299.398
1396564049.455261781 298.169
1396564049.473355035 297.348
1396564049.490741967 296.526
1396564049.516221047 295.291
1396564049.534439702 294.053
1396564049.551721529 293.226
1396564049.568901919 292.399
1396564049.585849348 291.57
1396564049.602903645 290.741
1396564049.627401925 289.911
1396564049.643404445 288.663
1396564049.662216723 287.415
1396564049.679281604 286.581
1396564049.696926267 285.747
1396564049.714984187 284.912
1396564049.731030798 284.077
1396564049.760349016 283.241
1396564049.989076489 270.655
1396564050.014239268 268.975
1396564050.031820265 268.135
1396564050.049682511 267.295
1396564050.067730353 266.455
1396564050.085029112 265.615
1396564050.102981569 264.356
1396564050.121175021 263.518
1396564050.148302608 262.26
1396564050.163805759 261.422
1396564050.181027266 260.584
1396564050.198970400 259.329
1396564050.217822461 258.493
1396564050.236155925 257.657
1396564050.252532544 256.822
1396564050.277025065 255.571
1396564050.294481956 254.321
1396564050.313408386 253.488
1396564050.330590237 252.657
1396564050.347899135 251.826
1396564050.365174348 250.997
1396564050.382236851 249.754
1396564050.663443390 248.513
1396564050.693048467 234.242
1396564050.710971875 233.04
1396564050.728925913 232.24
1396564050.744661619 231.443
1396564050.763416610 230.647
1396564050.788980794 229.457
1396564050.810358794 228.27
1396564050.832798370 227.088
1396564050.848977785 226.301
1396564050.869414063 225.126
1396564050.887027286 224.344
1396564050.911399123 223.175
1396564050.930022279 222.398
1396564050.946941142 221.623
1396564050.964179701 220.849
1396564050.982101536 219.692
1396564051.000270179 218.924
1396564051.278419129 218.157
1396564051.300710013 205.048
1396564051.320363354 203.953
1396564051.338067529 203.225
1396564051.355039662 202.5
1396564051.377066602 201.776
1396564051.396956538 200.695
1396564051.423411697 199.26
1396564051.442163531 198.546
1396564051.458853604 197.834
1396564051.476148807 197.124
1396564051.493239878 196.416
1396564051.511024064 195.358
1396564051.528686338 194.656
1396564051.554942281 193.606
1396564051.571025164 192.909
1396564051.586890196 192.214
1396564051.603396375 191.521
1396564051.620638573 190.831
1396564051.638983221 189.799
1396564051.656891207 189.114
1396564051.682291759 188.091
1396564051.698979454 187.411
1396564051.716879138 186.734
1396564051.734860757 185.722
1396564051.751326483 185.05
1396564051.769033159 184.381
1396564051.786878805 183.714
1396564051.809408140 182.717
1396564051.825834404 182.055
1396564051.843416552 181.396
1396564051.860502727 180.738
1396564051.878666275 179.757
1396564051.896267935 179.105
1396564051.914917068 178.456
1396564051.937692901 177.486
1396564051.957153932 176.842
1396564051.978909577 175.881
1396564051.996137783 175.243
1396564052.013997593 174.29
1396564052.031746518 173.658
1396564052.048392973 173.028
1396564052.074984269 172.087
1396564052.094254606 171.463
1396564052.117965441 170.222
1396564052.135362922 169.605
1396564052.152632430 168.99
1396564052.169685259 168.378
1396564052.193349850 167.463
1396564052.212333339 166.857
1396564052.230563461 165.952
1396564052.248033780 165.351
1396564052.265347937 164.753
1396564052.283282263 164.157
1396564052.302267387 163.268
1396564052.326975305 162.384
1396564052.344880709 161.798
1396564052.363757156 161.215
1396564052.381217751 160.633
1396564052.398782550 159.766
1396564052.416529195 159.191
1396564052.444854827 158.618
1396564052.465045369 157.48
1396564052.486909002 156.634
1396564052.504327660 156.072
1396564052.521085732 155.513
1396564052.540104018 154.956
1396564052.558386309 154.403
1396564052.583188693 153.302
1396564052.600661346 152.755
1396564052.617522179 152.211
1396564052.635828245 151.67
1396564052.653384508 150.863
1396564052.671771864 150.328
1396564052.688706197 149.795
1396564052.713028363 149.001
1396564052.730790937 148.475
1396564052.747460744 147.951
1396564052.764167359 147.43
1396564052.782905699 146.654
1396564052.799964602 146.139
1396564052.819640540 145.627
1396564052.843343696 144.864
1396564052.862162547 144.359
1396564053.095703316 137.325
1396564053.120855894 136.399
1396564053.139350317 135.94
1396564053.156706386 135.484
1396564053.173984904 134.804
1396564053.193930314 134.355
1396564053.215507996 133.685
1396564053.232650676 133.242
1396564053.251397423 132.802
1396564053.270187172 132.147
1396564053.287143315 131.714
1396564053.305158158 131.283
1396564053.322760926 130.856
1396564053.345408379 130.219
1396564053.364994184 129.798
1396564053.382341010 129.172
1396564053.399255643 128.758
1396564053.417076526 128.347
1396564053.437343441 127.938
1396564053.452967177 127.533
1396564053.477265012 126.929
1396564053.494381814 126.332
1396564053.512332952 125.938
1396564053.529241877 125.546
1396564053.546750366 125.157
1396564053.566026206 124.579
1396564053.583006982 124.197
1396564053.608969956 123.629
1396564053.626757050 123.254
1396564053.643403749 122.882
1396564053.662791284 122.329
1396564053.679645110 121.964
1396564053.697165096 121.602
1396564053.715052025 121.243
1396564053.739267180 120.709
1396564053.758012378 120.357
1396564053.775633611 119.834
1396564053.792836994 119.489
1396564053.810825605 119.147
1396564053.835658873 118.808
1396564053.860404289 118.138
1396564053.878380509 117.643
1396564053.896123619 117.316
1396564053.913277255 116.993
1396564053.931029521 116.672
1396564053.948821026 116.355
1396564053.967148981 115.883
1396564053.993777816 115.419
1396564054.008948092 115.113
1396564054.025025684 114.81
1396564054.042465341 114.509
1396564054.062537105 114.212
1396564054.087028799 113.626
1396564054.111404954 113.194
1396564054.128877574 112.91
1396564054.147002130 112.629
1396564054.165330274 112.212
1396564054.183174860 111.938
1396564054.201000382 111.667
1396564054.220066680 111.399
1396564054.244780008 111.002
1396564054.262648799 110.613
1396564054.280915352 110.356
1396564054.297372678 110.103
1396564054.314894834 109.853
1396564054.331259052 109.605
1396564054.347978245 109.361
1396564054.372638865 109
1396564054.390949017 108.645
1396564054.409289641 108.413
1396564054.426750329 108.183
1396564054.444765141 107.957
1396564054.463265653 107.622
1396564054.480918965 107.403
1396564054.505335176 107.08
1396564054.523332170 106.868
1396564054.540921950 106.66
1396564054.558373411 106.352
1396564054.575246403 106.151
1396564054.592708678 105.953
1396564054.608867818 105.758
1396564054.635725507 105.471
1396564054.654368690 105.19
1396564054.671246575 105.007
1396564054.688842812 104.827
1396564054.705762102 104.65
1396564054.722897635 104.476
1396564054.747371454 104.305
1396564054.764539127 104.054
1396564054.782956072 103.809
1396564054.800022770 103.65
1396564054.816866640 103.494
1396564054.833392449 103.341
1396564054.851017466 103.191
1396564054.875358468 103.044
1396564054.892129548 102.83
1396564054.910135438 102.622
1396564054.928265582 102.487
1396564054.946772529 102.355
1396564054.964234036 102.227
1396564054.981012565 102.101
1396564055.006657329 101.859
1396564055.023868638 101.742
1396564055.040928033 101.629
1396564055.057317686 101.518
1396564055.076865030 101.411
1396564055.094160403 101.256
1396564055.111197737 101.156
1396564055.135389347 101.012
1396564055.153023577 100.92
1396564055.170864969 100.831
1396564055.188606469 100.744
1396564055.204368374 100.661
1396564055.222496300 100.543
1396564055.240079418 100.467
1396564055.263395475 100.36
1396564055.280871094 100.292
1396564055.297744680 100.228
1396564055.315742645 100.166
1396564055.332835331 100.108
1396564055.350988773 100.026
1396564055.368813254 99.975
1396564055.393192141 99.904
1396564055.411821477 99.861
1396564055.429016767 99.821
1396564055.447691749 99.766
1396564055.464840892 99.734
1396564055.481393263 99.704
1396564055.499384949 99.678
1396564055.521391979 99.644
1396564055.538858385 99.625
1396564055.555013458 99.61
1396564055.575562213 99.592
1396564055.590990510 99.584
1396564055.608952411 99.579
1396564055.624997310 99.577
1396564055.649243342 99.58
1396564055.666934865 99.586
1396564055.684486940 99.595
1396564055.702171767 99.614
1396564055.719238306 99.631
1396564055.736617318 99.65
1396564055.756490998 99.673
1396564055.780646858 99.713
1396564055.799112343 99.759
1396564055.816869274 99.794
1396564055.833268961 99.832
1396564055.852825839 99.874
1396564055.870611016 99.941
1396564055.888550360 99.99
1396564055.912688240 100.068
1396564055.930760973 100.125
1396564055.946957888 100.184
1396564055.964317763 100.247
1396564055.982137883 100.346
1396564055.998871849 100.416
1396564056.018765867 100.49
1396564056.042936332 100.605
1396564056.059735548 100.686
1396564056.076929471 100.77
1396564056.097182512 100.902
1396564056.119768966 101.04
1396564056.137160706 101.136
1396564056.161218758 101.286
1396564056.178742309 101.39
1396564056.196007569 101.497
1396564056.212617920 101.607
1396564056.230372324 101.777
1396564056.248302190 101.894
1396564056.264810049 102.015
1396564056.287232821 102.201
1396564056.304735673 102.329
1396564056.322809913 102.461
1396564056.340057033 102.595
1396564056.358233604 102.802
1396564056.375305739 102.943
1396564056.392665786 103.088
1396564056.417395674 103.311
1396564056.435819556 103.464
1396564056.453113323 103.619
1396564056.470691897 103.858
1396564056.488243479 104.021
1396564056.504986104 104.187
1396564056.523363637 104.356
1396564056.548863080 104.615
1396564056.566753338 104.881
1396564056.584870662 105.062
1396564056.602874349 105.246
1396564056.620802158 105.433
1396564056.638860612 105.719
1396564056.656763245 105.914
1396564056.680964127 106.211
1396564056.699680539 106.413
1396564056.726261380 106.826
1396564056.743243965 107.038
1396564056.761271587 107.252
1396564056.777003019 107.469
1396564056.799731113 107.8
1396564056.818859756 108.024
1396564056.836930928 108.252
1396564056.854137787 108.599
1396564056.872150070 108.834
1396564056.889360154 109.071
1396564056.907123088 109.312
1396564056.929086923 109.679
1396564056.946846612 109.928
1396564056.964057565 110.179
1396564056.980607332 110.433
1396564056.998586231 110.82
1396564057.016712359 111.081
1396564057.035354740 111.346
1396564057.057249354 111.748
1396564057.074891812 112.02
1396564057.090930475 112.295
1396564057.108869780 112.573
1396564057.126360183 112.995
1396564057.145071057 113.28
1396564057.160978543 113.568
1396564057.183357663 114.005
1396564057.201231412 114.301
1396564057.217481792 114.599
1396564057.235588799 114.9
1396564057.254001545 115.357
1396564057.272680430 115.666
1396564057.288659820 115.977
1396564057.312659584 116.45
1396564057.331017306 116.768
1396564057.347934067 117.09
1396564057.366864946 117.577
1396564057.384746087 117.906
1396564057.402509914 118.238
1396564057.419468298 118.572
1396564057.446505777 119.079
1396564057.471689101 119.765
1396564057.489898268 120.112
1396564057.505011484 120.463
1396564057.524426872 120.816
1396564057.542298031 121.351
1396564057.567120090 121.892
1396564057.584857205 122.256
1396564057.601685579 122.624
1396564057.618887471 122.994
1396564057.635575477 123.366
1396564057.653103620 123.742
1396564057.670731045 124.311
1396564057.695446858 124.886
1396564057.713802156 125.273
1396564057.730938834 125.663
1396564057.747315098 126.056
1396564057.766230859 126.65
1396564057.784057646 127.049
1396564057.801010626 127.452
1396564057.825480297 128.061
1396564057.843076349 128.47
1396564057.859505151 128.882
1396564057.878191603 129.505
1396564057.895377298 129.924
1396564057.914354425 130.346
1396564057.931284753 130.771
1396564057.957373232 131.412
1396564057.974478552 132.061
1396564057.992602620 132.496
1396564058.010149719 132.934
1396564058.028629892 133.375
1396564058.047005495 134.042
1396564058.064721767 134.489
1396564058.089819542 135.166
1396564058.107229194 135.62
1396564058.124316048 136.078
1396564058.142807996 136.768
1396564058.159752249 137.232
1396564058.177875689 137.699
1396564058.194744847 138.168
1396564058.218586450 138.877
1396564058.235696862 139.353
1396564058.262693162 140.313
1396564058.280054087 140.797
1396564058.297223627 141.283
1396564058.315508194 141.773
1396564058.338457015 142.511
1396564058.355020624 143.007
1396564058.372814596 143.505
1396564058.390728515 144.258
1396564058.408352346 144.763
1396564058.426743968 145.271
1396564058.443249545 145.781
1396564058.465606126 146.551
1396564058.484364720 147.067
1396564058.500893919 147.587
1396564058.518506635 148.37
1396564058.536321977 148.896
1396564058.553674864 149.424
1396564058.570994208 149.955
1396564058.593310996 150.756
1396564058.610743382 151.293
1396564058.628368843 151.832
1396564058.647451960 152.647
1396564058.664168462 153.193
1396564058.680719446 153.741
1396564058.697596798 154.292
1396564058.723678130 155.123
1396564058.740999444 155.681
1396564058.758117346 156.521
1396564058.774863417 157.085
1396564058.792596247 157.651
1396564058.808982288 158.219
1396564058.828076446 158.79
1396564058.852751270 159.651
1396564058.871737941 160.518
1396564058.888369146 161.098
1396564058.904985874 161.681
1396564058.923023149 162.267
1396564058.939431682 162.855
1396564058.958226822 163.742
1396564058.982682151 164.634
1396564059.000246347 165.231
1396564059.018578545 165.831
1396564059.036805177 166.434
1396564059.054475791 167.342
1396564059.072646080 167.95
1396564059.088687048 168.561
1396564059.113012298 169.482
1396564059.130739877 170.098
1396564059.146966428 170.717
1396564059.164991495 171.339
1396564059.182224198 172.275
1396564059.199179474 172.902
1396564059.218887536 173.532
1396564059.242721719 174.48
1396564059.258938450 175.116
1396564059.276370579 175.753
1396564059.294245393 176.714
1396564059.311291442 177.357
1396564059.328720116 178.003
1396564059.346762783 178.651
1396564059.370608037 179.626
1396564059.387964635 180.28
1396564059.404492150 180.936
1396564059.423092508 181.923
1396564059.440181002 182.585
1396564059.456715671 183.248
1396564059.474920448 183.914
1396564059.498987600 184.916
1396564059.515998955 185.588
1396564059.534029438 186.599
1396564059.552660635 187.275
1396564059.570848099 187.954
1396564059.589128902 188.977
1396564059.615067978 190.005
1396564059.634800749 190.692
1396564059.658700705 191.728
1396564059.675462394 192.422
1396564059.692509380 193.117
1396564059.711071957 194.164
1396564059.730873711 194.865
1396564059.751907990 195.92
1396564059.770840207 196.626
1396564059.788242047 197.334
1396564059.804616087 198.044
1396564059.823340955 199.114
1396564059.842538494 199.829
1396564059.858722843 200.547
1396564059.882746454 201.627
1396564059.899375666 202.35
1396564059.915366550 203.075
1396564059.932840561 203.802
1396564059.950477672 204.896
1396564059.968035549 205.628
1396564059.984961066 206.361
1396564060.010670897 207.466
1396564060.028546572 208.205
1396564060.046890439 209.317
1396564060.065111865 210.061
1396564060.083779023 210.807
1396564060.100499725 211.554
1396564060.126215105 213.056
1396564060.143537676 213.809
1396564060.161087280 214.565
1396564060.179190313 215.322
1396564060.196837907 216.081
1396564060.216212400 217.224
1396564060.232718745 217.988
1396564060.257612259 219.137
1396564060.278715316 219.906
1396564060.303032415 221.448
1396564060.318588790 222.223
1396564060.337209466 222.999
1396564060.356091422 223.776
1396564060.385313002 225.337
1396564060.402712147 226.12
1396564060.421173553 227.298
1396564060.439193914 228.086
1396564060.456531525 228.875
1396564060.475339336 229.666
1396564060.493170950 230.459
1396564060.517302850 231.652
1396564060.534999582 232.848
1396564060.552855807 233.648
1396564060.570843874 234.449
1396564060.587959700 235.252
1396564060.606972803 236.46
1396564060.624993752 237.267
1396564060.649032754 238.48
1396564060.668359887 239.291
1396564060.684484541 240.103
1396564060.702157012 241.325
1396564060.719092995 242.14
1396564060.737228714 242.957
1396564060.754858243 243.776
1396564060.778740454 245.005
1396564060.796057694 245.827
1396564060.812789268 246.649
1396564060.831204645 247.885
1396564060.848745453 248.711
1396564060.868151749 249.537
1396564060.892637164 250.364
1396564060.910083789 252.021
1396564060.926832577 252.851
1396564060.945157928 253.682
1396564060.961616407 254.513
1396564060.980044004 255.346
1396564060.997497381 256.595
1396564061.022903924 257.847
1396564061.040784123 258.681
1396564061.058628372 259.517
1396564061.076831517 260.353
1396564061.094244198 261.608
1396564061.111986575 262.445
1396564061.128959003 263.282
1396564061.151041243 264.539
1396564061.170627539 265.378
1396564061.186866234 266.216
1396564061.204363897 267.055
1396564061.224049965 268.314
1396564061.240959594 269.153
1396564061.258652717 269.992
1396564061.287021538 271.251
1396564061.310713112 272.929
1396564061.328319404 273.769
1396564061.345459732 274.608
1396564061.367181231 275.447
1396564061.391525957 277.124
1396564061.415857978 278.381
1396564061.435336064 279.219
1396564064.528493945 407.454
1396564064.547687503 407.971
1396564064.566584662 408.748
1396564064.583042024 409.267
1396564064.607537136 410.048
1396564064.625312394 410.569
1396564064.644411776 411.092
1396564064.662087722 411.879
1396564064.680255474 412.404
1396564064.697796445 412.932
1396564064.715924960 413.46
1396564064.740936636 414.256
1396564064.758585827 415.054
1396564064.776588159 415.589
1396564064.795629497 416.125
1396564064.813307660 416.663
1396564064.832203916 417.472
1396564064.859658239 418.014
1396564064.878209086 419.104
1396564064.896187225 419.652
1396564064.913185815 420.202
1396564064.932827176 420.754
1396564064.950881734 421.586
1396564064.968977600 422.143
1396564064.993356173 422.983
1396564065.011918023 423.546
1396564065.030189319 424.396
1396564065.048627360 424.965
1396564065.066750189 425.536
1396564065.084937537 426.111
1396564065.103037892 426.977
1396564065.129205904 427.849
1396564065.148426270 428.434
1396564065.166760096 429.316
1396564065.185059469 429.907
1396564065.204453625 430.502
1396564065.222949248 431.398
1396564065.247308636 432.3
1396564065.265684395 432.905
1396564065.505389917 442.291
1396564065.524793595 442.937
1396564065.543753397 443.912
1396564065.561001130 444.566
1396564065.579611512 445.221
1396564065.598014340 446.21
1396564065.616545031 446.872
1396564065.640966372 447.87
1396564065.660028508 448.539
1396564065.677919608 449.546
1396564065.696057422 450.221
1396564065.714550371 450.899
1396564065.732592726 451.579
1396564065.759928512 452.946
1396564065.779879662 453.634
1396564065.797327610 454.67
1396564065.815954569 455.364
1396564065.834708629 456.06
1396564065.852931723 456.759
1396564065.871764800 457.812
1396564065.896929367 458.87
1396564065.918120884 459.579
1396564065.934897313 460.646
1396564065.952552455 461.361
1396564065.971938701 462.078
1396564065.990076328 463.159
1396564066.015254273 464.244
1396564066.032697459 464.971
1396564066.051600209 465.7
1396564066.070118114 466.799
1396564066.087016082 467.534
1396564066.104676693 468.272
1396564066.124928693 469.012
1396564066.151077585 470.499
1396564066.169076296 471.246
1396564066.187852490 471.995
1396564066.206555068 473.123
1396564066.225197725 473.878
1396564066.242646742 474.635
1396564066.267702005 475.394
1396564066.286097762 476.919
1396564066.304000712 477.684
1396564066.322874165 478.452
1396564066.340704144 479.222
1396564066.358670758 480.381
1396564066.377443799 481.156
1396564066.404413056 482.323
1396564066.421553116 483.103
1396564066.439222847 484.278
1396564066.456622771 485.063
1396564066.473774981 485.851
1396564066.491323889 486.64
1396564066.507949971 487.432
1396564066.532709632 488.623
1396564066.558552906 490.217
1396564066.576487933 491.016
1396564066.592808715 491.818
1396564066.610643498 492.621
1396564066.626554367 493.426
1396564066.651944213 494.232
1396564066.668993488 495.445
1396564066.687052089 496.661
1396564066.704670305 497.474
1396564066.721175645 498.288
1396564066.739709781 499.103
1396564066.755817649 499.92
1396564066.783318231 501.557
1396564066.799926259 502.378
1396564066.816703407 503.199
1396564066.845483082 504.022
1396564066.879941992 506.498
1396564066.897199391 507.325
1396564066.922761633 508.567
1396564066.942110877 509.397
1396564066.958053846 510.643
1396564066.974854913 511.475
1396564066.993419735 512.307
1396564067.010644871 513.141
1396564067.026923018 513.975
1396564067.049177123 515.227
1396564067.067129596 516.062
1396564067.085944696 517.317
1396564067.103704024 518.154
1396564067.121043978 518.991
1396564067.138933301 519.829
1396564067.163009182 520.667
1396564067.179172166 521.925
1396564067.196420977 522.764
1396564067.214546477 524.024
1396564067.233689371 524.863
1396564067.251672825 525.703
1396564067.269238413 526.964
1396564067.295063310 528.224
1396564067.312152462 529.064
1396564067.331176154 529.905
1396564067.349172465 530.745
1396564067.374550232 532.425
1396564067.392922309 533.265
1396564067.419075040 534.104
1396564067.436881383 535.363
1396564067.454238208 536.622
1396564067.470997559 537.46
1396564067.488551131 538.298
1396564067.505277951 539.136
1396564067.523311210 539.973
1396564067.548822071 541.228
1396564067.566916487 542.482
1396564067.585713695 543.317
1396564067.602694654 544.151
1396564067.618863396 544.985
1396564067.636370341 545.818
1396564067.653984128 547.066
1396564067.679319758 548.312
1396564067.696366956 549.141
1396564067.714628801 549.97
1396564067.731916188 550.798
1396564067.748789447 551.624
1396564067.767255379 552.863
1396564067.786697240 553.687
1396564067.810209650 554.921
1396564067.828046008 555.742
1396564067.846807338 556.971
1396564067.863991181 557.789
1396564067.880796022 558.606
1396564067.898758842 559.422
1396564067.915917477 560.236
1396564067.940666278 561.454
1396564067.958110357 562.669
1396564067.974907171 563.477
1396564067.992764860 564.283
1396564068.010696955 565.088
1396564068.029432951 565.892
1396564068.062068457 567.892
1396564068.079358802 568.69
1396564068.096537850 569.485
1396564068.114382334 570.279
1396564068.131447808 571.071
1396564068.155155789 571.861
1396564068.174749569 573.436
1396564068.200567482 574.613
1396564068.217762468 575.395
1396564068.235879377 576.176
1396564068.252713306 576.954
1396564068.270041967 578.119
1396564068.288610745 578.893
1396564068.305165589 579.665
1396564068.329111121 580.82
1396564068.347834627 581.587
1396564068.366066108 582.735
1396564068.384309879 583.498
1396564068.401166957 584.259
1396564068.418544893 585.018
1396564068.443067585 585.775
1396564068.459933923 586.907
1396564068.478414201 588.035
1396564068.494912150 588.784
1396564068.512406028 589.531
1396564068.529680461 590.277
1396564068.547931248 591.02
1396564068.574747368 592.501
1396564068.591911772 593.238
1396564068.609184968 593.974
1396564068.627910031 594.707
1396564068.644413188 595.439
1396564068.662106014 596.532
1396564068.680788385 597.258
1396564068.705190791 598.344
1396564068.722733380 599.065
1396564068.738586074 599.784
1396564068.754763246 600.501
1396564068.772581757 601.216
1396564068.790749488 602.284
1396564068.808243775 602.994
1396564068.832413913 604.054
1396564068.850626802 604.758
1396564068.866660401 605.461
1396564068.884144224 606.16
1396564068.902474592 607.206
1396564068.919247402 607.901
1396564068.937225353 608.593
1396564068.959168418 609.628
1396564068.977035598 610.315
1396564068.994659464 611
1396564069.012878674 611.682
1396564069.030855456 612.702
1396564069.048815503 613.378
1396564069.065110718 614.053
1396564069.089196938 615.061
1396564069.106666012 615.73
1396564069.123724557 616.397
1396564069.140914986 617.062
1396564069.158678896 618.054
1396564069.177036263 618.714
1396564069.194672058 619.371
1396564069.218127134 620.352
1396564069.236778496 621.003
1396564069.254037766 621.976
1396564069.271030598 622.621
1396564069.288809735 623.265
1396564069.305647728 623.906
1396564069.323153769 624.544
1396564069.345156037 625.498
1396564069.363183520 626.131
1396564069.383533291 626.762
1396564069.408028838 628.016
1396564069.425230703 628.64
1396564069.443100703 629.262
1396564069.468700053 629.881
1396564069.486161249 631.112
1396564069.503318278 631.724
1396564069.520950134 632.334
1396564069.537200934 632.941
1396564069.554480333 633.546
1396564069.571908814 634.148
1396564069.596818254 634.749
1396564069.614029699 635.942
1396564069.632933441 636.535
1396564069.652030596 637.125
1396564069.667931184 637.713
1396564069.686238837 638.591
1396564069.703036184 639.173
1396564069.727931648 640.041
1396564069.744783634 640.617
1396564069.764724727 641.191
1396564069.779308843 641.762
1396564069.797895688 642.614
1396564069.814657784 643.178
1396564069.832784680 643.741
1396564069.855172667 644.58
1396564069.874175488 645.136
1396564069.904558802 645.689
1396564069.926968514 647.062
1396564069.944677765 647.607
1396564069.962560499 648.149
1396564069.985053029 648.958
1396564070.002661911 649.494
1396564070.019172544 650.027
1396564070.038152184 650.823
1396564070.055403791 651.35
1396564070.074123078 651.874
1396564070.090623484 652.396
1396564070.113051605 653.174
1396564070.132970408 653.689
1396564070.150916712 654.458
1396564070.168543657 654.967
1396564070.186543198 655.473
1396564070.203903141 655.977
1396564070.220283363 656.478
1396564070.244390035 657.224
1396564070.262157815 657.965
1396564070.279279383 658.456
1396564070.296566556 658.944
1396564070.313329514 659.429
1396564070.332149866 659.912
1396564070.350374769 660.631
1396564070.376560568 661.344
1396564070.393244414 661.816
1396564070.411000080 662.285
1396564070.428485790 662.752
1396564070.446412494 663.447
1396564070.464662646 663.907
1396564070.482476012 664.364
1396564070.506680454 665.045
1396564070.522924283 665.496
1396564070.540655015 665.943
1396564070.558059654 666.61
1396564070.576590127 667.051
1396564070.593093828 667.489
1396564070.610557349 667.925
1396564070.635583103 668.573
1396564070.653734589 669.215
1396564070.670653805 669.64
1396564070.688777437 670.062
1396564070.706753461 670.481
1396564070.724658389 670.897
1396564070.750025644 671.721
1396564070.768678678 672.129
1396564070.790862188 672.736
1396564070.809102639 673.137
1396564070.827901568 673.535
1396564070.845963825 674.128
1396564070.863653439 674.519
1396564070.887198260 675.101
1396564070.904531199 675.485
1396564070.922545980 675.866
1396564070.939338532 676.245
1396564070.956899249 676.621
1396564070.974519934 677.179
1396564070.991111094 677.548
1396564071.016236456 678.096
1396564071.038215666 678.458
1396564071.053987738 678.995
1396564071.072672180 679.349
1396564071.089149350 679.701
1396564071.106538545 680.05
1396564071.122665432 680.396
1396564071.146607628 680.91
1396564071.163979874 681.248
1396564071.180923955 681.751
1396564071.198167665 682.083
1396564071.215522210 682.412
1396564071.235043188 682.738
1396564071.260432713 683.061
1396564071.277556248 683.698
1396564071.295020559 684.012
1396564071.312667627 684.324
1396564071.330710848 684.632
1396564071.348424526 684.938
1396564071.365843646 685.391
1396564071.391853624 685.837
1396564071.410531105 686.131
1396564071.427541718 686.422
1396564071.447666822 686.853
1396564071.462928281 687.137
1396564071.482357058 687.418
1396564071.498803178 687.696
1396564071.522677168 688.107
1396564071.539964457 688.378
1396564071.556771197 688.645
1396564071.575095220 689.041
1396564071.592411834 689.301
1396564071.609747215 689.558
1396564071.627770007 689.813
1396564071.653546133 690.189
1396564071.670695385 690.558
1396564071.687967191 690.8
1396564071.705546262 691.04
1396564071.722711623 691.276
1396564071.739735289 691.51
1396564071.757042502 691.74
1396564071.780842151 692.081
1396564071.799042424 692.414
1396564071.816789662 692.633
1396564071.834553213 692.849
1396564071.850661018 693.061
1396564071.868612601 693.271
1396564071.884988224 693.58
1396564071.908932145 693.782
1396564071.926888714 694.08
1396564071.946645508 694.274
1396564071.964168269 694.466
1396564071.982085536 694.748
1396564071.999168236 694.932
1396564072.016659205 695.113
1396564072.041018485 695.379
1396564072.058791343 695.553
1396564072.076554174 695.724
1396564072.092503848 695.891
1396564072.110021741 696.137
1396564072.127319035 696.297
1396564072.155387021 696.454
1396564072.172040795 696.684
1396564072.189699369 696.907
1396564072.206662955 697.052
1396564072.222997500 697.194
1396564072.240794978 697.332
1396564072.259291830 697.468
1396564072.284781790 697.731
1396564072.302937648 697.857
1396564072.320509824 697.981
1396564072.338629136 698.102
1396564072.354390524 698.219
1396564072.372972261 698.334
1396564072.391663291 698.5
1396564072.415350304 698.659
1396564072.434602444 698.761
1396564072.451938106 698.86
1396564072.469105186 698.957
1396564072.487013557 699.095
1396564072.504795808 699.184
1396564072.522033777 699.269
1396564072.548283564 699.392
1396564072.566365117 699.508
1396564072.584552020 699.581
1396564072.601617670 699.651
1396564072.618619593 699.719
1396564072.636420911 699.783
1396564072.652890564 699.844
1396564072.676668945 699.93
1396564072.694142692 700.009
1396564072.725935526 700.058
1396564072.746629680 700.146
1396564072.763164701 700.186
1396564072.779157133 700.222
1396564072.804099162 700.271
1396564072.827161643 700.314
1396564072.847012476 700.349
1396564072.864570647 700.369
1396564072.883667848 700.385
1396564072.903667083 700.399
1396564072.934548740 700.42
1396564072.952576675 700.422
1396564072.969135099 700.422
1396564072.987117170 700.419
1396564073.004270551 700.413
1396564073.022209859 700.397
1396564073.039387154 700.383
1396564073.064404835 700.357
1396564073.083208951 700.335
1396564073.101016415 700.31
1396564073.118899654 700.267
1396564073.136878044 700.235
1396564073.155636973 700.199
1396564073.180530678 700.161
1396564073.198180385 700.075
1396564073.214997795 700.027
1396564073.234324988 699.976
1396564073.251593717 699.922
1396564073.270152522 699.836
1396564073.287974021 699.774
1396564073.311285915 699.676
1396564073.328844072 699.607
1396564073.346834185 699.535
1396564073.363432775 699.46
1396564073.382510052 699.341
1396564073.400282593 699.258
1396564073.416770011 699.172
1396564073.439152406 699.038
1396564073.461166747 698.944
1396564073.697517595 697.175
1396564073.716152491 697.033
1396564073.734390645 696.814
1396564073.751275797 696.664
1396564073.768424790 696.511
1396564073.786593686 696.355
1396564073.803150994 696.196
1396564073.828777052 695.952
1396564073.846072568 695.701
1396564073.863115830 695.53
1396564073.881598496 695.356
1396564073.898779519 695.179
1396564073.915900129 694.999
1396564073.934908295 694.723
1396564073.960225916 694.441
1396564073.976851865 694.249
1396564073.994654127 694.054
1396564074.012112781 693.856
1396564074.028443648 693.654
1396564074.047083507 693.347
1396564074.064492663 693.139
1396564074.088790771 692.82
1396564074.113527887 692.604
1396564074.132012078 692.274
1396564074.149915107 691.938
1396564074.168058297 691.71
1396564074.186699711 691.479
1396564074.208908308 691.127
1396564074.227150950 690.889
1396564074.244253917 690.647
1396564074.260176967 690.403
1396564074.278835205 690.031
1396564074.296656718 689.779
1396564074.315018526 689.525
1396564074.340194807 689.137
1396564074.358378770 688.743
1396564074.376677085 688.476
1396564074.394697069 688.207
1396564074.411049854 687.934
1396564074.428708958 687.659
1396564074.446258462 687.241
1396564074.472153628 686.816
1396564074.491481294 686.528
1396564074.509150522 686.092
1396564074.528408083 685.798
1396564074.545120973 685.501
1396564074.562776498 685.201
1396564074.578535589 684.897
1396564074.601127861 684.437
1396564074.619090461 684.127
1396564074.636901380 683.814
1396564074.661921026 683.338
1396564074.679088830 682.857
1396564074.696130646 682.532
1396564074.719925891 682.039
1396564074.738589780 681.707
1396564074.754648723 681.372
1396564074.771550858 681.034
1396564074.788708333 680.694
1396564074.806165250 680.177
1396564074.823038854 679.83
1396564074.847902525 679.303
1396564074.865219227 678.948
1396564074.883745418 678.59
1396564074.900502104 678.229
1396564074.918058592 677.683
1396564074.936642749 677.315
1396564074.954551221 676.945
1396564074.979948776 676.383
1396564074.996891651 676.006
1396564075.013977732 675.434
1396564075.031907219 675.049
1396564075.049896338 674.662
1396564075.067127368 674.272
1396564075.084101241 673.879
1396564075.108077799 673.284
1396564075.126624416 672.683
1396564075.143876742 672.279
1396564075.161497669 671.872
1396564075.179464167 671.462
1396564075.195264292 671.049
1396564075.211778993 670.634
1396564075.236708214 670.006
1396564075.254119780 669.371
1396564075.271809183 668.945
1396564075.288594487 668.516
1396564075.304626758 668.084
1396564075.322100225 667.65
1396564075.339103622 667.212
1396564075.364310804 666.551
1396564075.382084769 665.884
1396564075.399899028 665.436
1396564075.416996520 664.985
1396564075.432733658 664.532
1396564075.450504204 664.075
1396564075.466592111 663.616
1396564075.489137868 662.923
1396564075.507473651 662.457
1396564075.523834761 661.989
1396564075.541481888 661.518
1396564075.566956804 660.568
1396564075.584496824 660.088
1396564075.601118824 659.607
1396564075.626601006 658.879
1396564075.646150962 658.391
1396564075.662024594 657.654
1396564075.679993819 657.159
1396564075.696628391 656.661
1396564075.714646026 656.161
1396564075.739053349 655.658
1396564075.756816690 654.899
1396564075.775021441 654.134
1396564075.790950379 653.621
1396564075.808993955 653.105
1396564075.825370123 652.587
1396564075.844591880 652.066
1396564075.870090684 651.017
1396564075.888762546 650.488
1396564075.906583328 649.957
1396564075.922495846 649.423
1396564075.939971562 648.887
1396564075.957905710 648.078
1396564075.975001021 647.535
1396564075.999097392 646.716
1396564076.017146688 646.167
1396564076.035150796 645.616
1396564076.053651971 645.062
1396564076.078390318 643.947
1396564076.094503531 643.385
1396564076.112388309 642.821
1396564076.136518878 641.971
1396564076.153618231 641.401
1396564076.170657861 640.828
1396564076.187639022 640.253
1396564076.204635547 639.676
1396564076.222148246 638.805
1396564076.238621635 638.221
1396564076.264387398 637.342
1396564076.280869362 636.752
1396564076.298615424 636.16
1396564076.316228862 635.565
1396564076.334357903 634.669
1396564076.351009506 634.069
1396564076.369153936 633.466
1396564076.391989305 632.557
1396564076.410893509 631.948
1396564076.428083096 631.337
1396564076.445872403 630.416
1396564076.463117320 629.799
1396564076.480491976 629.179
1396564076.497117228 628.558
1396564076.522636808 627.621
1396564076.542334040 626.679
1396564076.559313757 626.048
1396564076.576497814 625.414
1396564076.592841248 624.778
1396564076.610450374 624.14
1396564076.636169196 623.5
1396564076.653992600 622.213
1396564076.670455101 621.566
1396564076.688646535 620.917
1396564076.705520148 620.265
1396564076.722642013 619.611
1396564076.742219405 618.626
1396564076.766865334 617.636
1396564076.784362182 616.974
1396564076.802259824 616.309
1396564076.818402423 615.642
1396564076.836209337 614.972
1396564076.854323065 613.964
1396564076.876846151 613.289
1396564076.903390332 611.932
1396564076.921399904 611.251
1396564076.939637382 610.567
1396564076.957986905 609.537
1396564076.975005025 608.848
1396564076.992784581 608.157
1396564077.010431170 607.463
1396564077.035403671 606.419
1396564077.053190251 605.369
1396564077.070908224 604.667
1396564077.089238544 603.963
1396564077.106625867 603.256
1396564077.123882737 602.548
1396564077.150025783 601.124
1396564077.167131239 600.41
1396564077.186572761 599.693
1396564077.205516265 598.974
1396564077.226946048 597.891
1396564077.245992416 596.805
1396564077.262573650 596.077
1396564077.288701897 594.983
1396564077.306616223 594.251
1396564077.323255694 593.516
1396564077.340629442 592.78
1396564077.357988047 591.672
1396564077.374981760 590.931
1396564077.391754680 590.188
1396564077.416321134 589.069
1396564077.436007071 588.321
1396564077.452987574 587.195
1396564077.470430138 586.443
1396564077.489334303 585.688
1396564077.505737602 584.931
1396564077.530944616 584.172
1396564077.548179402 583.031
1396564077.565181557 581.885
1396564077.582484141 581.119
1396564077.600985677 580.351
1396564077.616889863 579.581
1396564077.636378074 578.81
1396564077.662319655 577.261
1396564077.680482244 576.483
1396564077.697109076 575.704
1396564077.714451978 574.924
1396564077.731864437 574.141
1396564077.750391079 572.964
1396564077.767732618 572.177
1396564077.791131573 570.993
1396564077.809052979 570.202
1396564077.826479606 569.409
1396564077.844789219 568.614
1396564077.862025379 567.418
1396564077.880499105 566.619
1396564077.896870276 565.819
1396564077.920938501 564.614
1396564077.940129084 563.809
1396564077.958554411 562.599
1396564077.975855249 561.79
1396564077.992927193 560.98
1396564078.010999831 560.168
1396564078.027141776 559.355
1396564078.052548190 558.132
1396564078.069555853 556.907
1396564078.087948516 556.088
1396564078.107588175 555.268
1396564078.122607250 554.447
1396564078.145127464 553.625
1396564078.173562056 551.565
1396564078.190989594 550.739
1396564078.209171222 549.912
1396564078.225990137 549.084
1396564078.245731293 547.841
1396564078.262725581 547.011
1396564078.280920785 546.18
1396564078.305004461 544.932
1396564078.322493563 544.099
1396564078.340858624 543.266
1396564078.357890026 542.015
1396564078.375688726 541.18
1396564078.394947522 540.344
1396564078.412348961 539.508
1396564078.436374809 538.253
1396564078.454303049 536.997
1396564078.471055788 536.159
1396564078.488628178 535.321
1396564078.505597970 534.483
1396564078.523800781 533.644
1396564078.541064075 532.386
1396564078.564562325 531.547
1396564078.583230747 530.288
1396564078.599883056 529.449
1396564078.618375041 528.61
1396564078.636168264 527.77
1396564078.654250321 526.511
1396564078.671554562 525.672
1396564078.696108730 524.414
1396564078.712840777 523.575
1396564078.728692515 522.737
1396564078.746476534 521.899
1396564078.763818225 521.061
1396564078.781540648 519.805
1396564078.798434799 518.968
1396564078.824172453 517.714
1396564078.842440612 516.878
1396564078.858479380 516.043
1396564078.876604213 515.208
1396564078.894257980 513.958
1396564078.912311386 513.125
1396564078.930139130 512.293
1396564078.952508741 511.046
1396564078.982915718 509.386
1396564079.002004371 508.558
1396564079.019533003 507.73
1396564079.038676304 506.491
1396564079.056973312 505.665
1396564079.082539653 504.43
1396564079.100724787 503.607
1396564079.118991678 502.376
1396564079.136746232 501.557
1396564079.153346964 500.739
1396564079.170753014 499.922
1396564079.195133382 499.106
1396564079.211762540 497.885
1396564079.230860918 496.668
1396564079.249166727 495.858
1396564079.266663120 495.049
1396564079.284255928 494.242
1396564079.301362062 493.035
1396564079.326568101 491.832
1396564079.345048677 491.031
1396564079.363533202 490.233
1396564079.382936027 489.038
1396564079.398922182 488.244
1396564079.416538968 487.452
1396564079.436108412 486.662
1396564079.460560380 485.48
1396564079.479703156 484.303
1396564079.497472187 483.52
1396564079.515510265 482.74
1396564079.533554927 481.574
1396564079.551849676 480.799
1396564079.569096009 480.026
1396564079.596352321 478.871
1396564079.614537761 477.72
1396564079.632377730 476.957
1396564079.652728758 476.195
1396564079.671348276 475.055
1396564079.690261809 474.299
1396564079.714124846 473.168
1396564079.733345887 472.417
1396564079.751037100 471.294
1396564079.769583576 470.548
1396564079.787868205 469.805
1396564079.805694355 468.695
1396564079.824243073 467.957
1396564079.848993538 466.856
1396564079.867871579 466.124
1396564079.886555810 465.031
1396564079.904861502 464.306
1396564079.922515567 463.583
1396564079.940445358 462.862
1396564079.966122598 461.428
1396564079.986337617 460.714
1396564080.004467495 460.003
1396564080.023708236 458.941
1396564080.040966252 458.236
1396564080.059594145 457.534
1396564080.077792969 456.485
1396564080.104986562 455.441
1396564080.123872324 454.749
1396564080.142092371 453.714
1396564080.159118283 453.028
1396564080.176549742 452.344
1396564080.196073127 451.662
1396564080.221838357 450.307
1396564080.240495460 449.633
1396564080.257385254 448.962
1396564080.276863413 448.293
1396564080.304245404 446.963
1396564080.322413341 446.302
1396564080.338610904 445.643
1396564080.362731304 444.66
1396564080.381736824 444.008
1396564080.398610641 443.034
1396564080.416831539 442.388
1396564080.435683247 441.745
1396564080.455556610 440.785
1396564080.478940015 439.831
1396564080.496804950 439.198
1396564080.514692292 438.568
1396564080.532837708 437.941
1396564080.550611540 437.004
1396564080.568779640 436.383
1396564080.588896247 435.765
1396564080.612711283 434.842
1396564080.631910117 433.926
1396564080.653496914 433.317
1396564080.671511344 432.41
1396564080.690928368 431.809
1396564080.708864040 431.21
1396564080.735135854 430.02
1396564080.752415034 429.429
1396564080.771634997 428.841
1396564080.790720069 427.963
1396564080.808977412 427.381
1396564080.827875570 426.802
1396564080.846195419 425.938
1396564080.870980225 425.081
1396564080.891589261 424.512
1396564080.910614836 423.663
1396564080.928965274 423.1
1396564080.948604580 422.54
1396564080.966723876 421.703
1396564080.991837089 420.872
1396564081.010564160 420.32
1396564081.027993472 419.771
1396564081.047730192 418.95
1396564081.066228988 418.405
1396564081.083963557 417.863
1396564081.102337958 417.052
1396564081.127993362 416.245
1396564081.146583008 415.709
1396564081.163493349 415.175
1396564081.182345869 414.377
1396564081.199113427 413.846
1396564081.218041228 413.317
1396564081.245833853 412.263
1396564081.263585520 411.738
1396564081.283610715 411.214
1396564081.301857600 410.43
1396564081.319464008 409.909
1396564081.338440614 409.389
1396564081.355702255 408.87
1396564081.380987024 408.093
1396564081.399402271 407.318
1396564081.417982538 406.803
1396564081.437561552 406.288
1396564081.455495746 405.516
1396564081.472934264 405.003
1396564081.490728615 404.49
1396564081.515081826 403.721
1396564081.532916760 403.209
1396564081.551748923 402.442
1396564081.570327583 401.931
1396564081.587947818 401.42
1396564081.605880127 400.653
1396564081.632365386 399.887
1396564081.651593303 399.376
1396564081.669957414 398.61
1396564081.687986810 398.099
1396564081.706431411 397.588
1396564081.723832710 397.076
1396564081.741654496 396.308
1396564081.764697568 395.796
1396564081.782956295 395.026
1396564081.802536135 394.513
1396564081.819494654 393.998
1396564081.838900890 393.226
1396564081.856332762 392.71
1396564081.874160775 392.193
1396564081.903185202 391.417
1396564081.925904433 390.378
1396564081.944291107 389.857
1396564081.960859532 389.335
1396564081.979748285 388.812
1396564081.998524729 388.026
1396564082.024726009 387.236
1396564082.045424414 386.708
1396564082.063332644 385.914
1396564082.082857857 385.382
1396564082.100105500 384.849
1396564082.118471773 384.047
1396564082.144955419 383.24
1396564082.165273657 382.701
1396564082.182713033 381.888
1396564082.200901546 381.344
1396564082.219799871 380.798
1396564082.239016013 379.975
1396564082.257006604 379.424
1396564082.283862208 378.593
1396564082.302157012 377.757
1396564082.319885389 377.198
1396564082.339922421 376.635
1396564082.357868451 375.788
1396564082.375947573 375.22
1396564082.402106934 374.363
1396564082.420205056 373.788
1396564082.438960873 372.921
1396564082.458355606 372.34
1396564082.475830619 371.756
1396564082.493955330 370.876
1396564082.511525584 370.285
1396564082.538416238 369.395
1396564082.558410626 368.498
1396564082.576703633 367.897
1396564082.595405019 367.293
1396564082.613987254 366.382
1396564082.631953164 365.772
1396564082.658170129 364.852
1396564082.675845333 364.235
1396564082.694832755 363.305
1396564082.712723001 362.681
1396564082.734212753 362.055
1396564082.757896571 360.795
1396564082.784475536 359.843
1396564082.803723479 359.205
1396564082.821831230 358.244
1396564082.839935495 357.599
1396564082.857766225 356.952
1396564082.875733674 356.303
1396564082.894026238 355.323
1396564082.919128998 354.338
1396564082.938378954 353.678
1396564082.957842523 352.683
1396564082.975021476 352.017
1396564082.993838744 351.348
1396564083.011579806 350.677
1396564083.037096594 349.326
1396564083.054544562 348.647
1396564083.072586209 347.965
1396564083.091663680 347.281
1396564083.109824980 346.25
1396564083.128201052 345.56
1396564083.149898476 344.52
1396564083.174913840 343.474
1396564083.195370547 342.773
1396564083.213754371 341.718
1396564083.233098523 341.012
1396564083.250775554 340.303
1396564083.267891264 339.591
1396564083.293718161 338.161
1396564083.311845698 337.442
1396564083.333981569 336.721
1396564083.358289684 335.271
1396564083.375766324 334.543
1396564083.395537589 333.812
1396564083.421660027 332.343
1396564083.439971784 331.605
1396564083.458936159 330.865
1396564083.474591547 330.122
1396564083.495295930 329.377
1396564083.517919736 327.88
1396564083.537448212 327.128
1396564083.563732510 325.996
1396564083.582089484 324.86
1396564083.599812028 324.099
1396564083.617949309 323.336
1396564083.635676823 322.571
1396564083.654474096 321.42
1396564083.678972466 320.264
1396564083.696464338 319.491
1396564083.714699735 318.715
1396564083.735716245 317.937
1396564083.752688545 316.767
1396564083.771471196 315.984
1396564083.791080400 314.806
1396564083.816469901 313.623
1396564083.834845281 312.833
1396564083.851681503 312.04
1396564083.868072677 311.245
1396564083.885918535 310.05
1396564083.902822311 309.251
1396564083.920567932 308.45
1396564083.945668006 307.245
1396564083.962946955 306.44
1396564083.979719977 305.633
1396564083.997940445 304.42
1396564084.014607507 303.61
1396564084.034275166 302.798
1396564084.050444027 301.984
1396564084.072646983 300.761
1396564084.090089570 299.944
1396564084.106067559 299.126
1396564084.122555439 298.307
1396564084.141787693 297.075
1396564084.159898192 296.252
1396564084.176662951 295.429
1396564084.201344461 294.191
1396564084.218659311 293.365
1396564084.236197202 292.537
1396564084.253854162 291.295
1396564084.270817252 290.465
1396564084.288613227 289.634
1396564084.304940529 288.803
1396564084.328984025 287.554
1396564084.347941437 286.721
1396564084.364445699 285.887
1396564084.382191076 284.634
1396564084.398942228 283.799
1396564084.416573662 282.962
1396564084.442855961 282.126
1396564084.459694837 280.87
1396564084.477688001 279.613
1396564084.495656780 278.774
1396564084.512942568 277.935
1396564084.530592625 277.096
1396564084.548443516 276.256
1396564084.574577219 274.577
1396564084.592319666 273.737
1396564084.609313046 272.897
1396564084.626921210 272.056
1396564084.646386122 270.796
1396564084.663690343 269.956
1396564084.680907510 269.116
1396564084.706558276 267.855
1396564084.722460811 267.016
1396564084.741685621 265.756
1396564084.759841797 264.917
1396564084.776432374 264.078
1396564084.795932892 263.239
1396564084.812678166 262.4
1396564084.836206760 261.143
1396564084.853824489 259.887
1396564084.870787059 259.051
1396564084.888332329 258.215
1396564084.904957032 257.379
1396564084.923904225 256.544
1396564084.942439499 255.293
1396564084.967592390 254.044
1396564084.986303303 253.212
1396564085.002515011 252.381
1396564085.019834092 251.55
1396564085.037062440 250.307
1396564085.054690075 249.479
1396564085.072310033 248.651
1396564085.096781739 247.413
1396564085.378365735 246.588
1396564085.406451930 231.576
1396564085.423810810 230.78
1396564085.441837987 229.986
1396564085.466848712 229.193
1396564085.484951954 228.008
