1396564035.516488799 95
1396564035.542500179 341
1396564035.566491514 96
1396564035.591485525 96
1396564035.617428173 337
1396564035.641346087 101
1396564035.667420610 345
1396564035.692346137 102
1396564035.717360857 100
1396564035.741244341 94
1396564035.767238862 101
1396564035.792236604 342
1396564035.816234052 102
1396564035.842125176 344
1396564035.867136592 100
1396564035.891066721 97
1396564035.917101007 289
1396564035.940115913 98
1396564035.967095032 318
1396564035.989985596 94
1396564036.015989043 96
1396564036.041936260 308
1396564036.065993104 99
1396564036.092909620 306
1396564036.115925477 90
1396564036.141870387 92
1396564036.166832705 293
1396564036.192784469 104
1396564036.217768659 317
1396564036.240795485 91
1396564036.266718925 89
1396564036.291803243 337
1396564036.317080054 97
1396564036.341716584 330
1396564036.365605531 94
1396564036.391607850 89
1396564036.416613032 332
1396564036.441440266 93
1396564036.466491702 338
1396564036.491486806 96
1396564036.516480623 90
1396564036.542369720 320
1396564036.567311634 91
1396564036.592347949 337
1396564036.617354619 92
1396564036.641342085 90
1396564036.666233978 90
1396564036.691276821 90
1396564036.717254622 319
1396564036.742259290 96
1396564036.766113518 95
1396564036.791103989 95
1396564036.816110600 95
1396564036.842115055 321
1396564036.866120130 90
1396564036.890985008 90
1396564036.917045029 91
1396564036.941004165 90
1396564036.965935785 90
1396564036.991834373 340
1396564037.015861120 95
1396564037.040853198 95
1396564037.065857489 90
1396564037.090715498 90
1396564037.116663334 328
1396564037.140722052 90
1396564037.165680007 90
1396564037.190731936 91
1396564037.215640031 90
1396564037.242677006 299
1396564037.266603692 95
1396564037.292604461 102
1396564037.316457643 96
1396564037.341483664 95
1396564037.366716213 90
1396564037.391575937 96
1396564037.417360596 305
1396564037.441357243 91
1396564037.466309944 91
1396564037.492355294 300
1396564037.515285852 91
1396564037.542195081 325
1396564037.565739519 95
1396564037.591225247 95
1396564037.617251114 323
1396564037.641087171 97
1396564037.668046187 336
1396564037.692112337 110
1396564037.718102483 100
1396564037.741984861 321
1396564037.767980094 100
1396564037.792924479 342
1396564037.815973113 92
1396564037.842851963 335
1396564037.866797501 339
1396564037.891853641 94
1396564037.917851987 336
1396564037.940849526 93
1396564037.967720480 336
1396564037.990718393 85
1396564038.016802811 88
1396564038.041754020 324
1396564038.066666311 90
1396564038.091720717 331
1396564038.115594811 85
1396564038.141595028 91
1396564038.166583328 317
1396564038.191419337 94
1396564038.216472113 327
1396564038.240468520 90
1396564038.265477838 91
1396564038.291469272 301
1396564038.316352884 96
1396564038.341307753 332
1396564038.366335686 91
1396564038.391323365 91
1396564038.416376182 90
1396564038.441199383 95
1396564038.467174799 320
1396564038.492218897 91
1396564038.516176251 91
1396564038.541098098 90
1396564038.566116921 91
1396564038.592099512 330
1396564038.616159163 94
1396564038.640979696 91
1396564038.665969132 90
1396564038.690933919 95
1396564038.716974725 333
1396564038.740918939 95
1396564038.765846355 91
1396564038.790843852 99
1396564038.816846245 90
1396564038.842844384 325
1396564038.866740441 90
1396564038.891673716 91
1396564038.916721055 92
1396564038.941783512 94
1396564038.966776930 100
1396564038.992613352 326
1396564039.016666388 92
1396564039.041768677 91
1396564039.066660481 90
1396564039.090577301 91
1396564039.117469813 323
1396564039.140407114 96
1396564039.166429177 94
1396564039.192461454 100
1396564039.216522703 95
1396564039.242354649 341
1396564039.265331808 92
1396564039.292271714 334
1396564039.315351588 95
1396564039.341407877 95
1396564039.367220973 325
1396564039.390270055 92
1396564039.417152398 318
1396564039.440380940 91
1396564039.466296678 90
1396564039.491255266 332
1396564039.516090227 97
1396564039.543095120 340
1396564039.566093266 95
1396564039.593087930 347
1396564039.617045188 331
1396564039.643013715 101
1396564039.667027541 340
1396564039.690978885 96
1396564039.717986470 340
1396564039.740963736 90
1396564039.766803687 95
1396564039.791837059 329
1396564039.815769295 87
1396564039.841836801 326
1396564039.865698439 89
1396564039.890726464 89
1396564039.916692452 320
1396564039.942671522 100
1396564039.967726806 321
1396564039.991712974 85
1396564040.016644973 93
1396564040.042737475 332
1396564040.066735744 94
1396564040.092683989 336
1396564040.117485448 346
1396564040.141467100 91
1396564040.167441908 334
1396564040.191346990 97
1396564040.217286534 340
1396564040.240334566 95
1396564040.266320880 96
1396564040.292175659 345
1396564040.316340368 95
1396564040.342160285 340
1396564040.366190183 96
1396564040.391089432 92
1396564040.416102533 90
1396564040.441090767 95
1396564040.466193903 99
1396564040.491137631 91
1396564040.515960786 92
1396564040.539906451 90
1396564040.565981770 90
1396564040.589909341 89
1396564040.615786517 95
1396564040.640840905 96
1396564040.665839709 95
1396564040.692830293 347
1396564040.716890579 341
1396564040.741678769 94
1396564040.765788599 96
1396564040.791688139 95
1396564040.816709504 93
1396564040.841776413 335
1396564040.867856129 343
1396564040.890582944 95
1396564040.917580380 101
1396564040.942475178 307
1396564040.966463309 100
1396564040.992458456 345
1396564041.015453903 96
1396564041.041457966 95
1396564041.065339230 94
1396564041.092335308 101
1396564041.118330426 346
1396564041.142288826 102
1396564041.168316368 319
1396564041.191179103 99
1396564041.218208165 102
1396564041.242154991 344
1396564041.267205257 102
1396564041.293225552 345
1396564041.317061524 284
1396564041.343089934 100
1396564041.367060445 346
1396564041.392030635 104
1396564041.416887073 346
1396564041.440945947 95
1396564041.465956817 94
1396564041.491905873 339
1396564041.517955100 104
1396564041.541761395 345
1396564041.565785951 95
1396564041.591827869 342
1396564041.615830663 95
1396564041.642653247 100
1396564041.666681882 335
1396564041.690658910 97
1396564041.716702442 339
1396564041.740679704 95
1396564041.765664902 99
1396564041.790697807 99
1396564041.815525663 97
1396564041.843785767 321
1396564041.866453118 95
1396564041.891466255 97
1396564041.917464620 300
1396564041.941450588 98
1396564041.966456433 95
1396564041.990352881 93
1396564042.017350260 101
1396564042.042307380 345
1396564042.067325483 100
1396564042.092148378 346
1396564042.116153660 100
1396564042.142165093 101
1396564042.166187082 341
1396564042.192165452 108
1396564042.217036610 334
1396564042.242026201 101
1396564042.268076099 102
1396564042.292077006 346
1396564042.318074495 100
1396564042.342939420 339
1396564042.367901264 101
1396564042.392972125 101
1396564042.416964536 342
1396564042.442824728 337
1396564042.466822377 345
1396564042.492777151 101
1396564042.517834817 101
1396564042.541828471 100
1396564042.567696019 108
1396564042.591727917 113
1396564042.617702292 107
1396564042.641706035 107
1396564042.667743466 107
1396564042.691683194 337
1396564042.716575533 100
1396564042.742577576 107
1396564042.766502606 101
1396564042.792418331 101
1396564042.816453534 346
1396564042.841447638 100
1396564042.866465655 107
1396564042.891270527 107
1396564042.917296202 107
1396564042.941320680 107
1396564042.967321872 107
1396564042.992315628 113
1396564043.017196094 107
1396564043.043153456 107
1396564043.067204362 107
1396564043.093197153 109
1396564043.117197563 109
1396564043.142068357 111
1396564043.166999287 114
1396564043.192100212 107
1396564043.217071959 108
1396564043.241968464 107
1396564043.266919665 107
1396564043.291890455 107
1396564043.316957335 107
1396564043.341969675 108
1396564043.366907548 107
1396564043.391828129 106
1396564043.417820756 107
1396564043.442764845 107
1396564043.467693255 107
1396564043.492668987 107
1396564043.517680556 107
1396564043.542687860 108
1396564043.566639486 107
1396564043.592699220 108
1396564043.617568667 108
1396564043.642548271 107
1396564043.667456951 108
1396564043.691386693 116
1396564043.717432894 108
1396564043.741443511 107
1396564043.767438539 109
1396564043.792320163 107
1396564043.817341462 108
1396564043.842224614 108
1396564043.866321853 113
1396564043.892292508 108
1396564043.916213177 109
1396564043.942199186 109
1396564043.967119658 107
1396564043.991189523 108
1396564044.017065988 108
1396564044.041062312 108
1396564044.067048740 107
1396564044.091289168 107
1396564044.117062795 108
1396564044.142935873 107
1396564044.166948209 107
1396564044.192942840 107
1396564044.216925574 107
1396564044.242751750 109
1396564044.267812900 115
1396564044.291789987 107
1396564044.317838045 108
1396564044.341704831 108
1396564044.367686252 108
1396564044.391734596 108
1396564044.416844978 108
1396564044.441657079 108
1396564044.466622359 107
1396564044.492665308 114
1396564044.516531944 114
1396564044.542543689 113
1396564044.567545199 113
1396564044.592457926 114
1396564044.617453421 113
1396564044.642389301 113
1396564044.668434655 123
1396564044.692482464 113
1396564044.717335918 114
1396564044.742336800 113
1396564044.767313137 114
1396564044.792238621 114
1396564044.817308039 112
1396564044.842183528 115
1396564044.867132514 112
1396564044.892187980 118
1396564044.917112834 112
1396564044.942061195 112
1396564044.967003773 120
1396564044.992064797 112
1396564045.017003827 120
1396564045.042017984 111
1396564045.066922071 119
1396564045.091934561 117
1396564045.116935929 111
1396564045.140936921 122
1396564045.167379479 111
1396564045.191747926 113
1396564045.216817969 114
1396564045.241865103 116
1396564045.266680896 118
1396564045.292677712 112
1396564045.316641909 113
1396564045.342631769 114
1396564045.367661890 113
1396564045.392658719 123
1396564045.417951427 114
1396564045.441561340 113
1396564045.467511177 113
1396564045.491607305 112
1396564045.517478897 118
1396564045.542403222 112
1396564045.566484831 114
1396564045.592381062 113
1396564045.616286840 112
1396564045.642309681 119
1396564045.666313333 118
1396564045.692301832 120
1396564045.718714642 119
1396564045.742108936 118
1396564045.768166534 126
1396564045.792180430 117
1396564045.818134780 120
1396564045.842067537 119
1396564045.866992827 118
1396564045.893053244 119
1396564045.917050181 118
1396564045.943054645 120
1396564045.967106883 120
1396564045.991882192 119
1396564046.016920712 119
1396564046.041989218 118
1396564046.067973494 118
1396564046.091823153 123
1396564046.117829284 125
1396564046.141707804 122
1396564046.166805509 126
1396564046.191869973 121
1396564046.216658807 122
1396564046.242810639 124
1396564046.266592403 122
1396564046.291774331 123
1396564046.316758005 121
1396564046.341743518 123
1396564046.366727720 122
1396564046.391501370 121
1396564046.417559734 123
1396564046.442626557 128
1396564046.467444050 130
1396564046.492445584 127
1396564046.517428477 130
1396564046.542492960 131
1396564046.567450614 131
1396564046.592303130 130
1396564046.617318772 127
1396564046.642282873 129
1396564046.667244500 129
1396564046.692320332 128
1396564046.716164692 132
1396564046.742152989 157
1396564046.766201567 132
1396564046.792182223 128
1396564046.817045870 128
1396564046.842050321 135
1396564046.868042779 125
1396564046.892042682 131
1396564046.917933292 126
1396564046.942872008 128
1396564046.967924564 138
1396564046.992924937 126
1396564047.016941921 130
1396564047.042795528 127
1396564047.066750458 128
1396564047.092801251 132
1396564047.116753557 128
1396564047.141802419 132
1396564047.167666084 127
1396564047.191619659 128
1396564047.217675458 132
1396564047.241730548 127
1396564047.267798074 146
1396564047.291717290 128
1396564047.316642497 129
1396564047.342524359 130
1396564047.366604884 127
1396564047.392436491 139
1396564047.416498104 131
1396564047.441396171 143
1396564047.466471131 135
1396564047.491500611 131
1396564047.517438988 136
1396564047.541351519 130
1396564047.567342963 137
1396564047.592268605 136
1396564047.617307229 134
1396564047.642221446 135
1396564047.667238898 115
1396564047.693179436 136
1396564047.717129266 136
1396564047.742160318 134
1396564047.767057802 138
1396564047.791981975 138
1396564047.817038630 139
1396564047.842055336 140
1396564047.867087137 139
1396564047.891913061 137
1396564047.916921609 137
1396564047.941931719 138
1396564047.966900516 139
1396564047.991735282 140
1396564048.017773344 139
1396564048.042786194 138
1396564048.067792585 123
1396564048.092684816 144
1396564048.117668576 144
1396564048.142610848 143
1396564048.166666501 142
1396564048.192566954 137
1396564048.217671574 148
1396564048.242644157 153
1396564048.267486925 141
1396564048.291533781 144
1396564048.317541728 135
1396564048.341362565 145
1396564048.367413059 142
1396564048.392366718 146
1396564048.417411905 149
1396564048.442409830 140
1396564048.466318287 154
1396564048.492221232 142
1396564048.516369777 147
1396564048.542234152 148
1396564048.567290408 147
1396564048.591162510 160
1396564048.617169029 147
1396564048.641162954 156
1396564048.667107800 153
1396564048.691163001 149
1396564048.717037115 159
1396564048.742979145 142
1396564048.767038462 153
1396564048.793013348 146
1396564048.816972459 181
1396564048.842908292 163
1396564048.866907365 142
1396564048.891931340 159
1396564048.917937593 144
1396564048.941735302 152
1396564048.967820966 157
1396564048.991800389 183
1396564049.016781734 160
1396564049.041797614 143
1396564049.066627967 157
1396564049.091897062 158
1396564049.116659129 155
1396564049.142655256 165
1396564049.167656628 194
1396564049.192696835 162
1396564049.217589904 172
1396564049.242544479 171
1396564049.268528490 171
1396564049.292416405 172
1396564049.317427307 172
1396564049.342392027 172
1396564049.367333171 172
1396564049.392303310 171
1396564049.417277544 172
1396564049.442289710 170
1396564049.467300045 173
1396564049.492214756 172
1396564049.517160162 179
1396564049.542165595 172
1396564049.567159273 172
1396564049.592159891 179
1396564049.616101075 177
1396564049.641992709 177
1396564049.667046361 175
1396564049.692035533 173
1396564049.717006690 180
1396564049.740942488 179
1396564049.766848967 176
1396564049.790909234 176
1396564049.816905829 176
1396564049.841907925 178
1396564049.866795682 179
1396564049.892826326 181
1396564049.916776126 183
1396564049.942837150 180
1396564049.966760387 184
1396564049.992669937 184
1396564050.017689788 182
1396564050.041661434 183
1396564050.067697008 183
1396564050.091648727 194
1396564050.117676718 192
1396564050.141677805 175
1396564050.166472811 193
1396564050.192528136 186
1396564050.216406390 196
1396564050.242408793 190
1396564050.266401356 197
1396564050.292349916 199
1396564050.317400889 215
1396564050.342274154 201
1396564050.368282461 189
1396564050.392272978 200
1396564050.418278285 202
1396564050.442230134 197
1396564050.467152635 208
1396564050.492163887 198
1396564050.517204366 202
1396564050.543150010 198
1396564050.567110779 205
1396564050.592083007 216
1396564050.617030906 202
1396564050.642051835 207
1396564050.667099705 201
1396564050.692003664 206
1396564050.717917763 220
1396564050.741919195 203
1396564050.766916517 212
1396564050.791895870 206
1396564050.816912817 212
1396564050.842070086 227
1396564050.866748810 209
1396564050.891771583 222
1396564050.916681321 210
1396564050.941679012 214
1396564050.966602177 228
1396564050.991628283 224
1396564051.016498816 237
1396564051.042647317 202
1396564051.067669765 233
1396564051.092559230 236
1396564051.117471280 234
1396564051.142521688 236
1396564051.167415313 234
1396564051.191458564 234
1396564051.217573244 235
1396564051.242353312 239
1396564051.267399427 240
1396564051.292274544 235
1396564051.316219512 240
1396564051.342265506 246
1396564051.366201876 243
1396564051.392265052 244
1396564051.417122632 227
1396564051.442151670 247
1396564051.468107203 248
1396564051.492136105 246
1396564051.517948176 244
1396564051.542010269 241
1396564051.568024821 255
1396564051.593044312 257
1396564051.616909062 254
1396564051.642820424 274
1396564051.666891744 233
1396564051.692912258 258
1396564051.716830171 262
1396564051.741788001 260
1396564051.767718972 256
1396564051.791771560 255
1396564051.817758008 247
1396564051.841683718 274
1396564051.867571593 273
1396564051.891672862 264
1396564051.916642274 264
1396564051.942641166 250
1396564051.966610224 279
1396564051.992619715 279
1396564052.016519010 273
1396564052.041447622 270
1396564052.066514767 258
1396564052.091402689 297
1396564052.117430512 295
1396564052.141397271 295
1396564052.167340357 297
1396564052.192225360 295
1396564052.217266851 308
1396564052.242251136 295
1396564052.267253117 299
1396564052.293264803 304
1396564052.317081526 296
1396564052.342120365 311
1396564052.367131887 296
1396564052.392120889 307
1396564052.417125437 307
1396564052.441959536 304
1396564052.466021763 319
1396564052.492034183 297
1396564052.517015948 310
1396564052.542018820 306
1396564052.566960241 308
1396564052.591891052 325
1396564052.617834513 323
1396564052.641847315 318
1396564052.667765241 314
1396564052.692777234 315
1396564052.717724615 333
1396564052.742766457 293
1396564052.766652153 330
1396564052.792631549 303
1396564052.817665447 334
1396564052.842591763 341
1396564052.867596368 332
1396564052.891637670 344
1396564052.917659885 342
1396564052.941566741 337
1396564052.967576128 361
1396564052.991562561 353
1396564053.017395561 354
1396564053.042452621 354
1396564053.066321723 354
1396564053.092413035 355
1396564053.116349091 353
1396564053.142238145 355
1396564053.166268302 354
1396564053.191262585 358
1396564053.217145558 359
1396564053.241204658 352
1396564053.267113053 363
1396564053.291159113 358
1396564053.317132831 370
1396564053.343027601 373
1396564053.366963891 305
1396564053.392967221 327
1396564053.417009985 359
1396564053.443013644 377
1396564053.466884922 373
1396564053.491910436 372
1396564053.516823736 337
1396564053.541875555 366
1396564053.567755823 379
1396564053.591754677 358
1396564053.616750604 388
1396564053.641744599 317
1396564053.666749289 379
1396564053.692637555 303
1396564053.716611211 400
1396564053.742632271 399
1396564053.767632994 296
1396564053.792562911 396
1396564053.817510026 291
1396564053.842521183 405
1396564053.868509360 400
1396564053.892361765 385
1396564053.918189439 408
1396564053.942384270 381
1396564053.967373546 409
1396564053.992384071 381
1396564054.017277810 387
1396564054.041199477 422
1396564054.067249440 385
1396564054.092262051 420
1396564054.117262872 381
1396564054.142151981 387
1396564054.167098448 429
1396564054.192127711 380
1396564054.216016392 436
1396564054.242011070 380
1396564054.267011947 392
1396564054.292006918 417
1396564054.316934708 377
1396564054.340898966 453
1396564054.366877475 373
1396564054.390881304 397
1396564054.416884645 393
1396564054.441815275 353
1396564054.466742487 450
1396564054.492779836 368
1396564054.516750682 380
1396564054.542732831 391
1396564054.566562935 330
1396564054.592587549 444
1396564054.617653886 322
1396564054.641653525 399
1396564054.667610982 376
1396564054.691624962 367
1396564054.717568300 420
1396564054.741495717 302
1396564054.766387223 417
1396564054.792481706 390
1396564054.816358097 382
1396564054.842321842 390
1396564054.866377431 377
1396564054.892360777 419
1396564054.918246581 391
1396564054.942236974 386
1396564054.968272461 385
1396564054.992239420 376
1396564055.018105391 405
1396564055.042117794 391
1396564055.067125297 395
1396564055.093119662 395
1396564055.117448458 379
1396564055.143014074 382
1396564055.166991888 393
1396564055.191941535 413
1396564055.216993409 395
1396564055.241826035 383
1396564055.267877648 380
1396564055.291802897 395
1396564055.317878027 417
1396564055.341731542 396
1396564055.366745386 386
1396564055.391681236 380
1396564055.416725358 396
1396564055.442582711 399
1396564055.466617205 396
1396564055.491629455 412
1396564055.516574795 382
1396564055.541615642 399
1396564055.566619377 379
1396564055.591581004 396
1396564055.616509061 417
1396564055.642447973 377
1396564055.667679939 409
1396564055.692479847 376
1396564055.717369459 404
1396564055.742362285 405
1396564055.767389077 371
1396564055.791301682 424
1396564055.817206884 374
1396564055.842239771 411
1396564055.867244253 389
1396564055.892239314 387
1396564055.916047562 448
1396564055.942130318 373
1396564055.966127677 423
1396564055.992121352 374
1396564056.016991909 390
1396564056.041997248 448
1396564056.067922053 386
1396564056.091990113 429
1396564056.117883035 385
1396564056.141874019 390
1396564056.167858769 443
1396564056.192877952 382
1396564056.216883954 450
1396564056.242880580 382
1396564056.266740757 394
1396564056.292717894 417
1396564056.316744740 377
1396564056.341675928 449
1396564056.367677231 373
1396564056.391620561 383
1396564056.417617386 394
1396564056.441617692 370
1396564056.467559750 440
1396564056.491616306 331
1396564056.516618753 365
1396564056.542557480 391
1396564056.566471128 357
1396564056.592486733 417
1396564056.616345935 337
1396564056.641373254 418
1396564056.666363352 396
1396564056.691355110 329
1396564056.717254937 388
1396564056.741176172 333
1396564056.767254412 420
1396564056.792231263 400
1396564056.817133743 388
1396564056.842113615 385
1396564056.867059447 367
1396564056.893125096 409
1396564056.917106797 400
1396564056.941996824 398
1396564056.966992886 383
1396564056.991904701 375
1396564057.017006175 390
1396564057.041862208 402
1396564057.066869860 416
1396564057.091826887 371
1396564057.116877474 384
1396564057.141695204 363
1396564057.166761556 403
1396564057.192765353 406
1396564057.217707614 390
1396564057.242735729 389
1396564057.267548025 380
1396564057.292621508 408
1396564057.317606355 391
1396564057.342628863 391
1396564057.366706111 397
1396564057.392524289 380
1396564057.417417157 408
1396564057.442485801 387
1396564057.467372403 391
1396564057.491338910 409
1396564057.517358859 382
1396564057.541290674 406
1396564057.567360425 334
1396564057.592246864 386
1396564057.617239590 399
1396564057.642236695 326
1396564057.666186349 400
1396564057.692061309 317
1396564057.717087655 352
1396564057.742004127 383
1396564057.767090969 330
1396564057.790983633 396
1396564057.816906188 319
1396564057.840994849 386
1396564057.866988648 320
1396564057.891837738 302
1396564057.916852813 382
1396564057.942808820 332
1396564057.966851440 371
1396564057.992815883 341
1396564058.016753189 363
1396564058.042729037 368
1396564058.067733358 344
1396564058.091679414 365
1396564058.117737415 345
1396564058.141614139 356
1396564058.167625676 362
1396564058.191612269 346
1396564058.216562663 361
1396564058.241606521 355
1396564058.266594006 353
1396564058.292497687 355
1396564058.316423215 353
1396564058.342422563 356
1396564058.367348798 353
1396564058.392383854 355
1396564058.418352065 348
1396564058.442348797 345
1396564058.468350224 343
1396564058.492136460 340
1396564058.517238600 333
1396564058.542248454 331
1396564058.567233186 300
1396564058.593121361 328
1396564058.617053351 325
1396564058.642105726 332
1396564058.667046721 327
1396564058.692107191 302
1396564058.716923013 313
1396564058.741951030 310
1396564058.766956159 322
1396564058.791850441 318
1396564058.816922804 320
1396564058.841861452 314
1396564058.866881580 304
1396564058.891761432 309
1396564058.916873133 308
1396564058.940717442 309
1396564058.966669714 299
1396564058.991666248 299
1396564059.016684003 297
1396564059.041727224 302
1396564059.066598583 302
1396564059.092594888 299
1396564059.116595944 301
1396564059.142605150 295
1396564059.167534236 297
1396564059.192603223 296
1396564059.217455855 300
1396564059.241456455 296
1396564059.267784870 300
1396564059.291292556 289
1396564059.317360655 256
1396564059.342349531 284
1396564059.366341713 288
1396564059.392197368 265
1396564059.416237407 275
1396564059.442171398 282
1396564059.466231572 271
1396564059.492238300 272
1396564059.518463121 263
1396564059.542106084 275
1396564059.568045652 261
1396564059.592070687 268
1396564059.617979475 274
1396564059.641961363 255
1396564059.666969435 271
1396564059.692954319 249
1396564059.716834095 256
1396564059.742846478 248
1396564059.766839552 252
1396564059.791847081 259
1396564059.817728309 240
1396564059.841811109 245
1396564059.867721307 234
1396564059.891704819 236
1396564059.917724437 250
1396564059.941556691 233
1396564059.966519465 249
1396564059.991589683 236
1396564060.016595196 238
1396564060.042599690 243
1396564060.066596882 236
1396564060.091720415 244
1396564060.116465317 237
1396564060.141426674 240
1396564060.166461906 235
1396564060.191351888 233
1396564060.217341499 237
1396564060.242268210 233
1396564060.267321942 234
1396564060.292226111 235
1396564060.317213898 234
1396564060.342195505 234
1396564060.367162340 239
1396564060.392213112 226
1396564060.417091407 227
1396564060.442101863 218
1396564060.467092904 222
1396564060.492052309 206
1396564060.516166289 222
1396564060.541910448 217
1396564060.566910574 214
1396564060.591916004 193
1396564060.616913468 207
1396564060.641882458 211
1396564060.667791283 212
1396564060.691786073 209
1396564060.717796375 207
1396564060.742782090 200
1396564060.767640952 211
1396564060.792628349 209
1396564060.816715996 207
1396564060.842720746 205
1396564060.866718184 199
1396564060.892614247 197
1396564060.917534886 205
1396564060.941562274 211
1396564060.967588923 196
1396564060.991587104 195
1396564061.017583616 194
1396564061.041409718 201
1396564061.067461204 199
1396564061.092462353 196
1396564061.116340441 199
1396564061.142351511 189
1396564061.166271647 197
1396564061.192341444 192
1396564061.216219127 191
1396564061.241198180 194
1396564061.267233010 190
1396564061.291206917 196
1396564061.317142155 189
1396564061.341093272 191
1396564061.367110320 187
1396564061.392066297 183
1396564061.417061457 191
1396564061.443087494 180
1396564061.466956632 183
1396564061.492961763 184
1396564061.516965751 176
1396564061.541965532 188
1396564061.566968550 173
1396564061.592050045 178
1396564061.617790602 177
1396564061.641818434 177
1396564061.666895930 180
1396564061.691722984 177
1396564061.716676056 172
1396564061.741778547 171
1396564061.766849765 171
1396564061.792639673 175
1396564061.817586603 172
1396564061.842595896 172
1396564061.867528543 172
1396564061.892660845 171
1396564061.917594321 173
1396564061.942594833 171
1396564061.967462220 171
1396564061.992428878 172
1396564062.017529802 172
1396564062.042335080 177
1396564062.067342985 171
1396564062.091391629 172
1396564062.117445734 171
1396564062.142381451 171
1396564062.167203462 171
1396564062.192172166 172
1396564062.217261732 171
1396564062.242158805 172
1396564062.266174277 166
1396564062.292134102 164
1396564062.316176428 156
1396564062.342050797 157
1396564062.367214660 153
1396564062.391026759 159
1396564062.416968783 158
1396564062.440975563 149
1396564062.466956725 153
1396564062.490955762 153
1396564062.516953286 158
1396564062.542766022 153
1396564062.566840466 152
1396564062.592773326 149
1396564062.616826021 152
1396564062.642759934 153
1396564062.666650159 158
1396564062.691736657 153
1396564062.717705931 149
1396564062.741697727 152
1396564062.767594337 146
1396564062.791524092 154
1396564062.816579765 154
1396564062.841574453 141
1396564062.866557079 147
1396564062.893155292 141
1396564062.916542441 150
1396564062.942579704 148
1396564062.967500936 147
1396564062.992425625 149
1396564063.017331328 149
1396564063.042320585 148
1396564063.068274789 145
1396564063.092377176 141
1396564063.117379940 150
1396564063.142269977 128
1396564063.167261649 149
1396564063.192255480 125
1396564063.217198223 141
1396564063.242255433 146
1396564063.267254889 138
1396564063.292122991 147
1396564063.317031209 138
1396564063.342095120 138
1396564063.367078300 141
1396564063.392077958 135
1396564063.416945584 148
1396564063.441918138 131
1396564063.466954267 134
1396564063.491995864 135
1396564063.516882756 132
1396564063.540973540 152
1396564063.566909144 132
1396564063.591831816 135
1396564063.616823299 134
1396564063.641699400 132
1396564063.666703832 141
1396564063.692705578 130
1396564063.716769321 136
1396564063.742654570 135
1396564063.766553451 118
1396564063.792636483 138
1396564063.817572246 129
1396564063.841598955 137
1396564063.867512665 135
1396564063.891632541 134
1396564063.917500194 134
1396564063.942609029 143
1396564063.966413926 132
1396564063.992334692 130
1396564064.016466690 130
1396564064.042374897 130
1396564064.066385346 129
1396564064.092315479 131
1396564064.117159087 131
1396564064.142271382 130
1396564064.168246079 129
1396564064.192350144 128
1396564064.218259208 130
1396564064.242016144 130
1396564064.267074783 131
1396564064.293066989 136
1396564064.317063977 129
1396564064.343069732 122
1396564064.366889401 130
1396564064.392008207 130
1396564064.416920047 131
1396564064.441991334 129
1396564064.467034333 127
1396564064.491879822 130
1396564064.517761706 136
1396564064.541814962 130
1396564064.566815139 130
1396564064.591666789 126
1396564064.616715235 130
1396564064.641646576 129
1396564064.666687462 129
1396564064.691711959 138
1396564064.716551145 127
1396564064.741566845 130
1396564064.766532130 127
1396564064.791578100 129
1396564064.816568844 130
1396564064.842593139 127
1396564064.867437332 130
1396564064.892443953 127
1396564064.917346130 132
1396564064.942274672 129
1396564064.967252117 127
1396564064.991290463 133
1396564065.017249860 127
1396564065.042248086 130
1396564065.067143250 127
1396564065.092155084 123
1396564065.116115526 128
1396564065.142009527 120
1396564065.165965475 127
1396564065.192080580 120
1396564065.217079252 119
1396564065.242069762 124
1396564065.267942258 119
1396564065.291934345 124
1396564065.317880007 116
1396564065.342003032 113
1396564065.367799258 117
1396564065.392900845 112
1396564065.416778992 126
1396564065.442779297 119
1396564065.466863493 119
1396564065.492696041 120
1396564065.516615339 118
1396564065.541683605 123
1396564065.567683949 119
1396564065.591682839 120
1396564065.617548168 120
1396564065.641544192 118
1396564065.667560658 120
1396564065.691584796 118
1396564065.716563525 118
1396564065.742584463 120
1396564065.766541187 119
1396564065.792436399 125
1396564065.816380615 117
1396564065.841254161 114
1396564065.866328878 114
1396564065.891307117 112
1396564065.917253710 113
1396564065.941186837 111
1396564065.967159625 119
1396564065.992115726 113
1396564066.017164389 112
1396564066.042188254 112
1396564066.067045462 112
1396564066.093064268 113
1396564066.116973960 114
1396564066.142054151 114
1396564066.166901991 113
1396564066.191940540 116
1396564066.216934402 112
1396564066.241867244 114
1396564066.266948912 115
1396564066.291767933 112
1396564066.316783530 113
1396564066.341801809 112
1396564066.366811237 114
1396564066.391641123 114
1396564066.417695089 113
1396564066.442691646 113
1396564066.467659636 112
1396564066.492683612 115
1396564066.517471931 113
1396564066.542570573 113
1396564066.566527328 115
1396564066.592536608 116
1396564066.617557708 115
1396564066.642572296 112
1396564066.667952646 113
1396564066.691416129 114
1396564066.717428349 113
1396564066.741282577 118
1396564066.767305088 115
1396564066.792232621 114
1396564066.817264614 112
1396564066.842179792 113
1396564066.866208535 118
1396564066.892180481 113
1396564066.916008321 114
1396564066.942043374 118
1396564066.967064683 108
1396564066.991051746 115
1396564067.017069330 108
1396564067.041004047 109
1396564067.066877745 107
1396564067.090921126 107
1396564067.116927202 111
1396564067.142949292 107
1396564067.166797252 109
1396564067.192746291 107
1396564067.216736072 108
1396564067.242800160 110
1396564067.266676465 107
1396564067.291657757 118
1396564067.317617378 109
1396564067.341720231 107
1396564067.367677379 108
1396564067.391534222 108
1396564067.416560423 110
1396564067.441525610 108
1396564067.466551129 114
1396564067.492566082 108
1396564067.516542013 107
1396564067.542427097 109
1396564067.567429882 107
1396564067.592369400 108
1396564067.620016220 108
1396564067.642304251 107
1396564067.668271606 108
1396564067.692322489 108
1396564067.717391147 109
1396564067.742174077 108
1396564067.767185430 108
1396564067.792192993 107
1396564067.817174907 107
1396564067.842132231 108
1396564067.866992141 107
1396564067.892063013 108
1396564067.916946770 106
1396564067.942028061 107
1396564067.966916720 107
1396564067.991854474 107
1396564068.016934003 107
1396564068.041923696 114
1396564068.066789824 107
1396564068.091811893 107
1396564068.116802713 107
1396564068.140800192 107
1396564068.166670132 107
1396564068.191687803 107
1396564068.216651513 107
1396564068.241639070 107
1396564068.266603363 114
1396564068.292533796 107
1396564068.316551229 107
1396564068.342575047 107
1396564068.367543488 107
1396564068.392545918 107
1396564068.417527773 107
1396564068.441543890 116
1396564068.467421021 107
1396564068.491418733 107
1396564068.517420486 107
1396564068.542237939 107
1396564068.566298044 106
1396564068.592224827 107
1396564068.616312003 107
1396564068.642188278 107
1396564068.666135109 108
1396564068.692131629 107
1396564068.718169161 107
1396564068.742167600 107
1396564068.768062053 107
1396564068.792052968 100
1396564068.818004331 308
1396564068.842025253 345
1396564068.866898075 104
1396564068.892917905 344
1396564068.915908285 96
1396564068.942868209 332
1396564068.966788076 338
1396564068.991158109 99
1396564069.016793029 320
1396564069.041287370 96
1396564069.067787954 336
1396564069.091580659 301
1396564069.116673349 99
1396564069.141611349 338
1396564069.165553152 97
1396564069.191560325 304
1396564069.216480530 100
1396564069.243184167 101
1396564069.266537905 344
1396564069.291840265 102
1396564069.316542282 344
1396564069.341955128 100
1396564069.366358851 101
1396564069.391411676 340
1396564069.417283018 101
1396564069.442329386 346
1396564069.466290915 94
1396564069.492254223 101
1396564069.517165250 323
1396564069.542170314 106
1396564069.567163018 344
1396564069.591151194 95
1396564069.616095448 96
1396564069.641996059 316
1396564069.666039510 94
1396564069.691997921 341
1396564069.714930429 95
1396564069.741922172 102
1396564069.766864562 349
1396564069.791913590 100
1396564069.816784968 345
1396564069.840743773 95
1396564069.866799574 95
1396564069.890737459 95
1396564069.917607182 320
1396564069.942654162 243
1396564069.966680682 94
1396564069.992627215 101
1396564070.016668351 101
1396564070.042606443 333
1396564070.066528189 101
1396564070.092511195 345
1396564070.117534144 100
1396564070.140531731 95
1396564070.167486282 338
1396564070.190503253 95
1396564070.217429401 345
1396564070.241409384 102
1396564070.267409961 100
1396564070.292287944 101
1396564070.316237946 101
1396564070.342285346 336
1396564070.366281501 103
1396564070.392161418 345
1396564070.416160094 100
1396564070.441084520 101
1396564070.467154095 346
1396564070.491042937 104
1396564070.517010830 313
1396564070.539991325 95
1396564070.566038653 96
1396564070.592837888 337
1396564070.615885214 98
1396564070.642905794 340
1396564070.665911233 95
1396564070.691775804 95
1396564070.716729111 339
1396564070.740799654 95
1396564070.767798848 337
1396564070.790808556 90
1396564070.817677606 318
1396564070.841587049 314
1396564070.866647949 105
1396564070.891659035 334
1396564070.915524409 91
1396564070.942537782 307
1396564070.966528813 322
1396564070.991353417 93
1396564071.017502025 331
1396564071.041524489 99
1396564071.066335641 91
1396564071.092396163 327
1396564071.117223680 91
1396564071.142277421 337
1396564071.166287803 93
1396564071.191173656 94
1396564071.217156621 100
1396564071.241105579 95
1396564071.267136580 340
1396564071.290152706 91
1396564071.316096984 90
1396564071.341019183 91
1396564071.365989071 95
1396564071.390962209 94
1396564071.416027573 94
1396564071.440895508 95
1396564071.465916046 96
1396564071.490899308 91
1396564071.515849569 90
1396564071.541878643 322
1396564071.565780159 90
1396564071.589754730 91
1396564071.615747928 99
1396564071.640754920 90
1396564071.666584608 328
1396564071.690646426 90
1396564071.715676154 95
1396564071.741693277 95
1396564071.765679321 95
1396564071.791467271 95
1396564071.816499775 91
1396564071.842516750 341
1396564071.866501995 91
1396564071.890484766 91
1396564071.916334083 90
1396564071.940375056 91
1396564071.967397476 272
1396564071.991268503 90
1396564072.015189139 97
1396564072.042241448 339
1396564072.065184836 95
1396564072.092114541 340
1396564072.115232727 95
1396564072.141104453 95
1396564072.168079207 339
1396564072.192060039 102
1396564072.217977761 333
1396564072.241977103 100
1396564072.267983346 331
1396564072.291981796 325
1396564072.315978874 98
1396564072.342815138 341
1396564072.365887425 93
1396564072.392858115 337
1396564072.416823555 337
1396564072.440742584 92
1396564072.466692298 337
1396564072.490732088 91
1396564072.517703810 329
1396564072.540792309 91
1396564072.566574740 87
1396564072.591581475 329
1396564072.615603008 91
1396564072.641476474 332
1396564072.665496850 90
1396564072.691468499 90
1396564072.716473932 321
1396564072.740448756 94
1396564072.766501658 319
1396564072.790367131 92
1396564072.815528638 90
1396564072.840375482 90
1396564072.866345311 92
1396564072.892648296 312
1396564072.916251939 91
1396564072.941248131 91
1396564072.966259744 90
1396564072.991270025 90
1396564073.016107069 90
1396564073.040116167 91
1396564073.066136793 86
1396564073.091153755 85
1396564073.116010452 96
1396564073.141968678 315
1396564073.165016135 90
1396564073.191026209 91
1396564073.215905684 90
1396564073.240908697 95
1396564073.266840821 312
1396564073.290840355 97
1396564073.316748868 91
1396564073.340780940 91
1396564073.366762762 90
1396564073.392748498 290
1396564073.417697859 263
1396564073.441654731 95
1396564073.465564118 96
1396564073.491617477 93
1396564073.516623573 343
1396564073.542585242 340
1396564073.566561016 91
1396564073.590488459 90
1396564073.616566029 90
1396564073.640578592 91
1396564073.667452268 332
1396564073.690562493 95
1396564073.716344246 94
1396564073.741382729 94
1396564073.765300090 96
1396564073.792259560 340
1396564073.816333847 91
1396564073.842264860 336
1396564073.865257301 97
1396564073.890243690 91
1396564073.917138687 322
1396564073.940081447 92
1396564073.967133158 338
1396564073.990118587 91
1396564074.016006314 90
1396564074.042008383 324
1396564074.065946179 98
1396564074.092954676 321
1396564074.115889086 95
1396564074.142912816 336
1396564074.167016900 301
1396564074.190901612 99
1396564074.216819001 333
1396564074.240793651 96
1396564074.267771888 324
1396564074.290757147 90
1396564074.315840434 94
1396564074.341685088 311
1396564074.365669890 94
1396564074.391640738 323
1396564074.415628280 84
1396564074.440629765 88
1396564074.467519596 301
1396564074.491433207 94
1396564074.517505686 301
1396564074.541483686 90
1396564074.566513341 91
1396564074.592506923 322
1396564074.615454171 96
1396564074.642378048 320
1396564074.666321218 90
1396564074.691253778 96
1396564074.717250335 328
1396564074.740206194 97
1396564074.767202920 336
1396564074.792250195 102
1396564074.816148946 96
1396564074.842129385 312
1396564074.866109520 95
1396564074.892066860 336
1396564074.915013311 97
1396564074.941051230 96
1396564074.967001837 101
1396564074.991015989 91
1396564075.016956081 331
1396564075.039892544 95
1396564075.065887295 96
1396564075.089824897 95
1396564075.115895977 89
1396564075.141767670 339
1396564075.165691344 95
1396564075.191727828 95
1396564075.215759128 95
1396564075.242629058 342
1396564075.266627149 341
1396564075.292648391 312
1396564075.316626215 95
1396564075.340537408 96
1396564075.366506588 99
1396564075.391492111 273
1396564075.417479480 332
1396564075.440500864 95
1396564075.465504565 94
1396564075.490450866 94
1396564075.515499372 95
1396564075.542360671 341
1396564075.566324137 101
1396564075.592370160 350
1396564075.616256402 94
1396564075.641180153 95
1396564075.667281004 338
1396564075.692107631 101
1396564075.718199540 345
1396564075.742124547 100
1396564075.767127055 108
1396564075.792126779 339
1396564075.817145512 102
1396564075.842946319 346
1396564075.866961484 100
1396564075.891940569 101
1396564075.916994557 342
1396564075.940857822 99
1396564075.966817511 335
1396564075.990839344 95
1396564076.015901505 94
1396564076.041694960 329
1396564076.066753739 100
1396564076.091750033 339
1396564076.116751100 105
1396564076.141677639 339
1396564076.166617756 318
1396564076.189555367 98
1396564076.216613741 338
1396564076.240546687 98
1396564076.266493378 339
1396564076.291959003 101
1396564076.315516798 98
1396564076.342450784 340
1396564076.365427615 98
1396564076.392324229 338
1396564076.416367862 95
1396564076.441346700 96
1396564076.466377647 98
1396564076.490210858 97
1396564076.517171758 333
1396564076.541268032 95
1396564076.566241543 96
1396564076.592117968 341
1396564076.615112813 95
1396564076.642063540 336
1396564076.666145891 100
1396564076.692101148 102
1396564076.716119774 343
1396564076.741976559 100
1396564076.768001294 345
1396564076.791979812 100
1396564076.817983904 101
1396564076.841866246 340
1396564076.867863593 344
1396564076.892816427 345
1396564076.916793933 101
1396564076.942886739 101
1396564076.966736799 100
1396564076.992758352 316
1396564077.016736556 345
1396564077.041695153 100
1396564077.067580616 101
1396564077.091613429 100
1396564077.117616206 315
1396564077.141473531 345
1396564077.166501044 99
1396564077.191469297 101
1396564077.216491255 102
1396564077.241497350 107
1396564077.266488852 113
1396564077.292357217 342
1396564077.316268503 108
1396564077.341364629 107
1396564077.366251638 107
1396564077.391249665 107
1396564077.417238028 107
1396564077.441179287 107
1396564077.467072344 108
1396564077.492101216 107
1396564077.517127323 107
1396564077.542114300 107
1396564077.566997055 107
1396564077.592917743 107
1396564077.616989384 108
1396564077.641945737 107
1396564077.667001329 114
1396564077.691871291 111
1396564077.716791795 107
1396564077.741837014 107
1396564077.766838726 107
1396564077.791718239 107
1396564077.816736712 106
1396564077.841693202 113
1396564077.866735137 107
1396564077.891625416 107
1396564077.917638855 107
1396564077.942640289 108
1396564077.967627537 107
1396564077.992540265 101
1396564078.017485891 309
1396564078.041499568 98
1396564078.066490247 104
1396564078.092484437 346
1396564078.117414567 107
1396564078.142464693 108
1396564078.167479174 108
1396564078.191320855 107
1396564078.217325854 107
1396564078.241186510 108
1396564078.267225033 107
1396564078.292248865 107
1396564078.317237782 109
1396564078.342230791 107
1396564078.366108598 117
1396564078.392056410 107
1396564078.416103769 107
1396564078.442130048 108
1396564078.466977791 107
1396564078.490978078 109
1396564078.516918037 107
1396564078.540998336 115
1396564078.566872195 108
1396564078.590870668 107
1396564078.616834066 107
1396564078.642852712 107
1396564078.667285619 108
1396564078.692711132 107
1396564078.716731052 107
1396564078.742726055 107
1396564078.766726124 107
1396564078.791521794 108
1396564078.817605096 108
1396564078.841571206 108
1396564078.867575194 107
1396564078.891605185 108
1396564078.916476549 107
1396564078.941437935 116
1396564078.966446746 108
1396564078.992420883 107
1396564079.016444093 107
1396564079.042437375 107
1396564079.067286123 109
1396564079.092308276 109
1396564079.117190970 108
1396564079.142229699 107
1396564079.168199319 116
1396564079.192222807 115
1396564079.217182733 113
1396564079.242107474 114
1396564079.267080580 114
1396564079.292118463 113
1396564079.317095616 115
1396564079.341903477 120
1396564079.366996288 113
1396564079.391989278 115
1396564079.416920830 113
1396564079.441995240 117
1396564079.466814736 112
1396564079.491795946 112
1396564079.516831676 116
1396564079.541874941 112
1396564079.566672783 119
1396564079.591707415 112
1396564079.616654663 113
1396564079.640714551 114
1396564079.666770401 113
1396564079.691584764 132
1396564079.716810791 111
1396564079.741531264 113
1396564079.766595381 114
1396564079.792469864 113
1396564079.816440261 119
1396564079.842473771 112
1396564079.867486301 120
1396564079.892351622 113
1396564079.917466108 112
1396564079.941302106 119
1396564079.967418908 113
1396564079.991284627 114
1396564080.017170468 113
1396564080.042265208 118
1396564080.066218693 119
1396564080.092228489 111
1396564080.116077573 116
1396564080.142037527 112
1396564080.166100033 112
1396564080.192037421 121
1396564080.217969909 118
1396564080.241951361 122
1396564080.267944539 119
1396564080.291916884 118
1396564080.317838740 119
1396564080.341850551 118
1396564080.366860598 120
1396564080.392847151 119
1396564080.416780377 118
1396564080.442721603 125
1396564080.466721297 119
1396564080.491711353 119
1396564080.517725374 119
1396564080.541596148 119
1396564080.567528902 119
1396564080.591576840 118
1396564080.617596449 124
1396564080.641448934 122
1396564080.666486340 122
1396564080.692401204 120
1396564080.716467917 118
1396564080.742448993 119
1396564080.766486653 123
1396564080.791324455 130
1396564080.816287054 123
1396564080.841342242 122
1396564080.867232843 121
1396564080.891189971 122
1396564080.917209614 122
1396564080.942103846 129
1396564080.967024597 131
1396564080.992079769 128
1396564081.017055916 123
1396564081.043091464 122
1396564081.066964475 122
1396564081.091881443 124
1396564081.116996155 128
1396564081.141972187 131
1396564081.166852471 127
1396564081.191852493 136
1396564081.216770749 129
1396564081.241719335 127
1396564081.266837450 131
1396564081.291722926 124
1396564081.316730535 131
1396564081.341670108 128
1396564081.367646163 128
1396564081.392581712 136
1396564081.417566785 163
1396564081.442588672 132
1396564081.467486195 123
1396564081.492396678 128
1396564081.516418822 132
1396564081.542473360 128
1396564081.567477550 132
1396564081.592473453 139
1396564081.617411224 129
1396564081.641306911 130
1396564081.667333815 128
1396564081.691337849 134
1396564081.717218131 127
1396564081.742191290 129
1396564081.767555576 129
1396564081.792094960 128
1396564081.816078978 132
1396564081.842090167 128
1396564081.866092987 130
1396564081.892035631 130
1396564081.916967361 129
1396564081.941368204 131
1396564081.966966201 128
1396564081.990939325 130
1396564082.017034950 130
1396564082.040835273 128
1396564082.066829056 136
1396564082.092853886 131
1396564082.116831144 144
1396564082.142695120 135
1396564082.166640979 133
1396564082.192708758 135
1396564082.216654338 131
1396564082.241580908 137
1396564082.267580778 136
1396564082.291531408 139
1396564082.317586386 139
1396564082.341442660 135
1396564082.366478924 139
1396564082.391457572 135
1396564082.416435648 136
1396564082.442405943 135
1396564082.466456590 140
1396564082.492477985 133
1396564082.517330993 139
1396564082.542340391 140
1396564082.567337420 138
1396564082.592105274 138
1396564082.618178928 141
1396564082.642214601 140
1396564082.667204520 139
1396564082.692026477 143
1396564082.717027991 139
1396564082.742086249 135
1396564082.767060002 145
1396564082.792024018 143
1396564082.816972006 144
1396564082.842020121 144
1396564082.866917871 121
1396564082.891958510 145
1396564082.916821475 148
1396564082.941779778 146
1396564082.966825851 148
1396564082.991739449 142
1396564083.016685240 149
1396564083.041654372 141
1396564083.066703541 147
1396564083.090684246 146
1396564083.116656736 143
1396564083.141522182 156
1396564083.166578406 145
1396564083.191555932 153
1396564083.216431161 151
1396564083.242386798 148
1396564083.266398936 159
1396564083.292459818 145
1396564083.317454937 153
1396564083.342401373 145
1396564083.367453836 149
1396564083.391266852 157
1396564083.417326570 148
1396564083.441170352 162
1396564083.467202768 147
1396564083.492162459 150
1396564083.516194634 155
1396564083.542136162 145
1396564083.566082022 161
1396564083.592023568 148
1396564083.616079730 152
1396564083.642096643 158
1396564083.667953122 147
1396564083.691912847 161
1396564083.717970651 146
1396564083.741947042 162
1396564083.767947000 163
1396564083.791829664 189
1396564083.816748752 164
1396564083.842847426 147
1396564083.866824036 163
1396564083.892786023 172
1396564083.916681975 172
1396564083.941646924 172
1396564083.966696326 177
1396564083.991695761 172
1396564084.017594339 173
1396564084.041524414 172
1396564084.067502396 172
1396564084.091532065 172
1396564084.116528249 172
1396564084.141403131 173
1396564084.166414768 172
1396564084.192431741 173
1396564084.216399972 172
1396564084.241408083 171
1396564084.266414844 173
1396564084.291261603 172
1396564084.316281770 177
1396564084.341251807 176
1396564084.367149801 181
1396564084.392157409 178
1396564084.417135566 178
1396564084.442160634 176
1396564084.467006285 175
1396564084.492026838 174
1396564084.517011805 179
1396564084.542019820 184
1396564084.566905187 176
1396564084.591895088 176
1396564084.616872897 180
1396564084.641884438 187
1396564084.665803029 186
1396564084.691788989 185
1396564084.716837626 187
1396564084.741758663 183
1396564084.768085875 188
1396564084.791665061 182
1396564084.817650334 190
1396564084.841667296 194
1396564084.867682304 187
1396564084.892497989 198
1396564084.917547067 184
1396564084.942571433 191
1396564084.966459621 194
1396564084.992439681 181
1396564085.016373251 209
1396564085.042457364 180
1396564085.067446125 202
1396564085.091449677 198
1396564085.117439522 178
1396564085.141323778 212
1396564085.167227172 176
1396564085.191321370 203
1396564085.217175014 181
1396564085.242174011 200
1396564085.266329853 209
1396564085.292139241 175
1396564085.316134905 210
1396564085.342141325 181
1396564085.366223824 206
1396564085.391051118 214
1396564085.416998833 208
1396564085.440953125 220
1396564085.466905270 238
