1396564035.498500266 80
1396564035.522463968 91
1396564035.548491935 90
1396564035.572486703 91
1396564035.598488028 91
1396564035.623417519 90
1396564035.648375236 91
1396564035.674416705 272
1396564035.698424485 82
1396564035.723373836 91
1396564035.747236313 90
1396564035.774247340 87
1396564035.799236802 312
1396564035.824749826 82
1396564035.849116117 247
1396564035.874130803 309
1396564035.897111699 79
1396564035.924097047 304
1396564035.946105821 84
1396564035.973991770 302
1396564035.996955033 75
1396564036.021988490 74
1396564036.048991451 297
1396564036.071910546 75
1396564036.099911439 287
1396564036.122927950 75
1396564036.147972372 86
1396564036.173924598 83
1396564036.198831499 89
1396564036.224740753 309
1396564036.246673010 85
1396564036.272786107 84
1396564036.297766378 80
1396564036.322788791 85
1396564036.349650584 251
1396564036.371609151 81
1396564036.397483805 80
1396564036.422593352 75
1396564036.447501816 84
1396564036.473442665 80
1396564036.497471015 76
1396564036.523480998 76
1396564036.548360434 75
1396564036.573391682 77
1396564036.598307557 75
1396564036.623317702 77
1396564036.648211682 76
1396564036.672247002 90
1396564036.698260011 90
1396564036.724226918 274
1396564036.748240432 78
1396564036.772102739 76
1396564036.797182479 81
1396564036.823270118 81
1396564036.849157798 264
1396564036.872932633 91
1396564036.896987359 91
1396564036.923048522 86
1396564036.946982670 85
1396564036.971979183 80
1396564036.998819078 80
1396564037.021857032 76
1396564037.047833683 77
1396564037.071894880 76
1396564037.096707875 72
1396564037.122732505 75
1396564037.146678416 77
1396564037.172727957 91
1396564037.196726744 96
1396564037.222694409 86
1396564037.249606381 308
1396564037.272540426 81
1396564037.298604623 72
1396564037.322462113 77
1396564037.348537111 77
1396564037.373482724 295
1396564037.397482082 77
1396564037.424310765 300
1396564037.447356110 75
1396564037.472350068 86
1396564037.499299608 257
1396564037.522232979 85
1396564037.549241354 308
1396564037.572208466 90
1396564037.597223607 85
1396564037.624113588 232
1396564037.647227573 86
1396564037.675115860 295
1396564037.699050068 85
1396564037.723991788 76
1396564037.749533600 75
1396564037.773979156 81
1396564037.799911888 261
1396564037.821912106 73
1396564037.849848377 240
1396564037.873858550 71
1396564037.897853737 77
1396564037.923852164 71
1396564037.946808387 74
1396564037.973682791 71
1396564037.996702937 72
1396564038.022725667 75
1396564038.048729205 71
1396564038.072725166 89
1396564038.099670671 283
1396564038.121606286 85
1396564038.147594794 86
1396564038.173605322 269
1396564038.197481052 93
1396564038.224479525 302
1396564038.246486153 84
1396564038.272472076 85
1396564038.297322383 80
1396564038.322348269 79
1396564038.348343502 262
1396564038.372302366 76
1396564038.398347497 76
1396564038.422202728 76
1396564038.448228847 76
1396564038.473223251 74
1396564038.498178654 78
1396564038.522274628 76
1396564038.547095629 72
1396564038.573108976 72
1396564038.599109601 310
1396564038.623117758 92
1396564038.646899320 96
1396564038.671991043 83
1396564038.697979806 310
1396564038.723969527 276
1396564038.747837009 76
1396564038.771805373 75
1396564038.797847040 84
1396564038.823893529 295
1396564038.849852826 290
1396564038.872695000 89
1396564038.897730975 90
1396564038.923669348 86
1396564038.947786990 84
1396564038.973804429 74
1396564038.999725069 248
1396564039.022779066 77
1396564039.047575143 77
1396564039.072597373 75
1396564039.097572253 84
1396564039.124482641 284
1396564039.147478537 85
1396564039.172430610 76
1396564039.198378091 75
1396564039.222525855 76
1396564039.248389795 74
1396564039.271364397 77
1396564039.299345192 282
1396564039.322310556 76
1396564039.347339242 77
1396564039.374218069 252
1396564039.396302233 78
1396564039.424202716 234
1396564039.446171763 81
1396564039.472271269 86
1396564039.499233220 284
1396564039.522048327 88
1396564039.550078385 302
1396564039.572019683 85
1396564039.599042734 85
1396564039.624997503 307
1396564039.649051164 82
1396564039.675019370 287
1396564039.697018452 77
1396564039.724933274 284
1396564039.746904303 72
1396564039.772867533 82
1396564039.797844493 73
1396564039.821771077 75
1396564039.849797073 270
1396564039.871726776 72
1396564039.897697511 80
1396564039.922766792 79
1396564039.948764550 84
1396564039.974653579 307
1396564039.997717308 80
1396564040.023567127 78
1396564040.049706711 313
1396564040.073528090 99
1396564040.099457365 308
1396564040.123421701 90
1396564040.147444373 96
1396564040.174467332 312
1396564040.198340217 92
1396564040.224341735 315
1396564040.247284508 84
1396564040.272335768 85
1396564040.299218056 281
1396564040.322331690 82
1396564040.349215023 301
1396564040.373152360 82
1396564040.397072112 81
1396564040.422152200 79
1396564040.447141982 80
1396564040.473055688 278
1396564040.497135457 78
1396564040.522252213 76
1396564040.546963147 85
1396564040.571922471 84
1396564040.597987156 315
1396564040.621838037 82
1396564040.646796679 82
1396564040.671830870 81
1396564040.698829211 80
1396564040.723802221 74
1396564040.747880869 81
1396564040.772659895 81
1396564040.797761999 91
1396564040.823757330 241
1396564040.847768048 85
1396564040.874638634 300
1396564040.897591792 91
1396564040.923527025 86
1396564040.948473696 84
1396564040.972416678 81
1396564040.999476225 298
1396564041.021443483 82
1396564041.047586667 91
1396564041.072460127 90
1396564041.098333332 85
1396564041.125276053 312
1396564041.148334623 83
1396564041.175336139 266
1396564041.197202234 81
1396564041.224204111 82
1396564041.249209544 80
1396564041.273205849 84
1396564041.299062583 80
1396564041.323083744 81
1396564041.349082950 81
1396564041.373080575 81
1396564041.397974897 85
1396564041.423968747 80
1396564041.446989843 85
1396564041.472897506 85
1396564041.497955996 88
1396564041.523834697 98
1396564041.548826710 313
1396564041.571776800 90
1396564041.599776867 306
1396564041.622805224 309
1396564041.648702889 87
1396564041.673688894 304
1396564041.696705930 81
1396564041.723647077 305
1396564041.746723614 80
1396564041.772681352 89
1396564041.797552095 305
1396564041.822526648 86
1396564041.849587021 308
1396564041.872457449 82
1396564041.897458914 87
1396564041.924455520 309
1396564041.948456316 86
1396564041.973456194 306
1396564041.997274532 96
1396564042.023319532 96
1396564042.049332980 315
1396564042.073299638 92
1396564042.099165212 317
1396564042.123127378 96
1396564042.148155221 96
1396564042.173164483 96
1396564042.198164488 96
1396564042.223081882 97
1396564042.248090605 91
1396564042.274022916 91
1396564042.299103524 90
1396564042.324050350 90
1396564042.349989858 263
1396564042.373962579 86
1396564042.398905986 86
1396564042.422954024 85
1396564042.449823563 313
1396564042.473825973 84
1396564042.498826590 96
1396564042.523775777 96
1396564042.547841434 91
1396564042.573698755 90
1396564042.598676045 237
1396564042.623690013 91
1396564042.648677913 92
1396564042.673646536 85
1396564042.698576429 85
1396564042.722579459 89
1396564042.748570769 90
1396564042.772559770 96
1396564042.798391340 95
1396564042.823445203 96
1396564042.847440296 96
1396564042.873427871 96
1396564042.897320678 96
1396564042.923316062 91
1396564042.947274586 90
1396564042.973322488 96
1396564042.999319320 96
1396564043.023245356 98
1396564043.049251678 96
1396564043.074127181 101
1396564043.099200365 93
1396564043.124087436 313
1396564043.148047535 98
1396564043.175047841 305
1396564043.199021186 319
1396564043.224071144 91
1396564043.248925310 316
1396564043.272964968 93
1396564043.298948163 316
1396564043.322887920 90
1396564043.348937973 91
1396564043.373904951 316
1396564043.398803588 95
1396564043.423824471 96
1396564043.448820195 96
1396564043.473642227 97
1396564043.498695400 97
1396564043.525696274 100
1396564043.548695059 97
1396564043.573682766 96
1396564043.598638913 96
1396564043.623570830 96
1396564043.648570445 99
1396564043.673458533 96
1396564043.698426352 97
1396564043.723433084 96
1396564043.748408405 96
1396564043.773444596 97
1396564043.798263544 97
1396564043.823324488 98
1396564043.848245426 96
1396564043.873261925 97
1396564043.898326677 95
1396564043.923170830 96
1396564043.949171806 100
1396564043.973172472 96
1396564043.997000920 97
1396564044.023039108 98
1396564044.048021474 96
1396564044.073083775 98
1396564044.098101512 96
1396564044.122942072 98
1396564044.148870985 97
1396564044.172957835 97
1396564044.198869985 97
1396564044.224831410 103
1396564044.249809506 100
1396564044.273764003 97
1396564044.297860632 97
1396564044.323834209 97
1396564044.347693629 97
1396564044.373765756 98
1396564044.398793022 97
1396564044.422732186 97
1396564044.448685173 96
1396564044.473768347 108
1396564044.499652878 103
1396564044.523539633 108
1396564044.549505069 103
1396564044.575561174 101
1396564044.599370829 102
1396564044.624445442 96
1396564044.649420823 108
1396564044.674429252 98
1396564044.700060194 102
1396564044.723321956 97
1396564044.749294085 96
1396564044.774314052 102
1396564044.800239723 104
1396564044.824130459 102
1396564044.849213827 104
1396564044.874191739 101
1396564044.899165898 104
1396564044.925044287 102
1396564044.948986740 101
1396564044.976118664 107
1396564044.999059275 101
1396564045.024099559 104
1396564045.048946418 102
1396564045.073937494 102
1396564045.099872206 106
1396564045.123935025 102
1396564045.148925755 106
1396564045.173814113 102
1396564045.198817041 102
1396564045.223753555 104
1396564045.248770575 102
1396564045.274691363 107
1396564045.299682193 102
1396564045.324682826 102
1396564045.349666923 104
1396564045.374645612 101
1396564045.399662515 116
1396564045.424559792 107
1396564045.449550934 109
1396564045.474611329 109
1396564045.499527100 111
1396564045.524477687 117
1396564045.549430371 110
1396564045.573392619 110
1396564045.599426065 108
1396564045.624299739 108
1396564045.649251954 113
1396564045.674330856 110
1396564045.699308493 114
1396564045.725194981 112
1396564045.749175891 108
1396564045.775139719 109
1396564045.800175689 108
1396564045.825181494 111
1396564045.850063137 110
1396564045.874086589 116
1396564045.900015466 112
1396564045.924050902 114
1396564045.949993889 113
1396564045.974995230 117
1396564045.998956170 116
1396564046.024947237 115
1396564046.049477843 111
1396564046.074830304 112
1396564046.098823657 115
1396564046.124817751 113
1396564046.149808707 111
1396564046.173770354 117
1396564046.199870703 114
1396564046.223677119 117
1396564046.249715539 119
1396564046.273655388 118
1396564046.298628765 118
1396564046.323690010 117
1396564046.348651388 118
1396564046.374654081 118
1396564046.398575042 118
1396564046.424642960 118
1396564046.449517420 117
1396564046.474418289 118
1396564046.499420730 117
1396564046.524403738 118
1396564046.550427761 120
1396564046.574383591 117
1396564046.599322413 119
1396564046.624297447 116
1396564046.649278736 118
1396564046.674305532 119
1396564046.699119430 117
1396564046.724121003 121
1396564046.749175864 117
1396564046.774178886 120
1396564046.799196156 120
1396564046.824051950 117
1396564046.849979696 126
1396564046.875046218 116
1396564046.899997934 121
1396564046.924902543 115
1396564046.949910959 119
1396564046.974855366 128
1396564046.999935267 116
1396564047.023899415 121
1396564047.049801251 117
1396564047.074793331 118
1396564047.099741681 125
1396564047.126228553 117
1396564047.148726435 126
1396564047.174673785 116
1396564047.198669759 119
1396564047.224652452 122
1396564047.249724036 123
1396564047.274657322 130
1396564047.299724641 122
1396564047.323639387 128
1396564047.349522996 130
1396564047.373535764 113
1396564047.399492305 131
1396564047.424482353 105
1396564047.448466807 127
1396564047.474431821 131
1396564047.498348573 123
1396564047.524347604 129
1396564047.548309671 121
1396564047.574321363 128
1396564047.600362157 127
1396564047.624263796 124
1396564047.650765830 128
1396564047.674142723 122
1396564047.700229893 130
1396564047.724132693 128
1396564047.749058194 126
1396564047.774956688 127
1396564047.799034869 124
1396564047.824991559 129
1396564047.849058384 128
1396564047.873866286 133
1396564047.898859703 132
1396564047.923911195 127
1396564047.949919001 133
1396564047.974059187 134
1396564047.999788883 134
1396564048.024724687 132
1396564048.049771701 132
1396564048.074794009 129
1396564048.099654270 134
1396564048.125665545 135
1396564048.149671201 132
1396564048.174601183 137
1396564048.199667984 130
1396564048.224635125 138
1396564048.249667828 137
1396564048.274663468 135
1396564048.299477314 137
1396564048.324408923 129
1396564048.349409728 138
1396564048.374991148 133
1396564048.399403978 136
1396564048.424423915 143
1396564048.449367898 136
1396564048.474296010 144
1396564048.499296944 126
1396564048.524280915 142
1396564048.549311195 143
1396564048.574222789 141
1396564048.598129678 145
1396564048.624167282 139
1396564048.649158871 142
1396564048.674144429 139
1396564048.699055317 140
1396564048.725295434 148
1396564048.750022602 139
1396564048.774018705 143
1396564048.800079025 140
1396564048.824890632 145
1396564048.849858049 153
1396564048.874880411 145
1396564048.898909537 153
1396564048.924802985 120
1396564048.948788246 123
1396564048.974736098 156
1396564048.998748823 163
1396564049.023763192 160
1396564049.049770248 160
1396564049.073668331 160
1396564049.099679570 161
1396564049.123581313 160
1396564049.149675910 163
1396564049.174682155 161
1396564049.199621002 161
1396564049.225673880 161
1396564049.249486673 161
1396564049.275442008 165
1396564049.299411095 161
1396564049.324405850 161
1396564049.349403848 162
1396564049.374405051 161
1396564049.400346476 168
1396564049.424299556 164
1396564049.449246441 167
1396564049.474232280 167
1396564049.499243862 166
1396564049.525091168 167
1396564049.549153009 165
1396564049.575158123 169
1396564049.599157557 168
1396564049.624153264 166
1396564049.649016205 165
1396564049.674079088 165
1396564049.699010006 173
1396564049.724033486 174
1396564049.748918041 172
1396564049.773920644 171
1396564049.798850135 171
1396564049.823902871 172
1396564049.848897185 174
1396564049.873831723 176
1396564049.899822495 175
1396564049.924783764 174
1396564049.949882823 171
1396564049.974756961 183
1396564049.999658173 183
1396564050.024647620 182
1396564050.048652440 181
1396564050.074586387 181
1396564050.099652175 186
1396564050.124650006 184
1396564050.149667193 181
1396564050.173504827 183
1396564050.199472829 180
1396564050.223407084 190
1396564050.249402030 186
1396564050.274379541 186
1396564050.299410022 194
1396564050.325289392 185
1396564050.349385330 195
1396564050.375307761 185
1396564050.399273346 195
1396564050.425270218 198
1396564050.450188105 189
1396564050.474126523 203
1396564050.500151216 189
1396564050.524132484 197
1396564050.550157220 196
1396564050.574112653 194
1396564050.598992313 212
1396564050.625075407 207
1396564050.649080703 200
1396564050.675103018 188
1396564050.699029028 192
1396564050.724975721 218
1396564050.748895042 193
1396564050.773864165 210
1396564050.799896614 177
1396564050.823778387 208
1396564050.849762430 224
1396564050.873704005 223
1396564050.898774101 224
1396564050.923608372 223
1396564050.948591030 222
1396564050.974646733 227
1396564050.998597717 227
1396564051.024644651 231
1396564051.049664587 227
1396564051.074650116 228
1396564051.099519216 230
1396564051.124576698 227
1396564051.150438711 231
1396564051.174469212 226
1396564051.199362858 228
1396564051.224456110 230
1396564051.249348183 231
1396564051.274340631 235
1396564051.299262295 231
1396564051.324273701 238
1396564051.349199929 239
1396564051.374273348 234
1396564051.399300802 237
1396564051.424138871 226
1396564051.449164030 248
1396564051.475125898 245
1396564051.500101635 235
1396564051.525015824 241
1396564051.549965360 245
1396564051.574996825 255
1396564051.599962567 254
1396564051.623895729 258
1396564051.649811972 248
1396564051.674837841 254
1396564051.699895140 261
1396564051.724786436 263
1396564051.748762941 268
1396564051.774780946 248
1396564051.798792762 264
1396564051.824697596 227
1396564051.849796746 268
1396564051.874641499 272
1396564051.899629237 245
1396564051.923625979 273
1396564051.949587669 234
1396564051.973654257 286
1396564051.999605355 285
1396564052.023498722 285
1396564052.048435830 285
1396564052.074462462 285
1396564052.098375907 294
1396564052.124392008 285
1396564052.148389460 289
1396564052.174288726 299
1396564052.200380552 287
1396564052.224228847 298
1396564052.250320160 272
1396564052.274264682 286
1396564052.300236482 299
1396564052.324151447 267
1396564052.349085264 302
1396564052.374120945 273
1396564052.399213683 301
1396564052.425104923 307
1396564052.449038602 268
1396564052.473962707 314
1396564052.499008798 263
1396564052.524011136 308
1396564052.549031217 307
1396564052.573886504 289
1396564052.599853108 326
1396564052.624819635 267
1396564052.649886681 310
1396564052.674769375 313
1396564052.699744200 285
1396564052.725773682 339
1396564052.749709264 306
1396564052.774631484 333
1396564052.799635295 325
1396564052.824633318 319
1396564052.849602322 346
1396564052.874639633 342
1396564052.898620107 346
1396564052.924636788 343
1396564052.949558809 342
1396564052.974576366 343
1396564052.999563574 332
1396564053.024353306 351
1396564053.049390447 346
1396564053.073382323 353
1396564053.099408327 353
1396564053.124244510 348
1396564053.149179721 357
1396564053.174246738 353
1396564053.198255727 357
1396564053.224279390 355
1396564053.248155603 355
1396564053.274172113 355
1396564053.299135883 357
1396564053.324130837 366
1396564053.350017370 364
1396564053.374018587 348
1396564053.400049748 309
1396564053.423955871 371
1396564053.450008348 380
1396564053.474877248 380
1396564053.498886569 370
1396564053.524900144 360
1396564053.548816608 375
1396564053.574754717 383
1396564053.598775047 384
1396564053.623753725 389
1396564053.649763230 348
1396564053.673682601 395
1396564053.699566549 379
1396564053.723634188 400
1396564053.749585036 404
1396564053.774444254 381
1396564053.799636777 402
1396564053.825434620 379
1396564053.849507595 399
1396564053.875514139 403
1396564053.899361832 376
1396564053.924382571 408
1396564053.950332855 333
1396564053.974384544 400
1396564054.000270533 390
1396564054.024255352 312
1396564054.049275203 414
1396564054.074314995 305
1396564054.099254580 411
1396564054.125148914 310
1396564054.149130306 383
1396564054.175134558 428
1396564054.199124690 314
1396564054.224023474 426
1396564054.248997875 320
1396564054.274006245 388
1396564054.299004152 423
1396564054.323979348 362
1396564054.348950171 443
1396564054.373884299 314
1396564054.398883398 394
1396564054.423871201 399
1396564054.448878982 367
1396564054.473689957 454
1396564054.499748141 353
1396564054.524757773 397
1396564054.549718775 395
1396564054.574635428 377
1396564054.599644424 434
1396564054.624584466 378
1396564054.648622081 399
1396564054.674622399 396
1396564054.699628669 380
1396564054.724510185 424
1396564054.749446612 377
1396564054.773489286 405
1396564054.799366282 397
1396564054.823831536 381
1396564054.849315181 396
1396564054.874327051 376
1396564054.899321825 425
1396564054.925232646 400
1396564054.949237047 382
1396564054.975204618 394
1396564055.000247299 374
1396564055.025063557 412
1396564055.050141766 400
1396564055.074516860 402
1396564055.100133962 391
1396564055.124480328 385
1396564055.149929676 392
1396564055.173999351 401
1396564055.198981357 419
1396564055.224844783 391
1396564055.248860922 390
1396564055.274805972 378
1396564055.298840855 403
1396564055.324836710 410
1396564055.349763054 394
1396564055.373753645 393
1396564055.399768604 376
1396564055.423692046 403
1396564055.449747711 392
1396564055.473649291 402
1396564055.498594973 407
1396564055.523554863 388
1396564055.548566799 407
1396564055.574633563 374
1396564055.598566311 403
1396564055.624496624 410
1396564055.649436620 383
1396564055.674382740 417
1396564055.700321402 382
1396564055.724365822 397
1396564055.750365810 411
1396564055.774367762 369
1396564055.799242388 413
1396564055.824196196 352
1396564055.849204579 387
1396564055.874260746 394
1396564055.899249683 345
1396564055.924116839 435
1396564055.949119657 362
1396564055.974063349 401
1396564055.999184919 370
1396564056.024117942 379
1396564056.049010550 454
1396564056.074997568 374
1396564056.099941811 421
1396564056.125000617 373
1396564056.149894203 380
1396564056.174866157 448
1396564056.199862044 371
1396564056.223866829 442
1396564056.249813624 372
1396564056.274746952 390
1396564056.299745930 421
1396564056.324737990 373
1396564056.348741540 457
1396564056.374682967 370
1396564056.398610282 393
1396564056.424626271 402
1396564056.449613974 381
1396564056.474613935 432
1396564056.499560888 379
1396564056.523605170 402
1396564056.549492111 402
1396564056.573486724 385
1396564056.599398303 409
1396564056.624357131 380
1396564056.648306651 413
1396564056.674364040 402
1396564056.698352317 384
1396564056.724247463 383
1396564056.748255409 367
1396564056.774173300 413
1396564056.800213096 407
1396564056.824126943 383
1396564056.850097190 392
1396564056.874118092 354
1396564056.900135385 415
1396564056.924101954 406
1396564056.949004946 389
1396564056.974990572 391
1396564056.998974702 360
1396564057.024860633 395
1396564057.048773639 407
1396564057.073848346 421
1396564057.099857906 390
1396564057.123742393 365
1396564057.149753084 369
1396564057.173686540 409
1396564057.199753410 412
1396564057.224755305 387
1396564057.249567675 396
1396564057.275606565 373
1396564057.299607760 410
1396564057.325556247 400
1396564057.349584083 383
1396564057.374707225 402
1396564057.399478030 375
1396564057.424546086 407
1396564057.450439998 382
1396564057.474414165 397
1396564057.499338947 402
1396564057.524356868 381
1396564057.549355643 409
1396564057.574311347 373
1396564057.599243765 386
1396564057.625259624 392
1396564057.649233991 271
1396564057.674283450 396
1396564057.699097308 262
1396564057.724053378 376
1396564057.749083949 340
1396564057.774106729 312
1396564057.798993508 386
1396564057.823982290 299
1396564057.848928988 377
1396564057.873986371 297
1396564057.898800029 329
1396564057.923847437 378
1396564057.949821512 303
1396564057.974854023 364
1396564057.999817406 303
1396564058.024735042 338
1396564058.049732564 370
1396564058.074740528 335
1396564058.098675543 359
1396564058.124528676 332
1396564058.148605752 348
1396564058.174607229 360
1396564058.199547300 330
1396564058.223606876 357
1396564058.249553562 340
1396564058.273607056 346
1396564058.299475052 350
1396564058.323483380 340
1396564058.349424225 347
1396564058.375344842 341
1396564058.399300362 344
1396564058.425333831 344
1396564058.449296545 343
1396564058.475353679 344
1396564058.499275710 342
1396564058.524171045 338
1396564058.550228803 338
1396564058.574251704 322
1396564058.600047905 325
1396564058.624097724 297
1396564058.649120049 325
1396564058.674108515 324
1396564058.698956762 313
1396564058.724958869 298
1396564058.748987348 298
1396564058.774956388 311
1396564058.798899973 312
1396564058.823852183 310
1396564058.849809244 308
1396564058.873836952 295
1396564058.899822026 296
1396564058.923669354 307
1396564058.948738480 301
1396564058.973715163 297
1396564058.998743680 293
1396564059.023720304 294
1396564059.048603812 292
1396564059.074513962 291
1396564059.099596875 289
1396564059.124519140 289
1396564059.149583492 288
1396564059.174589272 293
1396564059.199543070 286
1396564059.226122866 289
1396564059.249476219 291
1396564059.274352314 288
1396564059.299377919 292
1396564059.324343403 285
1396564059.349381946 288
1396564059.373345042 277
1396564059.399231594 262
1396564059.424225431 271
1396564059.449222570 256
1396564059.474152776 234
1396564059.499219120 263
1396564059.525099347 219
1396564059.549098879 265
1396564059.575099027 225
1396564059.600121395 256
1396564059.624960853 253
1396564059.649981082 218
1396564059.673972386 258
1396564059.699908529 215
1396564059.723838267 245
1396564059.749751744 232
1396564059.774850600 238
1396564059.798841900 256
1396564059.824727664 211
1396564059.848730995 245
1396564059.874643357 217
1396564059.898695098 242
1396564059.924720268 247
1396564059.949599411 234
1396564059.973611698 240
1396564059.999522731 229
1396564060.023592553 233
1396564060.049608878 239
1396564060.073570112 232
1396564060.098474398 234
1396564060.124431451 226
1396564060.148418689 228
1396564060.174310983 231
1396564060.198331408 227
1396564060.224344893 226
1396564060.249367436 222
1396564060.274290017 223
1396564060.300212316 224
1396564060.324228669 223
1396564060.350187444 224
1396564060.374211398 223
1396564060.399164315 224
1396564060.424087771 223
1396564060.449096275 223
1396564060.475069844 223
1396564060.499088059 222
1396564060.524042589 217
1396564060.548862048 216
1396564060.573895068 212
1396564060.598923925 211
1396564060.623917491 192
1396564060.649921785 206
1396564060.674737007 206
1396564060.699791538 200
1396564060.724788350 196
1396564060.749796003 198
1396564060.774664421 200
1396564060.799680945 207
1396564060.824642558 206
1396564060.849705435 162
1396564060.874710963 167
1396564060.899587082 187
1396564060.924589139 197
1396564060.948521086 192
1396564060.974588280 185
1396564060.999567249 176
1396564061.024561934 151
1396564061.049459102 189
1396564061.074570500 184
1396564061.099350227 180
1396564061.123264671 182
1396564061.149463556 177
1396564061.174337587 185
1396564061.199341257 178
1396564061.224167978 181
1396564061.248211372 183
1396564061.274220468 178
1396564061.298222560 184
1396564061.324207855 178
1396564061.349027879 175
1396564061.374107801 174
1396564061.400046275 170
1396564061.424069051 177
1396564061.449970425 171
1396564061.473949110 166
1396564061.499908829 169
1396564061.524965844 165
1396564061.548915050 177
1396564061.574824758 166
1396564061.598893847 167
1396564061.624801973 167
1396564061.649001235 165
1396564061.673813771 173
1396564061.699761070 166
1396564061.723749544 168
1396564061.749866602 166
1396564061.773699297 166
1396564061.799570104 172
1396564061.824553290 165
1396564061.849560778 168
1396564061.875558472 167
1396564061.899555196 167
1396564061.925474089 164
1396564061.949584178 161
1396564061.974389650 164
1396564061.999506124 161
1396564062.024398334 161
1396564062.050557154 161
1396564062.074414966 161
1396564062.099368111 162
1396564062.124368779 161
1396564062.149421439 164
1396564062.174159426 161
1396564062.199251587 165
1396564062.225170491 161
1396564062.249250406 166
1396564062.274225386 167
1396564062.299050586 166
1396564062.324153505 119
1396564062.349055405 151
1396564062.374110702 127
1396564062.398040848 153
1396564062.423906829 151
1396564062.448955367 146
1396564062.473972603 128
1396564062.498943683 147
1396564062.523956284 152
1396564062.549831603 151
1396564062.573734946 144
1396564062.599866648 141
1396564062.624828115 145
1396564062.649721570 143
1396564062.674685401 142
1396564062.698648933 141
1396564062.724687647 138
1396564062.748680655 142
1396564062.774583388 140
1396564062.799579431 142
1396564062.823519039 144
1396564062.849553981 138
1396564062.873575410 137
1396564062.899579927 131
1396564062.923595586 137
1396564062.949399757 137
1396564062.975388800 132
1396564062.999430515 134
1396564063.025325575 129
1396564063.049330321 134
1396564063.075295905 133
1396564063.099337669 128
1396564063.124377891 136
1396564063.150293047 126
1396564063.174209607 134
1396564063.200250273 125
1396564063.224165913 131
1396564063.249293225 136
1396564063.274127932 119
1396564063.299146777 133
1396564063.325127708 123
1396564063.348975337 128
1396564063.375059130 127
1396564063.398934095 124
1396564063.423966430 131
1396564063.448962622 115
1396564063.473922865 124
1396564063.499881451 125
1396564063.523867806 123
1396564063.548879319 132
1396564063.573871893 123
1396564063.598817575 130
1396564063.623728952 125
1396564063.648703470 121
1396564063.674698548 133
1396564063.699772226 126
1396564063.724750653 132
1396564063.749641339 132
1396564063.774636798 111
1396564063.799567293 130
1396564063.824500234 101
1396564063.848716340 128
1396564063.874601992 127
1396564063.899525632 121
1396564063.924438806 125
1396564063.949448338 119
1396564063.973342303 126
1396564063.999328697 124
1396564064.023326549 123
1396564064.049319251 124
1396564064.074379255 117
1396564064.099369434 121
1396564064.125262837 119
1396564064.149163523 118
1396564064.175244777 119
1396564064.199203658 115
1396564064.225137167 119
1396564064.250131475 119
1396564064.273990977 121
1396564064.300068689 119
1396564064.324070359 118
1396564064.350071565 117
1396564064.373950153 119
1396564064.398880216 120
1396564064.424910753 118
1396564064.449077550 119
1396564064.474882620 116
1396564064.498841263 120
1396564064.524818059 120
1396564064.548749571 119
1396564064.573802169 120
1396564064.599698967 116
1396564064.623673618 119
1396564064.649721305 118
1396564064.673643712 119
1396564064.698507882 120
1396564064.723585050 117
1396564064.748514051 119
1396564064.774548164 116
1396564064.798574683 119
1396564064.824494724 112
1396564064.849544822 111
1396564064.874434999 115
1396564064.899440411 111
1396564064.924347006 113
1396564064.950230019 112
1396564064.974250531 111
1396564064.999244675 118
1396564065.024275109 110
1396564065.049116888 110
1396564065.074122049 108
1396564065.099141832 108
1396564065.124139292 118
1396564065.149082370 111
1396564065.174005846 112
1396564065.199008584 107
1396564065.223974969 114
1396564065.248925357 113
1396564065.274955404 109
1396564065.299922436 116
1396564065.325003801 108
1396564065.349886569 108
1396564065.374861818 112
1396564065.399727302 106
1396564065.423864132 114
1396564065.449745926 106
1396564065.474744693 107
1396564065.499685008 108
1396564065.524716415 107
1396564065.548704753 114
1396564065.574683695 107
1396564065.598507634 108
1396564065.624505526 109
1396564065.649582761 106
1396564065.674540436 115
1396564065.699564625 110
1396564065.723550331 110
1396564065.749506791 109
1396564065.773430986 108
1396564065.799390388 109
1396564065.824437464 106
1396564065.848288274 111
1396564065.874260208 109
1396564065.898314368 108
1396564065.924328924 108
1396564065.948177184 102
1396564065.974163079 105
1396564066.000166756 104
1396564066.024139857 103
1396564066.050163747 103
1396564066.074056730 102
1396564066.100010844 103
1396564066.124062323 104
1396564066.148865594 104
1396564066.174881650 103
1396564066.198941551 102
1396564066.224942306 101
1396564066.248934292 104
1396564066.273944306 104
1396564066.298806324 102
1396564066.323805202 102
1396564066.349824298 102
1396564066.373676362 104
1396564066.398679622 98
1396564066.423631357 96
1396564066.449689057 103
1396564066.474646251 102
1396564066.499568111 105
1396564066.525577096 103
1396564066.549503557 102
1396564066.574505374 105
1396564066.599571329 102
1396564066.624556848 105
1396564066.649530685 102
1396564066.674439884 103
1396564066.699358852 104
1396564066.724431613 102
1396564066.749298218 107
1396564066.774253048 102
1396564066.799300861 102
1396564066.823234143 97
1396564066.849137358 101
1396564066.874181539 106
1396564066.899113275 100
1396564066.923117605 97
1396564066.947967803 96
1396564066.972988114 96
1396564066.998050852 100
1396564067.023050958 96
1396564067.047944384 97
1396564067.072924651 96
1396564067.098102173 96
1396564067.123883432 104
1396564067.148905538 96
1396564067.172735706 99
1396564067.198759629 96
1396564067.223739412 97
1396564067.249786971 102
1396564067.273609302 97
1396564067.298685819 101
1396564067.323594849 97
1396564067.347592510 96
1396564067.373673499 97
1396564067.398543736 96
1396564067.422509122 98
1396564067.448549077 96
1396564067.472542230 96
1396564067.498450339 97
1396564067.522525333 96
1396564067.548423022 97
1396564067.574379265 96
1396564067.598309747 96
1396564067.624245650 96
1396564067.648298338 97
1396564067.674303063 97
1396564067.698301999 96
1396564067.723291145 98
1396564067.749169518 98
1396564067.773130428 96
1396564067.799152537 96
1396564067.823166859 97
1396564067.848055764 98
1396564067.873070814 98
1396564067.897994575 97
1396564067.923963771 96
1396564067.947933981 97
1396564067.973918174 97
1396564067.997898850 97
1396564068.022872916 96
1396564068.047886089 96
1396564068.072739708 90
1396564068.099794906 296
1396564068.122724826 91
1396564068.147786423 96
1396564068.172599991 96
1396564068.197690655 97
1396564068.222620418 97
1396564068.248650810 102
1396564068.273612267 91
1396564068.298493672 91
1396564068.323530279 95
1396564068.349538080 315
1396564068.373487059 97
1396564068.398549076 90
1396564068.424542656 321
1396564068.449142137 91
1396564068.474393982 294
1396564068.498422249 91
1396564068.524217128 315
1396564068.548277247 95
1396564068.572212184 97
1396564068.598236488 96
1396564068.623255762 95
1396564068.648162152 96
1396564068.673718097 96
1396564068.698168695 92
1396564068.725092154 305
1396564068.748035592 90
1396564068.775040608 302
1396564068.799063613 81
1396564068.823976491 81
1396564068.848860820 79
1396564068.872954499 86
1396564068.899918312 286
1396564068.921901494 84
1396564068.949924504 296
1396564068.974809200 225
1396564068.996797472 85
1396564069.024791235 256
1396564069.046683945 86
1396564069.074651245 266
1396564069.097610320 84
1396564069.122591963 96
1396564069.148679290 96
1396564069.171537234 96
1396564069.198558034 96
1396564069.222545991 97
1396564069.248504761 96
1396564069.272408508 97
1396564069.297541135 96
1396564069.322520443 97
1396564069.347395730 91
1396564069.373409265 92
1396564069.398240418 311
1396564069.423322632 86
1396564069.448263601 84
1396564069.472252153 86
1396564069.499179279 86
1396564069.523114868 81
1396564069.549452467 81
1396564069.573159580 80
1396564069.597147851 82
1396564069.622013162 82
1396564069.648035747 90
1396564069.673954579 241
1396564069.698060326 90
1396564069.721907092 86
1396564069.747922976 92
1396564069.772906690 84
1396564069.798845357 308
1396564069.823764261 311
1396564069.847778149 81
1396564069.872766649 82
1396564069.897789422 95
1396564069.924754344 322
1396564069.949597987 322
1396564069.972617952 90
1396564069.998658359 90
1396564070.023660043 91
1396564070.049675352 304
1396564070.073477315 80
1396564070.099529604 300
1396564070.123534283 81
1396564070.146535814 91
1396564070.174419415 293
1396564070.196368644 85
1396564070.224336771 307
1396564070.248409688 81
1396564070.273258231 82
1396564070.298342583 80
1396564070.322264054 77
1396564070.349212036 280
1396564070.373298206 82
1396564070.399152690 305
1396564070.423156067 75
1396564070.447161553 77
1396564070.474155200 289
1396564070.497045784 81
1396564070.524034606 273
1396564070.547048152 85
1396564070.572029462 86
1396564070.599909924 308
1396564070.621850300 89
1396564070.649908080 310
1396564070.671904195 85
1396564070.697773779 82
1396564070.723762989 79
1396564070.746700846 82
1396564070.774772973 298
1396564070.796583864 77
1396564070.823662019 76
1396564070.847656417 75
1396564070.872668681 81
1396564070.898819577 74
1396564070.921530398 77
1396564070.948502702 75
1396564070.972504202 75
1396564070.997499939 83
1396564071.023481613 80
1396564071.047340256 77
1396564071.073434248 76
1396564071.098409389 81
1396564071.123274984 81
1396564071.148209446 90
1396564071.172276277 82
1396564071.197204750 81
1396564071.223155683 85
1396564071.248135478 81
1396564071.274159501 317
1396564071.297135509 91
1396564071.322011100 93
1396564071.346957234 89
1396564071.372004265 90
1396564071.397959964 309
1396564071.422934048 76
1396564071.446880720 78
1396564071.471894463 81
1396564071.496872865 80
1396564071.522745889 282
1396564071.549813754 284
1396564071.571766091 74
1396564071.596740444 77
1396564071.621746576 75
1396564071.646746291 90
1396564071.673584425 302
1396564071.696651463 85
1396564071.721676165 73
1396564071.747608323 72
1396564071.772519257 75
1396564071.798469369 266
1396564071.822454220 75
1396564071.848522389 72
1396564071.872535345 72
1396564071.896516336 78
1396564071.923392361 293
1396564071.947361231 85
1396564071.974353362 308
1396564071.997265817 85
1396564072.021225990 85
1396564072.049203457 311
1396564072.071229225 85
1396564072.099203894 312
1396564072.122086126 81
1396564072.147079422 85
1396564072.174102831 84
1396564072.198093033 84
1396564072.224987559 248
1396564072.248921786 73
1396564072.273972210 70
1396564072.299005431 72
1396564072.321982659 80
1396564072.348850193 75
1396564072.371810202 74
1396564072.398843345 71
1396564072.423872157 72
1396564072.446727607 75
1396564072.473744705 72
1396564072.496694432 76
1396564072.523605341 71
1396564072.546660765 73
1396564072.572596517 82
1396564072.597602797 80
1396564072.621602993 90
1396564072.649438956 248
1396564072.671472784 85
1396564072.697452267 86
1396564072.723481156 316
1396564072.746517686 85
1396564072.773446275 310
1396564072.796477361 81
1396564072.822347531 81
1396564072.847332136 311
1396564072.872396674 78
1396564072.899267066 297
1396564072.922261140 81
1396564072.947256149 80
1396564072.973265374 299
1396564072.998267991 76
1396564073.023151619 305
1396564073.047087745 78
1396564073.072147226 75
1396564073.097141644 75
1396564073.121992823 75
1396564073.149032634 315
1396564073.171943030 81
1396564073.196894730 80
1396564073.221906969 71
1396564073.246908553 71
1396564073.272894780 74
1396564073.296819225 85
1396564073.322721004 85
1396564073.347756456 85
1396564073.372741364 84
1396564073.398772985 84
1396564073.424781552 261
1396564073.447568915 85
1396564073.471599188 77
1396564073.497647211 75
1396564073.523639893 76
1396564073.549482354 305
1396564073.572459057 76
1396564073.596566395 81
1396564073.622563241 80
1396564073.646577443 85
1396564073.673523375 84
1396564073.697467866 81
1396564073.722331923 72
1396564073.747384844 72
1396564073.771389102 77
1396564073.798287139 75
1396564073.821213151 77
1396564073.848187335 75
1396564073.872270918 75
1396564073.896091179 77
1396564073.923154508 75
1396564073.946119976 78
1396564073.973096973 75
1396564073.996131878 86
1396564074.022011372 91
1396564074.049993717 284
1396564074.071983862 88
1396564074.099968219 295
1396564074.122024932 86
1396564074.148881193 85
1396564074.172870472 84
1396564074.196879115 81
1396564074.224899510 264
1396564074.246899627 79
1396564074.274779907 263
1396564074.296836168 76
1396564074.321744248 76
1396564074.349689859 261
1396564074.371562334 81
1396564074.399652349 302
1396564074.421572760 76
1396564074.447611354 74
1396564074.474518065 288
1396564074.497504005 84
1396564074.525452010 303
1396564074.547501776 75
1396564074.573522537 77
1396564074.599508234 301
1396564074.622516976 93
1396564074.649341666 312
1396564074.672363280 90
1396564074.697357723 90
1396564074.724287009 287
1396564074.747243207 92
1396564074.774280979 308
1396564074.798196655 91
1396564074.822132052 91
1396564074.849129843 242
1396564074.872073395 81
1396564074.899134888 289
1396564074.922091406 82
1396564074.947029602 81
1396564074.972948077 76
1396564074.997005890 75
1396564075.023904371 246
1396564075.045827374 76
1396564075.071891025 77
1396564075.096849496 81
1396564075.121834599 81
1396564075.148747938 302
1396564075.171758909 81
1396564075.197702611 81
1396564075.221760107 81
1396564075.248622143 80
1396564075.274635593 268
1396564075.298600371 75
1396564075.322578291 77
1396564075.346628478 86
1396564075.372495571 85
1396564075.397501512 90
1396564075.424540636 293
1396564075.447500717 92
1396564075.471498199 91
1396564075.497503119 90
1396564075.521379234 86
1396564075.549375438 291
1396564075.572404009 82
1396564075.598197400 85
1396564075.623231002 84
1396564075.647244011 91
1396564075.675235961 312
1396564075.698199062 87
1396564075.725103708 309
1396564075.748058416 81
1396564075.773124886 82
1396564075.799120984 79
1396564075.822993870 84
1396564075.849994337 299
1396564075.872944252 76
1396564075.898006463 81
1396564075.923992379 80
1396564075.946898820 81
1396564075.973849830 80
1396564075.996879296 81
1396564076.022899765 75
1396564076.048767859 315
1396564076.072768140 90
1396564076.099743055 312
1396564076.122639261 85
1396564076.149556554 313
1396564076.173555039 255
1396564076.196623091 85
1396564076.223623190 297
1396564076.246516994 82
1396564076.274445013 298
1396564076.297495685 80
1396564076.322493994 84
1396564076.349515228 295
1396564076.372497152 86
1396564076.399498501 306
1396564076.422336822 84
1396564076.447250703 87
1396564076.473263224 292
1396564076.497250199 88
1396564076.524239246 294
1396564076.547187424 84
1396564076.572240121 86
1396564076.599121678 312
1396564076.621056660 96
1396564076.648115449 97
1396564076.673080220 91
1396564076.698097160 91
1396564076.723959135 317
1396564076.748012945 96
1396564076.773949279 97
1396564076.797986386 96
1396564076.823783381 96
1396564076.848851229 96
1396564076.873864296 96
1396564076.899870372 317
1396564076.922805260 91
1396564076.948701266 91
1396564076.972688407 91
1396564076.999740557 246
1396564077.023723243 89
1396564077.047643205 85
1396564077.073568073 87
1396564077.097571669 91
1396564077.123616810 88
1396564077.147499420 96
1396564077.172502038 96
1396564077.198497273 91
1396564077.222418044 86
1396564077.248486211 85
1396564077.272483605 90
1396564077.299374929 317
1396564077.323356688 91
1396564077.347188252 91
1396564077.373232458 90
1396564077.397220945 91
1396564077.423264082 90
1396564077.447170841 96
1396564077.473056007 97
1396564077.499050349 96
1396564077.523114072 96
1396564077.550118304 101
1396564077.573998873 103
1396564077.599006840 96
1396564077.623896235 101
1396564077.647931248 98
1396564077.674896828 101
1396564077.697847546 98
1396564077.724862956 299
1396564077.747806277 89
1396564077.772862571 91
1396564077.798732089 312
1396564077.822719629 93
1396564077.849715780 316
1396564077.872664557 91
1396564077.898565441 91
1396564077.924556057 316
1396564077.948611353 94
1396564077.974627375 312
1396564077.998504633 91
1396564078.025443394 255
1396564078.047470897 88
1396564078.074516276 101
1396564078.098487701 97
1396564078.123471585 97
1396564078.148436577 96
1396564078.173492604 96
1396564078.198355591 99
1396564078.223355593 97
1396564078.248215962 98
1396564078.273233616 97
1396564078.298181311 96
1396564078.323159193 98
1396564078.348262006 97
1396564078.373083559 99
1396564078.398115401 97
1396564078.423043808 96
1396564078.447975094 97
1396564078.472958512 96
1396564078.497254316 97
1396564078.522975615 96
1396564078.547928326 97
1396564078.572814025 98
1396564078.597786533 96
1396564078.622863994 96
1396564078.648831294 96
1396564078.672733295 97
1396564078.698662340 98
1396564078.723740084 98
1396564078.748674920 97
1396564078.773734475 96
1396564078.797576531 98
1396564078.823533270 98
1396564078.847607328 97
1396564078.873607087 97
1396564078.898536513 96
1396564078.922437090 97
1396564078.948397835 98
1396564078.973397260 102
1396564079.001700933 96
1396564079.023439150 101
1396564079.048438875 96
1396564079.075310585 102
1396564079.099286967 104
1396564079.125316140 101
1396564079.149245589 108
1396564079.175223296 105
1396564079.199173397 102
1396564079.223095659 98
1396564079.249036626 96
1396564079.273105986 96
1396564079.299061421 96
1396564079.323115311 98
1396564079.349336836 103
1396564079.373898617 102
1396564079.398917838 103
1396564079.424975127 102
1396564079.449533784 104
1396564079.474859819 102
1396564079.498792366 102
1396564079.523795546 106
1396564079.548821569 101
1396564079.573731766 105
1396564079.599665424 102
1396564079.623700378 103
1396564079.648657417 104
1396564079.673704699 102
1396564079.698600721 107
1396564079.723605182 102
1396564079.748594294 103
1396564079.774623831 103
1396564079.799429304 102
1396564079.824475390 108
1396564079.849473146 102
1396564079.874477097 103
1396564079.899444936 102
1396564079.924288856 101
1396564079.949352270 111
1396564079.974343655 102
1396564079.999206194 103
1396564080.024221656 102
1396564080.049180057 101
1396564080.073224934 113
1396564080.099106896 107
1396564080.124083027 111
1396564080.149097736 108
1396564080.174108984 111
1396564080.198919389 114
1396564080.225006085 110
1396564080.248972387 115
1396564080.274950269 112
1396564080.299973339 108
1396564080.324773846 109
1396564080.349871848 107
1396564080.373865047 114
1396564080.399824754 112
1396564080.423722326 119
1396564080.449729336 112
1396564080.474648764 110
1396564080.498715708 112
1396564080.524590720 116
1396564080.548594071 117
1396564080.574559081 116
1396564080.598545697 113
1396564080.624485440 111
1396564080.649484485 115
1396564080.673431167 114
1396564080.699482237 111
1396564080.723414941 110
1396564080.749465642 110
1396564080.773322788 111
1396564080.798325244 112
1396564080.824351593 109
1396564080.848294713 111
1396564080.874177139 109
1396564080.898183864 118
1396564080.924178394 117
1396564080.950078357 118
1396564080.974118798 119
1396564081.000077535 117
1396564081.024094101 118
1396564081.050118674 112
1396564081.073984312 119
1396564081.098971961 119
1396564081.124896621 117
1396564081.148964022 119
1396564081.174844313 117
1396564081.198838999 119
1396564081.223867099 119
1396564081.248792230 118
1396564081.273717620 120
1396564081.299713995 117
1396564081.323711208 118
1396564081.349729788 118
1396564081.374596863 117
1396564081.399538360 124
1396564081.424603365 117
1396564081.449593470 119
1396564081.475469477 117
1396564081.499479399 118
1396564081.524405124 122
1396564081.549474266 117
1396564081.574480449 123
1396564081.599482695 117
1396564081.624359452 118
1396564081.649260156 121
1396564081.674347634 117
1396564081.699217846 128
1396564081.724172395 117
1396564081.749215543 120
1396564081.774220305 120
1396564081.799032623 121
1396564081.824085027 130
1396564081.849064743 121
1396564081.874085580 129
1396564081.899055057 125
1396564081.923913349 121
1396564081.947925017 127
1396564081.973959879 102
1396564082.001747467 130
1396564082.023836437 128
1396564082.048855697 114
1396564082.073784742 125
1396564082.099812671 109
1396564082.123832568 128
1396564082.149719205 131
1396564082.174719503 125
1396564082.199659620 124
1396564082.224602566 123
1396564082.248561476 129
1396564082.274582128 128
1396564082.298576693 127
1396564082.324583342 125
1396564082.349402684 123
1396564082.373467605 128
1396564082.399475102 128
1396564082.423411521 128
1396564082.449456946 127
1396564082.473393615 130
1396564082.499458114 130
1396564082.525306198 133
1396564082.549312456 130
1396564082.575316052 127
1396564082.599203996 130
1396564082.625154489 129
1396564082.649232319 133
1396564082.674135697 135
1396564082.700080088 132
1396564082.724058472 131
1396564082.750061043 130
1396564082.774069450 134
1396564082.798950919 133
1396564082.823952865 133
1396564082.849090262 135
1396564082.874852096 130
1396564082.898898892 138
1396564082.924765723 132
1396564082.948766665 136
1396564082.973793225 138
1396564082.998770439 132
1396564083.023614604 144
1396564083.049678526 134
1396564083.073669185 142
1396564083.098689067 143
1396564083.123593180 125
1396564083.148602522 145
1396564083.173513066 133
1396564083.198579377 143
1396564083.224478283 139
1396564083.249447703 141
1396564083.274454289 148
1396564083.299405323 125
1396564083.324420737 143
1396564083.349478095 134
1396564083.374470667 141
1396564083.399311317 147
1396564083.424330707 141
1396564083.449112737 149
1396564083.474180194 132
1396564083.499198418 149
1396564083.523200726 149
1396564083.549096552 124
1396564083.574019522 160
1396564083.599108668 116
1396564083.624074987 146
1396564083.649051576 152
1396564083.674958485 165
1396564083.698933436 163
1396564083.724860612 161
1396564083.749931793 160
1396564083.774952575 160
1396564083.799795595 160
1396564083.823822757 162
1396564083.849756445 160
1396564083.873807441 161
1396564083.899821477 161
1396564083.924698654 160
1396564083.948705643 161
1396564083.974627731 160
1396564083.998697446 162
1396564084.024678924 161
1396564084.048552743 160
1396564084.074583224 160
1396564084.099524653 160
1396564084.124787034 163
1396564084.149412155 161
1396564084.173404157 167
1396564084.199404467 167
1396564084.223410203 164
1396564084.248366054 167
1396564084.273382408 167
1396564084.298276775 167
1396564084.324259213 166
1396564084.348149043 165
1396564084.374139220 165
1396564084.399127588 168
1396564084.424163707 174
1396564084.450154201 171
1396564084.474044625 172
1396564084.500010331 169
1396564084.523996688 176
1396564084.549021291 177
1396564084.573899638 175
1396564084.598920341 175
1396564084.624925163 170
1396564084.648869607 177
1396564084.673782304 181
1396564084.698779720 181
1396564084.723814465 183
1396564084.748820515 181
1396564084.773773290 186
1396564084.799594019 152
1396564084.824649540 182
1396564084.849663608 189
1396564084.874672072 185
1396564084.899546043 191
1396564084.925484549 184
1396564084.949546909 187
1396564084.974472411 188
1396564085.002821145 184
1396564085.024411556 194
1396564085.049448240 184
1396564085.074388181 191
1396564085.098454689 190
1396564085.124436538 192
1396564085.149307918 205
1396564085.174318663 193
1396564085.199263600 204
1396564085.224186651 162
1396564085.249157091 196
1396564085.273168300 207
1396564085.299257530 206
1396564085.324013853 206
1396564085.349075721 170
1396564085.374037005 196
1396564085.398009753 213
1396564085.423902372 183
1396564085.447887907 217
1396564085.473898571 179
