0 106
1 107
2 107
3 107
4 109
5 107
6 107
7 108
8 107
9 108
10 107
11 108
12 108
13 107
14 108
15 108
16 108
17 108
18 108
19 108
20 108
21 108
22 108
23 120
24 116
25 107
26 101
27 102
28 102
29 106
30 104
31 102
32 103
33 102
34 103
35 104
36 103
37 103
38 103
39 103
40 104
41 103
42 103
43 103
44 103
45 104
46 103
47 103
48 104
49 104
50 104
51 103
52 103
53 104
54 116
55 116
56 101
57 102
58 102
59 102
60 102
61 104
62 102
63 102
64 102
65 99
66 104
67 103
68 103
69 103
70 103
71 104
72 103
73 99
74 99
75 103
76 100
77 99
78 99
79 99
80 100
81 99
82 105
83 113
84 100
85 111
86 112
87 102
88 97
89 100
90 98
91 98
92 99
93 98
94 99
95 99
96 99
97 99
98 98
99 99
100 99
101 99
102 100
103 99
104 99
105 99
106 99
107 100
108 99
109 99
110 99
111 99
112 100
113 112
114 112
115 100
116 103
117 97
118 97
119 97
120 100
121 98
122 98
123 98
124 99
125 100
126 99
127 99
128 100
129 99
130 100
131 98
132 99
133 100
134 99
135 99
136 99
137 99
138 100
139 99
140 99
141 100
142 99
143 112
144 111
145 111
146 100
147 97
148 97
149 97
150 98
151 100
152 98
153 99
154 98
155 99
156 100
157 99
158 99
159 100
160 99
161 99
162 99
163 99
164 104
165 103
166 99
167 99
168 99
169 100
170 99
171 99
172 105
173 113
174 113
175 111
176 111
177 100
178 97
179 102
180 102
181 98
182 100
183 98
184 98
185 98
186 99
187 101
188 99
189 98
190 99
191 99
192 100
193 99
194 99
195 104
196 103
197 104
198 104
199 99
200 104
201 103
202 103
203 116
204 112
205 105
206 106
207 102
208 104
209 102
210 103
211 102
212 102
213 104
214 103
215 99
216 98
217 103
218 105
219 103
220 103
221 103
222 103
223 104
224 103
225 104
226 104
227 103
228 104
229 103
230 104
231 104
232 103
233 104
234 116
235 115
236 104
237 101
238 101
239 103
240 102
241 102
242 102
243 102
244 104
245 102
246 103
247 103
248 103
249 104
250 103
251 103
252 103
253 103
254 104
255 103
256 108
257 108
258 103
259 104
260 104
261 107
262 108
263 121
264 121
265 120
266 119
267 109
268 105
269 106
270 106
271 106
272 108
273 106
274 107
275 108
276 107
277 107
278 108
279 108
280 111
281 110
282 107
283 108
284 108
285 108
286 107
287 110
288 111
289 108
290 108
291 108
292 110
293 112
294 123
295 123
296 108
297 109
298 112
299 109
300 109
301 110
302 110
303 111
304 110
305 110
306 111
307 110
308 111
309 111
310 114
311 115
312 115
313 115
314 114
315 114
316 115
317 114
318 115
319 114
320 115
321 115
322 120
323 129
324 115
325 128
326 127
327 112
328 113
329 115
330 113
331 113
332 113
333 114
334 120
335 118
336 118
337 119
338 118
339 119
340 118
341 119
342 119
343 119
344 119
345 119
346 119
347 120
348 119
349 119
350 119
351 119
352 124
353 136
354 136
355 123
356 132
357 121
358 121
359 121
360 123
361 121
362 122
363 122
364 122
365 128
366 127
367 123
368 122
369 123
370 123
371 122
372 127
373 128
374 127
375 127
376 127
377 127
378 128
379 127
380 127
381 127
382 131
383 128
384 139
385 144
386 131
387 129
388 129
389 130
390 130
391 132
392 131
393 131
394 130
395 131
396 132
397 131
398 135
399 135
400 135
401 137
402 135
403 136
404 136
405 138
406 135
407 136
408 136
409 136
410 136
411 136
412 145
413 149
414 140
415 152
416 151
417 137
418 138
419 138
420 138
421 139
422 140
423 139
424 139
425 139
426 139
427 140
428 139
429 144
430 144
431 143
432 144
433 144
434 144
435 144
436 144
437 144
438 144
439 144
440 144
441 144
442 144
443 156
444 160
445 149
446 145
447 146
448 146
449 146
450 149
451 147
452 147
453 148
454 147
455 148
456 147
457 147
458 148
459 148
460 152
461 152
462 152
463 153
464 152
465 152
466 152
467 152
468 153
469 152
470 152
471 153
472 165
473 165
474 164
475 167
476 157
477 154
478 155
479 155
480 155
481 157
482 155
483 155
484 156
485 156
486 156
487 156
488 156
489 157
490 156
491 160
492 160
493 160
494 161
495 160
496 160
497 160
498 160
499 161
500 160
501 160
502 161
503 173
504 173
505 161
506 162
507 165
508 162
509 162
510 163
511 163
512 165
513 163
514 163
515 163
516 164
517 169
518 170
519 168
520 169
521 168
522 169
523 168
524 168
525 169
526 168
527 168
528 169
529 169
530 169
531 168
532 184
533 173
534 184
535 181
536 171
537 171
538 173
539 171
540 176
541 176
542 177
543 179
544 177
545 177
546 177
547 177
548 182
549 181
550 181
551 182
552 181
553 182
554 181
555 185
556 186
557 185
558 186
559 186
560 186
561 187
562 198
563 202
564 190
565 189
566 187
567 187
568 188
569 194
570 192
571 193
572 192
573 193
574 194
575 193
576 197
577 197
578 197
579 199
580 197
581 197
582 198
583 202
584 202
585 202
586 202
587 206
588 206
589 207
590 211
591 221
592 211
593 222
594 222
595 208
596 208
597 215
598 213
599 213
600 215
601 213
602 214
603 214
604 218
605 219
606 218
607 218
608 218
609 223
610 224
611 222
612 226
613 226
614 226
615 231
616 230
617 231
618 231
619 231
620 235
621 247
622 248
623 235
624 233
625 236
626 237
627 241
628 244
629 242
630 241
631 242
632 246
633 247
634 246
635 250
636 251
637 250
638 255
639 254
640 254
641 260
642 259
643 259
644 259
645 263
646 264
647 263
648 267
649 267
650 267
651 276
652 283
653 283
654 276
655 273
656 276
657 277
658 277
659 284
660 282
661 282
662 282
663 286
664 287
665 286
666 290
667 292
668 294
669 294
670 294
671 299
672 304
673 303
674 303
675 303
676 308
677 312
678 312
679 312
680 312
681 321
682 330
683 328
684 331
685 325
686 321
687 321
688 322
689 326
690 333
691 330
692 335
693 335
694 335
695 341
696 340
697 343
698 344
699 343
700 347
701 347
702 352
703 353
704 352
705 356
706 355
707 360
708 365
709 363
710 364
711 364
712 377
713 384
714 382
715 385
716 374
717 375
718 379
719 380
720 380
721 387
722 384
723 388
724 388
725 392
726 398
727 396
728 397
729 398
730 401
731 405
732 405
733 409
734 414
735 413
736 417
737 416
738 417
739 422
740 420
741 424
742 429
743 442
744 434
745 445
746 448
747 437
748 433
749 438
750 438
751 442
752 449
753 447
754 451
755 451
756 451
757 457
758 455
759 459
760 459
761 463
762 468
763 467
764 471
765 472
766 475
767 475
768 475
769 479
770 483
771 483
772 483
773 482
774 487
775 491
776 502
777 505
778 494
779 491
780 495
781 495
782 499
783 502
784 503
785 504
786 504
787 508
788 509
789 508
790 512
791 512
792 512
793 517
794 515
795 516
796 517
797 520
798 524
799 524
800 524
801 528
802 528
803 527
804 527
805 528
806 532
807 544
808 543
809 538
810 527
811 532
812 532
813 532
814 536
815 533
816 534
817 534
818 537
819 540
820 537
821 538
822 538
823 538
824 543
825 542
826 542
827 542
828 542
829 543
830 542
831 542
832 543
833 542
834 543
835 542
836 542
837 544
838 555
839 555
840 553
841 549
842 540
843 539
844 540
845 543
846 540
847 537
848 537
849 537
850 540
851 537
852 538
853 538
854 534
855 536
856 534
857 534
858 535
859 531
860 532
861 531
862 527
863 528
864 527
865 528
866 527
867 528
868 525
869 538
870 537
871 535
872 531
873 521
874 517
875 513
876 517
877 511
878 511
879 511
880 507
881 509
882 504
883 504
884 504
885 500
886 498
887 497
888 497
889 497
890 494
891 495
892 494
893 491
894 491
895 486
896 483
897 482
898 479
899 480
900 479
901 488
902 487
903 483
904 468
905 464
906 461
907 461
908 461
909 461
910 458
911 455
912 457
913 451
914 448
915 448
916 447
917 446
918 444
919 440
920 440
921 436
922 434
923 433
924 428
925 429
926 428
927 425
928 424
929 421
930 417
931 417
932 423
933 425
934 421
935 410
936 406
937 403
938 403
939 399
940 398
941 396
942 392
943 393
944 388
945 388
946 389
947 385
948 382
949 381
950 378
951 377
952 374
953 375
954 373
955 370
956 369
957 368
958 364
959 363
960 360
961 360
962 360
963 363
964 368
965 364
966 349
967 345
968 341
969 342
970 342
971 341
972 338
973 339
974 338
975 335
976 332
977 332
978 327
979 329
980 327
981 323
982 323
983 320
984 321
985 320
986 316
987 316
988 316
989 312
990 312
991 308
992 308
993 311
994 316
995 315
996 311
997 300
998 296
999 293
1000 293
1001 289
1002 292
1003 289
1004 286
1005 286
1006 286
1007 283
1008 282
1009 282
1010 283
1011 279
1012 275
1013 275
1014 275
1015 272
1016 271
1017 271
1018 271
1019 267
1020 264
1021 263
1022 263
1023 263
1024 277
1025 272
1026 270
1027 267
1028 255
1029 252
1030 249
1031 249
1032 250
1033 248
1034 246
1035 246
1036 246
1037 246
1038 243
1039 243
1040 242
1041 243
1042 239
1043 239
1044 239
1045 235
1046 235
1047 235
1048 235
1049 235
1050 231
1051 232
1052 231
1053 227
1054 239
1055 240
1056 236
1057 220
1058 220
1059 224
1060 221
1061 217
1062 217
1063 217
1064 219
1065 217
1066 214
1067 214
1068 214
1069 215
1070 214
1071 210
1072 210
1073 210
1074 211
1075 210
1076 206
1077 207
1078 206
1079 206
1080 206
1081 201
1082 203
1083 209
1084 216
1085 214
1086 214
1087 199
1088 195
1089 196
1090 198
1091 196
1092 192
1093 193
1094 193
1095 194
1096 193
1097 193
1098 193
1099 189
1100 190
1101 189
1102 189
1103 189
1104 190
1105 187
1106 185
1107 186
1108 186
1109 186
1110 186
1111 185
1112 181
1113 182
1114 193
1115 194
1116 182
1117 180
1118 182
1119 180
1120 176
1121 177
1122 177
1123 177
1124 177
1125 177
1126 178
1127 177
1128 177
1129 177
1130 172
1131 174
1132 172
1133 173
1134 172
1135 173
1136 174
1137 172
1138 172
1139 173
1140 168
1141 169
1142 176
1143 183
1144 169
1145 180
1146 173
1147 167
1148 166
1149 169
1150 167
1151 163
1152 163
1153 163
1154 165
1155 164
1156 164
1157 165
1158 164
1159 164
1160 164
1161 164
1162 165
1163 164
1164 160
1165 160
1166 160
1167 161
1168 160
1169 161
1170 160
1171 161
1172 165
1173 173
1174 173
1175 161
1176 158
1177 158
1178 159
1179 155
1180 157
1181 155
1182 155
1183 156
1184 155
1185 157
1186 156
1187 155
1188 156
1189 156
1190 156
1191 156
1192 156
1193 157
1194 156
1195 152
1196 152
1197 152
1198 153
1199 152
1200 152
1201 165
1202 167
1203 166
1204 163
1205 163
1206 152
1207 150
1208 150
1209 151
1210 146
1211 148
1212 147
1213 147
1214 147
1215 148
1216 148
1217 147
1218 148
1219 147
1220 148
1221 148
1222 148
1223 148
1224 149
1225 148
1226 144
1227 144
1228 144
1229 144
1230 144
1231 150
1232 156
1233 156
1234 145
1235 141
1236 142
1237 144
1238 142
1239 143
1240 143
1241 138
1242 140
1243 139
1244 139
1245 139
1246 139
1247 141
1248 139
1249 140
1250 139
1251 139
1252 140
1253 140
1254 140
1255 136
1256 135
1257 136
1258 136
1259 136
1260 136
1261 149
1262 148
1263 147
1264 147
1265 136
1266 133
1267 134
1268 135
1269 130
1270 131
1271 130
1272 130
1273 132
1274 130
1275 131
1276 131
1277 131
1278 132
1279 131
1280 131
1281 131
1282 131
1283 132
1284 131
1285 127
1286 127
1287 127
1288 127
1289 127
1290 130
1291 128
1292 140
1293 139
1294 124
1295 125
1296 128
1297 125
1298 126
1299 126
1300 126
1301 123
1302 122
1303 123
1304 124
1305 122
1306 123
1307 123
1308 123
1309 123
1310 123
1311 123
1312 123
1313 123
1314 124
1315 123
1316 119
1317 119
1318 119
1319 120
1320 132
1321 133
1322 119
1323 131
1324 125
1325 117
1326 117
1327 120
1328 117
1329 118
1330 118
1331 118
1332 116
1333 114
1334 119
1335 119
1336 115
1337 115
1338 114
1339 114
1340 116
1341 114
1342 115
1343 114
1344 115
1345 116
1346 115
1347 115
1348 114
1349 111
1350 125
1351 127
1352 127
1353 116
1354 113
1355 108
1356 109
1357 113
1358 111
1359 110
1360 110
1361 110
1362 110
1363 111
1364 110
1365 110
1366 110
1367 110
1368 111
1369 110
1370 111
1371 111
1372 110
1373 111
1374 111
1375 111
1376 111
1377 110
1378 108
1379 108
1380 119
1381 109
1382 119
1383 122
1384 111
1385 106
1386 109
1387 109
1388 107
1389 108
1390 107
1391 106
1392 107
1393 107
1394 109
1395 107
1396 108
1397 107
1398 107
1399 108
1400 107
1401 107
1402 104
1403 103
1404 108
1405 107
1406 108
1407 109
1408 108
1409 104
1410 116
1411 120
1412 108
1413 111
1414 105
1415 106
1416 102
1417 102
1418 102
1419 107
1420 104
1421 103
1422 103
1423 102
1424 103
1425 104
1426 103
1427 103
1428 103
1429 104
1430 104
1431 104
1432 103
1433 104
1434 104
1435 104
1436 103
1437 104
1438 100
1439 105
1440 118
1441 116
1442 115
1443 104
1444 101
1445 97
1446 98
1447 102
1448 103
1449 102
1450 102
1451 100
1452 98
1453 99
1454 98
1455 103
1456 100
1457 99
1458 98
1459 99
1460 103
1461 100
1462 99
1463 103
1464 103
1465 99
1466 100
1467 99
1468 104
1469 99
1470 112
1471 112
1472 111
1473 110
1474 100
1475 97
1476 97
1477 98
1478 98
1479 100
1480 98
1481 99
1482 100
1483 98
1484 99
1485 99
1486 99
1487 100
1488 99
1489 99
1490 99
1491 99
1492 104
1493 103
1494 99
1495 99
1496 99
1497 100
1498 99
1499 99
1500 100
1501 111
1502 116
1503 101
1504 96
1505 100
1506 97
1507 98
1508 98
1509 98
1510 100
1511 98
1512 99
1513 100
1514 99
1515 99
1516 99
1517 99
1518 104
1519 104
1520 99
1521 99
1522 99
1523 100
1524 99
1525 99
1526 99
1527 99
1528 100
1529 112
1530 117
1531 99
1532 111
1533 111
1534 97
1535 97
1536 100
1537 97
1538 98
1539 98
1540 98
1541 100
1542 98
1543 98
1544 99
1545 99
1546 100
1547 99
1548 99
1549 99
1550 98
1551 100
1552 99
1553 99
1554 100
1555 99
1556 103
1557 103
1558 99
1559 100
1560 112
1561 111
1562 99
1563 100
1564 97
1565 97
1566 102
1567 100
1568 98
1569 102
1570 103
1571 99
1572 100
1573 98
1574 99
1575 99
1576 99
1577 105
1578 103
1579 103
1580 103
1581 99
1582 99
1583 99
1584 99
1585 104
1586 103
1587 104
1588 103
1589 103
1590 104
1591 116
1592 115
1593 101
1594 102
1595 102
1596 102
1597 102
1598 99
1599 98
1600 103
1601 103
1602 102
1603 104
1604 103
1605 104
1606 104
1607 103
1608 104
1609 103
1610 104
1611 103
1612 99
1613 104
1614 103
1615 103
1616 104
1617 103
1618 103
1619 116
1620 116
1621 104
1622 105
1623 109
1624 102
1625 102
1626 104
1627 103
1628 102
1629 104
1630 102
1631 103
1632 103
1633 103
1634 109
1635 107
1636 104
1637 103
1638 103
1639 104
1640 103
1641 103
1642 103
1643 103
1644 109
1645 108
1646 103
1647 104
1648 108
1649 121
1650 120
1651 120
1652 109
1653 106
1654 106
1655 106
1656 106
1657 108
1658 106
1659 106
1660 107
1661 107
1662 108
1663 107
1664 107
1665 108
1666 108
1667 110
1668 110
1669 110
1670 109
1671 108
1672 107
1673 108
1674 110
1675 111
1676 110
1677 111
1678 111
1679 124
1680 124
1681 122
1682 122
1683 111
1684 109
1685 109
1686 109
1687 110
1688 111
1689 110
1690 110
1691 110
1692 110
1693 111
1694 111
1695 110
1696 111
1697 110
1698 110
1699 110
1700 114
1701 116
1702 114
1703 115
1704 114
1705 115
1706 116
1707 115
1708 115
1709 114
1710 127
1711 128
1712 112
1713 113
1714 115
1715 113
1716 113
1717 114
1718 114
1719 116
1720 114
1721 114
1722 114
1723 118
1724 119
1725 118
1726 118
1727 119
1728 119
1729 119
1730 118
1731 118
1732 119
1733 119
1734 119
1735 119
1736 119
1737 119
1738 130
1739 128
1740 131
1741 135
1742 135
1743 120
1744 121
1745 124
1746 121
1747 122
1748 122
1749 122
1750 124
1751 122
1752 122
1753 122
1754 127
1755 128
1756 127
1757 127
1758 127
1759 127
1760 127
1761 127
1762 127
1763 128
1764 127
1765 127
1766 127
1767 127
1768 128
1769 140
1770 144
1771 142
1772 131
1773 128
1774 125
1775 129
1776 132
1777 130
1778 130
1779 131
1780 130
1781 132
1782 130
1783 135
1784 135
1785 131
1786 136
1787 135
1788 135
1789 135
1790 135
1791 136
1792 135
1793 135
1794 136
1795 136
1796 136
1797 135
1798 135
1799 136
1800 148
1801 148
1802 133
1803 138
1804 140
1805 138
1806 138
1807 140
1808 138
1809 139
1810 139
1811 139
1812 140
1813 139
1814 139
1815 140
1816 144
1817 144
1818 144
1819 144
1820 143
1821 144
1822 145
1823 143
1824 143
1825 144
1826 144
1827 144
1828 158
1829 157
1830 148
1831 159
1832 153
1833 147
1834 146
1835 148
1836 147
1837 147
1838 147
1839 147
1840 148
1841 147
1842 147
1843 148
1844 147
1845 152
1846 152
1847 152
1848 153
1849 152
1850 152
1851 152
1852 152
1853 153
1854 152
1855 152
1856 152
1857 152
1858 153
1859 164
1860 164
1861 157
1862 154
1863 154
1864 154
1865 154
1866 157
1867 155
1868 155
1869 156
1870 155
1871 157
1872 155
1873 156
1874 157
1875 156
1876 158
1877 156
1878 156
1879 157
1880 156
1881 160
1882 160
1883 160
1884 161
1885 160
1886 161
1887 160
1888 168
1889 174
1890 172
1891 171
1892 160
1893 158
1894 163
1895 163
1896 163
1897 165
1898 163
1899 164
1900 164
1901 164
1902 165
1903 164
1904 164
1905 165
1906 168
1907 169
1908 168
1909 168
1910 169
1911 168
1912 169
1913 168
1914 168
1915 169
1916 168
1917 173
1918 186
1919 186
1920 174
1921 173
1922 170
1923 173
1924 171
1925 171
1926 172
1927 176
1928 178
1929 177
1930 177
1931 177
1932 177
1933 179
1934 177
1935 181
1936 181
1937 181
1938 182
1939 182
1940 181
1941 182
1942 182
1943 186
1944 185
1945 186
1946 187
1947 199
1948 199
1949 197
1950 201
1951 190
1952 187
1953 187
1954 189
1955 188
1956 193
1957 193
1958 193
1959 194
1960 193
1961 193
1962 193
1963 197
1964 199
1965 197
1966 197
1967 198
1968 198
1969 203
1970 202
1971 202
1972 202
1973 202
1974 207
1975 206
1976 207
1977 207
1978 219
1979 218
1980 205
1981 208
1982 211
1983 208
1984 208
1985 209
1986 213
1987 214
1988 213
1989 214
1990 220
1991 218
1992 218
1993 218
1994 218
1995 223
1996 222
1997 223
1998 222
1999 227
2000 228
2001 226
2002 231
2003 231
2004 231
2005 231
2006 234
2007 248
2008 235
2009 246
2010 251
2011 237
2012 236
2013 244
2014 241
2015 241
2016 242
2017 241
2018 248
2019 246
2020 246
2021 247
2022 250
2023 251
2024 251
2025 254
2026 256
2027 255
2028 259
2029 259
2030 259
2031 264
2032 263
2033 263
2034 263
2035 267
2036 268
2037 279
2038 283
2039 272
2040 282
2041 274
2042 273
2043 277
2044 280
2045 277
2046 282
2047 282
2048 282
2049 288
2050 286
2051 286
2052 286
2053 291
2054 295
2055 294
2056 295
2057 295
2058 299
2059 303
2060 303
2061 303
2062 309
2063 308
2064 312
2065 312
2066 312
2067 324
2068 329
2069 333
2070 320
2071 317
2072 321
2073 321
2074 322
2075 329
2076 326
2077 330
2078 331
2079 335
2080 337
2081 335
2082 339
2083 339
2084 343
2085 344
2086 344
2087 347
2088 348
2089 351
2090 352
2091 352
2092 355
2093 361
2094 359
2095 364
2096 364
2097 364
2098 368
2099 380
2100 382
2101 370
2102 371
2103 376
2104 375
2105 379
2106 382
2107 380
2108 385
2109 384
2110 389
2111 394
2112 392
2113 396
2114 397
2115 396
2116 402
2117 401
2118 405
2119 406
2120 408
2121 413
2122 413
2123 417
2124 418
2125 416
2126 421
2127 420
2128 424
2129 430
2130 441
2131 446
2132 440
2133 434
2134 438
2135 438
2136 438
2137 441
2138 442
2139 447
2140 447
2141 451
2142 453
2143 451
2144 455
2145 455
2146 459
2147 465
2148 463
2149 467
2150 467
2151 471
2152 476
2153 475
2154 475
2155 480
2156 479
2157 483
2158 482
2159 486
2160 488
2161 498
2162 504
2163 502
2164 504
2165 495
2166 491
2167 495
2168 498
2169 499
2170 500
2171 500
2172 503
2173 510
2174 508
2175 508
2176 508
2177 511
2178 513
2179 512
2180 516
2181 516
2182 516
2183 521
2184 520
2185 523
2186 524
2187 523
2188 527
2189 527
2190 527
2191 528
2192 527
2193 536
2194 543
2195 543
2196 533
2197 527
2198 532
2199 532
2200 532
2201 533
2202 533
2203 533
2204 536
2205 537
2206 537
2207 538
2208 538
2209 540
2210 538
2211 538
2212 538
2213 542
2214 543
2215 542
2216 542
2217 543
2218 542
2219 543
2220 542
2221 542
2222 543
2223 542
2224 542
2225 555
2226 555
2227 544
2228 553
2229 543
2230 539
2231 535
2232 537
2233 537
2234 536
2235 539
2236 538
2237 537
2238 537
2239 538
2240 536
2241 534
2242 534
2243 534
2244 535
2245 532
2246 531
2247 531
2248 531
2249 527
2250 528
2251 527
2252 527
2253 528
2254 528
2255 524
2256 527
2257 527
2258 521
2259 531
2260 532
2261 517
2262 513
2263 514
2264 510
2265 510
2266 513
2267 507
2268 504
2269 503
2270 504
2271 502
2272 501
2273 497
2274 497
2275 497
2276 495
2277 493
2278 494
2279 494
2280 490
2281 488
2282 486
2283 483
2284 483
2285 479
2286 480
2287 479
2288 475
2289 472
2290 484
2291 480
2292 471
2293 460
2294 465
2295 461
2296 458
2297 460
2298 454
2299 451
2300 451
2301 447
2302 449
2303 448
2304 444
2305 444
2306 440
2307 438
2308 436
2309 433
2310 433
2311 428
2312 429
2313 428
2314 424
2315 424
2316 420
2317 417
2318 417
2319 413
2320 409
2321 423
2322 418
2323 416
2324 416
2325 403
2326 398
2327 394
2328 395
2329 391
2330 390
2331 388
2332 384
2333 386
2334 385
2335 381
2336 381
2337 377
2338 375
2339 373
2340 370
2341 370
2342 370
2343 368
2344 368
2345 364
2346 364
2347 359
2348 360
2349 360
2350 355
2351 356
2352 365
2353 361
2354 360
2355 359
2356 344
2357 341
2358 338
2359 338
2360 338
2361 337
2362 334
2363 330
2364 332
2365 327
2366 327
2367 327
2368 324
2369 321
2370 320
2371 320
2372 319
2373 316
2374 313
2375 312
2376 312
2377 312
2378 308
2379 309
2380 308
2381 303
2382 303
2383 313
2384 312
2385 310
2386 306
2387 292
2388 288
2389 289
2390 289
2391 285
2392 288
2393 286
2394 282
2395 282
2396 278
2397 279
2398 279
2399 274
2400 275
2401 275
2402 271
2403 271
2404 271
2405 268
2406 267
2407 267
2408 267
2409 263
2410 260
2411 259
2412 259
2413 259
2414 268
2415 267
2416 259
2417 262
2418 251
2419 249
2420 245
2421 246
2422 245
2423 248
2424 246
2425 242
2426 242
2427 242
2428 240
2429 238
2430 239
2431 235
2432 235
2433 235
2434 235
2435 234
2436 231
2437 230
2438 231
2439 231
2440 226
2441 228
2442 226
2443 226
2444 239
2445 235
2446 235
2447 220
2448 216
2449 219
2450 217
2451 217
2452 217
2453 213
2454 215
2455 213
2456 214
2457 214
2458 210
2459 211
2460 210
2461 210
2462 210
2463 206
2464 206
2465 206
2466 206
2467 203
2468 202
2469 202
2470 201
2471 202
2472 199
2473 209
2474 211
2475 209
2476 209
2477 197
2478 195
2479 191
2480 194
2481 192
2482 193
2483 192
2484 193
2485 190
2486 188
2487 189
2488 189
2489 189
2490 190
2491 189
2492 185
2493 185
2494 185
2495 186
2496 185
2497 185
2498 186
2499 185
2500 182
2501 182
2502 181
2503 182
2504 194
2505 194
2506 185
2507 179
2508 178
2509 175
2510 176
2511 178
2512 176
2513 177
2514 177
2515 172
2516 173
2517 172
2518 172
2519 173
2520 172
2521 173
2522 172
2523 173
2524 173
2525 168
2526 169
2527 169
2528 169
2529 169
2530 169
2531 169
2532 168
2533 182
2534 169
2535 181
2536 180
2537 166
2538 162
2539 165
2540 163
2541 163
2542 165
2543 163
2544 164
2545 164
2546 164
2547 165
2548 164
2549 164
2550 164
2551 160
2552 161
2553 160
2554 160
2555 160
2556 160
2557 161
2558 160
2559 160
2560 160
2561 160
2562 161
2563 174
2564 169
2565 157
2566 158
2567 153
2568 154
2569 154
2570 157
2571 155
2572 155
2573 155
2574 155
2575 157
2576 156
2577 155
2578 156
2579 156
2580 152
2581 151
2582 151
2583 153
2584 152
2585 152
2586 152
2587 152
2588 153
2589 152
2590 152
2591 152
2592 152
2593 166
2594 165
2595 164
2596 149
2597 146
2598 146
2599 146
2600 146
2601 149
2602 147
2603 147
2604 147
2605 147
2606 149
2607 147
2608 147
2609 148
2610 147
2611 148
2612 148
2613 144
2614 144
2615 144
2616 144
2617 144
2618 144
2619 145
2620 144
2621 144
2622 147
2623 158
2624 153
2625 151
2626 156
2627 144
2628 137
2629 138
2630 138
2631 138
2632 140
2633 139
2634 139
2635 139
2636 139
2637 141
2638 139
2639 139
2640 139
2641 135
2642 136
2643 135
2644 135
2645 136
2646 135
2647 136
2648 135
2649 135
2650 136
2651 135
2652 135
2653 149
2654 149
2655 136
2656 137
2657 135
2658 131
2659 129
2660 130
2661 130
2662 130
2663 132
2664 130
2665 131
2666 131
2667 130
2668 132
2669 131
2670 127
2671 127
2672 131
2673 132
2674 131
2675 127
2676 128
2677 127
2678 128
2679 127
2680 127
2681 127
2682 127
2683 139
2684 140
2685 140
2686 124
2687 121
2688 121
2689 122
2690 122
2691 122
2692 121
2693 122
2694 124
2695 122
2696 123
2697 123
2698 122
2699 124
2700 122
2701 119
2702 118
2703 118
2704 119
2705 119
2706 119
2707 119
2708 119
2709 119
2710 118
2711 119
2712 120
2713 133
2714 132
2715 130
2716 130
2717 115
2718 112
2719 113
2720 113
2721 113
2722 115
2723 113
2724 114
2725 116
2726 114
2727 115
2728 114
2729 114
2730 115
2731 115
2732 114
2733 114
2734 114
2735 115
2736 115
2737 115
2738 114
2739 115
2740 115
2741 115
2742 111
2743 115
2744 128
2745 124
2746 122
2747 109
2748 111
2749 108
2750 109
2751 109
2752 109
2753 112
2754 110
2755 110
2756 110
2757 110
2758 111
2759 111
2760 110
2761 111
2762 110
2763 111
2764 110
2765 107
2766 108
2767 107
2768 108
2769 108
2770 107
2771 109
2772 108
2773 108
2774 108
2775 120
2776 120
2777 105
2778 106
2779 108
2780 106
2781 106
2782 107
2783 107
2784 104
2785 103
2786 107
2787 107
2788 103
2789 104
2790 103
2791 108
2792 109
2793 108
2794 104
2795 103
2796 103
2797 104
2798 103
2799 103
2800 103
2801 108
2802 104
2803 114
2804 112
2805 103
2806 119
2807 116
2808 101
2809 101
2810 104
2811 102
2812 103
2813 102
2814 102
2815 104
2816 103
2817 102
2818 103
2819 102
2820 104
2821 103
2822 103
2823 104
2824 103
2825 104
2826 103
2827 103
2828 104
2829 103
2830 104
2831 104
2832 104
2833 104
2834 117
2835 116
2836 115
2837 115
2838 98
2839 97
2840 97
2841 99
2842 98
2843 98
2844 98
2845 99
2846 104
2847 103
2848 99
2849 99
2850 99
2851 100
2852 98
2853 99
2854 99
2855 99
2856 99
2857 99
2858 99
2859 100
2860 99
2861 99
2862 99
2863 99
2864 100
2865 112
2866 112
2867 99
2868 99
2869 98
2870 97
2871 97
2872 100
2873 98
2874 98
2875 99
2876 103
2877 100
2878 99
2879 103
2880 103
2881 99
2882 100
2883 99
2884 99
2885 99
2886 95
2887 100
2888 99
2889 99
2890 100
2891 99
2892 99
2893 99
2894 99
2895 100
2896 112
2897 111
2898 96
2899 97
2900 100
2901 97
2902 98
2903 99
2904 98
2905 99
2906 98
2907 99
2908 100
2909 98
2910 99
2911 99
2912 99
2913 100
2914 99
2915 99
2916 99
2917 99
2918 100
2919 99
2920 99
2921 99
2922 99
2923 99
2924 109
2925 113
2926 100
2927 111
2928 111
2929 97
2930 97
2931 100
2932 98
2933 98
2934 98
2935 98
2936 99
2937 98
2938 99
2939 100
2940 99
2941 99
2942 99
2943 99
2944 100
2945 99
2946 99
2947 99
2948 99
2949 100
2950 99
2951 99
2952 99
2953 100
2954 100
2955 111
2956 111
2957 100
2958 97
2959 97
2960 97
2961 101
2962 100
2963 98
2964 98
2965 98
2966 98
2967 100
2968 98
2969 103
2970 104
2971 103
2972 104
2973 103
2974 103
2975 100
2976 99
2977 104
2978 103
2979 99
2980 100
2981 99
2982 104
2983 104
2984 103
2985 118
2986 115
2987 116
2988 100
2989 97
2990 101
2991 102
2992 102
2993 104
2994 103
2995 103
2996 102
2997 102
2998 104
2999 104
3000 103
3001 103
3002 103
3003 104
3004 103
3005 103
3006 100
3007 99
3008 104
3009 104
3010 103
3011 105
3012 103
3013 103
3014 116
3015 117
3016 117
3017 115
3018 115
3019 104
3020 101
3021 102
3022 102
3023 102
3024 108
3025 106
3026 107
3027 107
3028 103
3029 109
3030 107
3031 103
3032 103
3033 108
3034 108
3035 108
3036 107
3037 108
3038 107
3039 108
3040 108
3041 108
3042 109
3043 108
3044 108
3045 121
3046 121
3047 109
3048 109
3049 114
3050 108
3051 106
3052 106
3053 106
3054 110
3055 111
3056 110
3057 110
3058 110
3059 110
3060 111
3061 110
3062 108
3063 107
3064 110
3065 112
3066 110
3067 111
3068 111
3069 110
3070 111
3071 111
3072 111
3073 111
3074 110
3075 111
3076 123
3077 123
3078 111
3079 108
3080 112
3081 113
3082 110
3083 110
3084 110
3085 114
3086 115
3087 114
3088 114
3089 114
3090 114
3091 115
3092 114
3093 114
3094 114
3095 114
3096 115
3097 115
3098 115
3099 115
3100 115
3101 115
3102 115
3103 115
3104 119
3105 127
3106 133
3107 131
3108 130
3109 120
3110 117
3111 117
3112 117
3113 118
3114 119
3115 117
3116 118
3117 119
3118 118
3119 119
3120 118
3121 118
3122 120
3123 118
3124 123
3125 123
3126 122
3127 124
3128 123
3129 123
3130 123
3131 123
3132 124
3133 123
3134 123
3135 124
3136 136
3137 135
3138 127
3139 131
3140 124
3141 121
3142 126
3143 126
3144 121
3145 128
3146 126
3147 126
3148 128
3149 127
3150 127
3151 127
3152 127
3153 128
3154 127
3155 127
3156 127
3157 127
3158 132
3159 131
3160 131
3161 131
3162 131
3163 132
3164 131
3165 131
3166 131
3167 144
3168 144
3169 129
3170 129
3171 137
3172 133
3173 130
3174 130
3175 134
3176 136
3177 135
3178 135
3179 135
3180 135
3181 135
3182 135
3183 135
3184 136
3185 135
3186 140
3187 139
3188 139
3189 140
3190 139
3191 139
3192 140
3193 139
3194 141
3195 154
3196 152
3197 140
3198 151
3199 142
3200 138
3201 137
3202 144
3203 142
3204 143
3205 143
3206 143
3207 144
3208 143
3209 143
3210 143
3211 143
3212 145
3213 144
3214 143
3215 144
3216 144
3217 148
3218 147
3219 147
3220 148
3221 148
3222 148
3223 148
3224 148
3225 148
3226 160
3227 161
3228 153
3229 145
3230 147
3231 146
3232 146
3233 152
3234 151
3235 151
3236 151
3237 151
3238 153
3239 152
3240 151
3241 151
3242 151
3243 153
3244 152
3245 152
3246 152
3247 152
3248 153
3249 152
3250 156
3251 157
3252 156
3253 156
3254 156
3255 156
3256 157
3257 168
3258 168
3259 154
3260 154
3261 155
3262 155
3263 154
3264 160
3265 159
3266 160
3267 159
3268 159
3269 161
3270 160
3271 160
3272 160
3273 160
3274 162
3275 160
3276 160
3277 160
3278 165
3279 165
3280 164
3281 164
3282 165
3283 164
3284 165
3285 174
3286 177
3287 165
3288 176
3289 176
3290 162
3291 162
3292 169
3293 167
3294 167
3295 169
3296 167
3297 168
3298 168
3299 168
3300 169
3301 168
3302 172
3303 172
3304 172
3305 174
3306 172
3307 172
3308 172
3309 173
3310 173
3311 172
3312 173
3313 173
3314 178
3315 178
3316 190
3317 190
3318 178
3319 176
3320 176
3321 176
3322 180
3323 182
3324 180
3325 180
3326 182
3327 181
3328 181
3329 181
3330 186
3331 186
3332 185
3333 185
3334 185
3335 190
3336 190
3337 189
3338 190
3339 189
3340 190
3341 191
3342 189
3343 193
3344 194
3345 194
3346 204
3347 206
3348 206
3349 198
3350 195
3351 196
3352 196
3353 196
3354 203
3355 201
3356 201
3357 201
3358 201
3359 203
3360 201
3361 205
3362 206
3363 206
3364 206
3365 206
3366 206
3367 211
3368 210
3369 210
3370 210
3371 210
3372 215
3373 214
3374 215
3375 214
3376 232
3377 232
3378 229
3379 229
3380 223
3381 220
3382 221
3383 221
3384 221
3385 227
3386 226
3387 226
3388 226
3389 230
3390 232
3391 230
3392 231
3393 231
3394 234
3395 235
3396 235
3397 239
3398 240
3399 239
3400 243
3401 243
3402 243
3403 244
3404 243
3405 247
3406 259
3407 260
3408 252
3409 262
3410 249
3411 251
3412 253
3413 253
3414 253
3415 258
3416 260
3417 258
3418 262
3419 262
3420 263
3421 268
3422 267
3423 267
3424 267
3425 271
3426 276
3427 275
3428 275
3429 280
3430 279
3431 279
3432 279
3433 283
3434 284
3435 282
3436 287
3437 300
3438 300
3439 292
3440 289
3441 292
3442 295
3443 292
3444 298
3445 298
3446 301
3447 304
3448 302
3449 307
3450 307
3451 311
3452 313
3453 311
3454 316
3455 315
3456 319
3457 321
3458 320
3459 324
3460 324
3461 328
3462 328
3463 328
3464 332
3465 337
3466 336
3467 336
3468 349
3469 352
3470 345
3471 354
3472 341
3473 341
3474 345
3475 350
3476 350
3477 354
3478 356
3479 355
3480 359
3481 358
3482 363
3483 369
3484 367
3485 367
3486 367
3487 370
3488 375
3489 374
3490 378
3491 378
3492 381
3493 386
3494 385
3495 385
3496 391
3497 389
3498 394
3499 406
3500 410
3501 398
3502 408
3503 408
3504 398
3505 402
3506 407
3507 407
3508 411
3509 413
3510 415
3511 420
3512 419
3513 420
3514 425
3515 423
3516 428
3517 428
3518 433
3519 438
3520 436
3521 441
3522 441
3523 442
3524 446
3525 444
3526 448
3527 449
3528 452
3529 456
3530 466
3531 469
3532 460
3533 471
3534 475
3535 461
3536 465
3537 473
3538 468
3539 469
3540 471
3541 473
3542 478
3543 478
3544 481
3545 483
3546 485
3547 486
3548 486
3549 490
3550 495
3551 493
3552 494
3553 493
3554 497
3555 502
3556 501
3557 501
3558 502
3559 505
3560 509
3561 508
3562 509
3563 513
3564 525
3565 528
3566 512
3567 512
3568 518
3569 513
3570 518
3571 518
3572 522
3573 523
3574 522
3575 526
3576 528
3577 526
3578 527
3579 527
3580 530
3581 532
3582 531
3583 531
3584 531
3585 535
3586 536
3587 535
3588 535
3589 535
3590 535
3591 539
3592 539
3593 538
3594 539
3595 551
3596 551
3597 549
3598 550
3599 544
3600 539
3601 539
3602 540
3603 540
3604 544
3605 541
3606 541
3607 543
3608 541
3609 542
3610 542
3611 542
3612 544
3613 542
3614 543
3615 542
3616 542
3617 543
3618 542
3619 539
3620 538
3621 539
3622 540
3623 539
3624 539
3625 539
3626 539
3627 544
3628 546
3629 546
3630 536
3631 531
3632 528
3633 528
3634 525
3635 528
3636 526
3637 526
3638 526
3639 526
3640 523
3641 523
3642 523
3643 525
3644 523
3645 520
3646 520
3647 519
3648 517
3649 516
3650 513
3651 512
3652 512
3653 510
3654 509
3655 505
3656 506
3657 505
3658 502
3659 514
3660 511
3661 498
3662 508
3663 504
3664 490
3665 487
3666 492
3667 487
3668 484
3669 485
3670 481
3671 480
3672 478
3673 478
3674 479
3675 474
3676 471
3677 471
3678 467
3679 465
3680 463
3681 464
3682 464
3683 459
3684 457
3685 456
3686 452
3687 452
3688 448
3689 445
3690 444
3691 459
3692 442
3693 452
3694 448
3695 434
3696 430
3697 429
3698 426
3699 426
3700 426
3701 422
3702 421
3703 419
3704 416
3705 417
3706 412
3707 408
3708 408
3709 408
3710 405
3711 404
3712 401
3713 400
3714 397
3715 395
3716 393
3717 390
3718 389
3719 386
3720 386
3721 386
3722 382
3723 382
3724 390
3725 386
3726 370
3727 371
3728 371
3729 367
3730 365
3731 366
3732 362
3733 361
3734 358
3735 359
3736 360
3737 355
3738 352
3739 352
3740 347
3741 344
3742 343
3743 344
3744 343
3745 339
3746 337
3747 336
3748 336
3749 336
3750 332
3751 329
3752 328
3753 328
3754 328
3755 336
3756 333
3757 328
3758 317
3759 317
3760 314
3761 310
3762 310
3763 311
3764 309
3765 307
3766 307
3767 307
3768 303
3769 299
3770 299
3771 298
3772 300
3773 294
3774 291
3775 291
3776 291
3777 287
3778 287
3779 287
3780 287
3781 283
3782 280
3783 279
3784 279
3785 279
3786 287
3787 287
3788 283
3789 268
3790 271
3791 269
3792 266
3793 265
3794 262
3795 264
3796 262
3797 262
3798 263
3799 258
3800 256
3801 254
3802 255
3803 255
3804 250
3805 251
3806 250
3807 247
3808 247
3809 247
3810 247
3811 247
3812 242
3813 244
3814 243
3815 239
3816 251
3817 251
3818 247
3819 232
3820 232
3821 235
3822 233
3823 229
3824 229
3825 230
3826 228
3827 226
3828 226
3829 226
3830 222
3831 224
3832 222
3833 223
3834 222
3835 218
3836 219
3837 218
3838 218
3839 215
3840 214
3841 214
3842 214
3843 214
3844 211
3845 223
3846 222
3847 222
3848 222
3849 207
3850 204
3851 204
3852 207
3853 204
3854 201
3855 201
3856 201
3857 203
3858 200
3859 197
3860 197
3861 197
3862 199
3863 198
3864 197
3865 197
3866 193
3867 195
3868 194
3869 193
3870 194
3871 194
3872 190
3873 190
3874 189
3875 190
3876 202
3877 202
3878 201
3879 197
3880 186
3881 184
3882 183
3883 186
3884 184
3885 181
3886 180
3887 181
3888 182
3889 181
3890 181
3891 181
3892 181
3893 178
3894 177
3895 177
3896 178
3897 177
3898 178
3899 177
3900 177
3901 177
3902 178
3903 173
3904 173
3905 173
3906 173
3907 185
3908 185
3909 170
3910 171
3911 174
3912 171
3913 167
3914 167
3915 167
3916 169
3917 168
3918 167
3919 169
3920 167
3921 169
3922 168
3923 169
3924 165
3925 164
3926 164
3927 164
3928 164
3929 165
3930 164
3931 164
3932 164
3933 164
3934 165
3935 169
3936 178
3937 161
3938 173
3939 172
3940 158
3941 158
3942 161
3943 159
3944 159
3945 159
3946 159
3947 161
3948 159
3949 160
3950 160
3951 160
3952 156
3953 156
3954 160
3955 156
3956 156
3957 156
3958 156
3959 156
3960 156
3961 156
3962 156
3963 156
3964 156
3965 157
3966 169
3967 165
3968 153
3969 163
3970 150
3971 150
3972 150
3973 153
3974 151
3975 151
3976 151
3977 151
3978 153
3979 151
3980 151
3981 152
3982 151
3983 152
3984 152
3985 148
3986 148
3987 148
3988 148
3989 148
3990 148
3991 149
3992 148
3993 148
3994 148
3995 148
3996 149
3997 160
3998 160
3999 149
4000 141
4001 142
4002 142
4003 142
4004 145
4005 142
4006 143
4007 143
4008 143
4009 144
4010 143
4011 144
4012 143
4013 143
4014 144
4015 143
4016 139
4017 140
4018 140
4019 140
4020 139
4021 139
4022 140
4023 139
4024 140
4025 139
4026 150
4027 140
4028 152
4029 147
4030 133
4031 133
4032 134
4033 134
4034 134
4035 136
4036 134
4037 135
4038 135
4039 135
4040 132
4041 131
4042 135
4043 135
4044 131
4045 132
4046 131
4047 131
4048 132
4049 131
4050 132
4051 131
4052 131
4053 132
4054 131
4055 132
4056 146
4057 140
4058 128
4059 139
4060 139
4061 125
4062 125
4063 126
4064 126
4065 126
4066 127
4067 127
4068 127
4069 126
4070 127
4071 128
4072 127
4073 123
4074 123
4075 122
4076 124
4077 123
4078 123
4079 123
4080 123
4081 124
4082 123
4083 123
4084 124
4085 123
4086 123
4087 136
4088 132
4089 120
4090 121
4091 117
4092 118
4093 117
4094 119
4095 118
4096 118
4097 118
4098 118
4099 119
4100 118
4101 118
4102 119
4103 118
4104 118
4105 119
4106 119
4107 115
4108 114
4109 115
4110 114
4111 114
4112 116
4113 115
4114 115
4115 115
4116 114
4117 121
4118 127
4119 128
4120 115
4121 112
4122 109
4123 109
4124 113
4125 115
4126 114
4127 114
4128 114
4129 114
4130 111
4131 110
4132 110
4133 111
4134 110
4135 110
4136 110
4137 110
4138 111
4139 110
4140 111
4141 111
4142 111
4143 111
4144 111
4145 108
4146 107
4147 117
4148 122
4149 123
4150 123
4151 109
4152 106
4153 105
4154 106
4155 106
4156 111
4157 110
4158 107
4159 107
4160 107
4161 108
4162 107
4163 107
4164 108
4165 107
4166 107
4167 107
4168 107
4169 109
4170 108
4171 108
4172 108
4173 108
4174 109
4175 108
4176 108
4177 120
4178 121
4179 121
4180 119
4181 120
4182 104
4183 101
4184 106
4185 106
4186 107
4187 104
4188 102
4189 103
4190 103
4191 102
4192 104
4193 103
4194 103
4195 103
4196 103
4197 103
4198 103
4199 103
4200 104
4201 103
4202 104
4203 103
4204 103
4205 104
4206 103
4207 104
4208 117
4209 116
4210 116
4211 112
4212 101
4213 100
4214 97
4215 102
4216 102
4217 102
4218 100
4219 98
4220 103
4221 103
4222 103
4223 105
4224 103
4225 103
4226 103
4227 103
4228 104
4229 103
4230 99
4231 99
4232 99
4233 100
4234 99
4235 99
4236 100
4237 99
4238 99
4239 112
4240 112
4241 100
4242 108
4243 97
4244 100
4245 98
4246 98
4247 98
4248 98
4249 99
4250 98
4251 99
4252 99
4253 98
4254 100
4255 99
4256 98
4257 99
4258 99
4259 100
4260 99
4261 99
4262 99
4263 99
4264 100
4265 99
4266 99
4267 100
4268 99
4269 99
4270 112
4271 111
4272 100
4273 97
4274 97
4275 99
4276 98
4277 98
4278 98
4279 99
4280 100
4281 98
4282 103
4283 103
4284 99
4285 100
4286 99
4287 99
4288 99
4289 99
4290 100
4291 99
4292 103
4293 104
4294 99
4295 99
4296 99
4297 99
4298 100
4299 99
4300 113
4301 111
4302 111
4303 99
4304 97
4305 97
4306 98
4307 98
4308 100
4309 98
4310 98
4311 100
4312 99
4313 99
4314 98
4315 99
4316 100
4317 99
4318 99
4319 99
4320 99
4321 100
4322 99
4323 99
4324 99
4325 99
4326 100
4327 99
4328 104
4329 100
4330 113
4331 116
4332 115
4333 110
4334 100
4335 98
4336 98
4337 98
4338 102
4339 100
4340 98
4341 99
4342 99
4343 103
4344 99
4345 98
4346 103
4347 105
4348 103
4349 99
4350 99
4351 99
4352 100
4353 99
4354 103
4355 103
4356 103
4357 105
4358 103
4359 99
4360 99
4361 116
4362 116
4363 105
4364 97
4365 104
4366 102
4367 102
4368 102
4369 102
4370 100
4371 98
4372 103
4373 103
4374 103
4375 104
4376 103
4377 103
4378 104
4379 103
4380 103
4381 104
4382 103
4383 104
4384 103
4385 99
4386 98
4387 104
4388 104
4389 104
4390 107
4391 104
4392 116
4393 116
4394 101
4395 101
4396 104
4397 102
4398 102
4399 102
4400 103
4401 104
4402 102
4403 103
4404 103
4405 103
4406 104
4407 103
4408 103
4409 105
4410 103
4411 108
4412 107
4413 103
4414 109
4415 108
4416 104
4417 103
4418 104
4419 104
4420 107
4421 122
4422 119
4423 119
4424 120
4425 106
4426 106
4427 108
4428 106
4429 106
4430 107
4431 106
4432 108
4433 107
4434 107
4435 107
4436 107
4437 109
4438 107
4439 111
4440 111
4441 110
4442 111
4443 111
4444 108
4445 111
4446 110
4447 111
4448 110
4449 111
4450 112
4451 124
4452 123
4453 122
4454 122
4455 109
4456 109
4457 109
4458 111
4459 109
4460 110
4461 110
4462 110
4463 111
4464 110
4465 110
4466 110
4467 111
4468 112
4469 111
4470 110
4471 110
4472 114
4473 111
4474 110
4475 114
4476 115
4477 115
4478 115
4479 114
4480 115
4481 116
4482 127
4483 128
4484 126
4485 113
4486 115
4487 113
4488 113
4489 115
4490 113
4491 114
4492 113
4493 114
4494 120
4495 118
4496 118
4497 119
4498 118
4499 119
4500 119
4501 119
4502 118
4503 119
4504 120
4505 118
4506 119
4507 119
4508 118
4509 119
4510 119
4511 123
4512 120
4513 132
4514 136
4515 121
4516 121
4517 124
4518 122
4519 121
4520 123
4521 122
4522 122
4523 122
4524 122
4525 123
4526 123
4527 123
4528 122
4529 122
4530 128
4531 126
4532 127
4533 127
4534 127
4535 128
4536 127
4537 127
4538 127
4539 127
4540 128
4541 127
4542 140
4543 128
4544 140
4545 144
4546 129
4547 129
4548 132
4549 130
4550 130
4551 130
4552 130
4553 132
4554 131
4555 131
4556 132
4557 131
4558 135
4559 135
4560 135
4561 136
4562 135
4563 135
4564 135
4565 135
4566 136
4567 135
4568 135
4569 136
4570 136
4571 136
4572 148
4573 148
4574 140
4575 151
4576 138
4577 137
4578 138
4579 141
4580 138
4581 139
4582 139
4583 139
4584 141
4585 139
4586 139
4587 140
4588 139
4589 144
4590 144
4591 143
4592 145
4593 143
4594 144
4595 144
4596 144
4597 145
4598 143
4599 144
4600 144
4601 144
4602 158
4603 157
4604 160
4605 148
4606 146
4607 146
4608 146
4609 146
4610 148
4611 147
4612 147
4613 147
4614 147
4615 149
4616 148
4617 147
4618 147
4619 152
4620 148
4621 148
4622 152
4623 152
4624 152
4625 152
4626 152
4627 152
4628 152
4629 152
4630 152
4631 155
4632 166
4633 157
4634 168
4635 168
4636 156
4637 154
4638 155
4639 154
4640 154
4641 157
4642 155
4643 155
4644 155
4645 155
4646 157
4647 156
4648 156
4649 155
4650 156
4651 161
4652 160
4653 160
4654 161
4655 160
4656 160
4657 160
4658 160
4659 161
4660 160
4661 161
4662 174
4663 173
4664 161
4665 171
4666 176
4667 162
4668 162
4669 163
4670 163
4671 163
4672 165
4673 164
4674 164
4675 163
4676 164
4677 166
4678 164
4679 168
4680 168
4681 168
4682 169
4683 168
4684 168
4685 169
4686 168
4687 169
4688 168
4689 169
4690 173
4691 172
4692 173
4693 185
4694 185
4695 173
4696 184
4697 171
4698 170
4699 171
4700 178
4701 176
4702 176
4703 178
4704 177
4705 177
4706 177
4707 177
4708 182
4709 181
4710 181
4711 182
4712 181
4713 183
4714 181
4715 182
4716 181
4717 186
4718 186
4719 185
4720 186
4721 186
4722 185
4723 204
4724 202
4725 202
4726 191
4727 187
4728 187
4729 188
4730 192
4731 194
4732 193
4733 193
4734 194
4735 193
4736 197
4737 197
4738 197
4739 198
4740 198
4741 197
4742 198
4743 202
4744 203
4745 202
4746 202
4747 202
4748 206
4749 207
4750 206
4751 207
4752 211
4753 224
4754 224
4755 223
4756 222
4757 215
4758 212
4759 212
4760 213
4761 213
4762 215
4763 213
4764 217
4765 217
4766 218
4767 218
4768 218
4769 222
4770 223
4771 222
4772 226
4773 226
4774 226
4775 227
4776 227
4777 231
4778 231
4779 231
4780 236
4781 235
4782 235
4783 234
4784 252
4785 252
4786 241
4787 251
4788 244
4789 241
4790 245
4791 245
4792 245
4793 248
4794 245
4795 250
4796 250
4797 250
4798 255
4799 254
4800 254
4801 256
4802 259
4803 259
4804 259
4805 262
4806 264
4807 263
4808 267
4809 266
4810 271
4811 272
4812 271
4813 275
4814 288
4815 287
4816 292
4817 276
4818 276
4819 279
4820 281
4821 281
4822 282
4823 286
4824 288
4825 286
4826 290
4827 290
4828 294
4829 295
4830 294
4831 299
4832 299
4833 303
4834 303
4835 303
4836 308
4837 312
4838 312
4839 312
4840 312
4841 316
4842 321
4843 320
4844 320
4845 333
4846 336
4847 340
4848 325
4849 325
4850 328
4851 329
4852 334
4853 334
4854 334
4855 340
4856 339
4857 343
4858 343
4859 347
4860 349
4861 347
4862 351
4863 351
4864 351
4865 356
4866 355
4867 360
4868 360
4869 363
4870 364
4871 363
4872 368
4873 370
4874 370
4875 374
4876 387
4877 390
4878 383
4879 392
4880 382
4881 386
4882 382
4883 388
4884 388
4885 392
4886 398
4887 396
4888 400
4889 400
4890 400
4891 406
4892 404
4893 408
4894 408
4895 412
4896 418
4897 416
4898 420
4899 421
4900 420
4901 424
4902 424
4903 428
4904 434
4905 433
4906 437
4907 451
4908 453
4909 441
4910 451
4911 455
4912 441
4913 445
4914 450
4915 450
4916 450
4917 453
4918 455
4919 458
4920 459
4921 463
4922 469
4923 467
4924 471
4925 471
4926 474
4927 476
4928 474
4929 479
4930 479
4931 482
4932 487
4933 486
4934 486
4935 491
4936 490
4937 494
4938 494
4939 494
4940 498
4941 509
4942 512
4943 497
4944 501
4945 506
4946 502
4947 506
4948 509
4949 507
4950 511
4951 511
4952 515
4953 517
4954 515
4955 516
4956 516
4957 519
4958 525
4959 524
4960 524
4961 523
4962 527
4963 528
4964 527
4965 527
4966 528
4967 531
4968 532
4969 531
4970 531
4971 536
4972 548
4973 548
4974 545
4975 542
4976 536
4977 532
4978 536
4979 539
4980 537
4981 537
4982 537
4983 537
4984 539
4985 542
4986 541
4987 541
4988 542
4989 543
4990 542
4991 542
4992 542
4993 542
4994 544
4995 542
4996 542
4997 543
4998 542
4999 543
5000 542
5001 542
5002 543
5003 542
5004 553
5005 555
5006 554
5007 539
5008 535
5009 535
5010 535
5011 535
5012 537
5013 537
5014 533
5015 535
5016 533
5017 534
5018 534
5019 530
5020 532
5021 531
5022 526
5023 527
5024 527
5025 529
5026 527
5027 524
5028 524
5029 523
5030 524
5031 524
5032 520
5033 521
5034 520
5035 516
5036 530
5037 525
5038 514
5039 524
5040 519
5041 505
5042 502
5043 506
5044 503
5045 499
5046 501
5047 496
5048 497
5049 496
5050 493
5051 495
5052 490
5053 490
5054 489
5055 486
5056 484
5057 482
5058 479
5059 478
5060 479
5061 476
5062 475
5063 471
5064 472
5065 467
5066 464
5067 464
5068 464
5069 461
5070 472
5071 468
5072 453
5073 449
5074 450
5075 446
5076 442
5077 445
5078 443
5079 440
5080 439
5081 435
5082 434
5083 432
5084 428
5085 427
5086 424
5087 425
5088 424
5089 420
5090 420
5091 416
5092 414
5093 413
5094 409
5095 409
5096 405
5097 406
5098 405
5099 401
5100 398
5101 410
5102 406
5103 404
5104 386
5105 387
5106 383
5107 383
5108 384
5109 380
5110 379
5111 376
5112 373
5113 374
5114 369
5115 370
5116 369
5117 367
5118 364
5119 364
5120 360
5121 360
5122 356
5123 357
5124 356
5125 351
5126 352
5127 348
5128 344
5129 344
5130 344
5131 340
5132 352
5133 349
5134 347
5135 341
5136 333
5137 329
5138 325
5139 326
5140 326
5141 325
5142 322
5143 319
5144 320
5145 319
5146 316
5147 315
5148 312
5149 312
5150 312
5151 308
5152 308
5153 303
5154 304
5155 303
5156 299
5157 299
5158 299
5159 296
5160 295
5161 291
5162 292
5163 304
5164 300
5165 298
5166 295
5167 284
5168 280
5169 277
5170 277
5171 277
5172 276
5173 274
5174 274
5175 275
5176 270
5177 271
5178 271
5179 266
5180 268
5181 263
5182 263
5183 262
5184 259
5185 260
5186 259
5187 255
5188 255
5189 254
5190 252
5191 251
5192 251
5193 251
5194 259
5195 260
5196 253
5197 244
5198 243
5199 241
5200 241
5201 241
5202 238
5203 240
5204 238
5205 234
5206 234
5207 234
5208 236
5209 234
5210 230
5211 231
5212 231
5213 227
5214 226
5215 227
5216 223
5217 222
5218 223
5219 222
5220 222
5221 219
5222 218
5223 219
5224 218
5225 231
5226 227
5227 212
5228 211
5229 215
5230 212
5231 209
5232 209
5233 209
5234 211
5235 210
5236 206
5237 205
5238 205
5239 206
5240 205
5241 206
5242 206
5243 202
5244 202
5245 202
5246 197
5247 199
5248 198
5249 198
5250 198
5251 198
5252 194
5253 207
5254 207
5255 206
5256 206
5257 205
5258 191
5259 187
5260 190
5261 188
5262 189
5263 188
5264 189
5265 186
5266 185
5267 185
5268 185
5269 185
5270 186
5271 185
5272 181
5273 181
5274 181
5275 182
5276 181
5277 181
5278 182
5279 181
5280 181
5281 182
5282 177
5283 179
5284 191
5285 190
5286 189
5287 189
5288 173
5289 171
5290 171
5291 173
5292 171
5293 172
5294 172
5295 172
5296 173
5297 172
5298 168
5299 168
5300 168
5301 169
5302 168
5303 168
5304 168
5305 168
5306 169
5307 168
5308 168
5309 165
5310 165
5311 165
5312 164
5313 164
5314 165
5315 177
5316 177
5317 172
5318 176
5319 166
5320 162
5321 162
5322 163
5323 163
5324 160
5325 159
5326 159
5327 161
5328 160
5329 160
5330 160
5331 159
5332 161
5333 160
5334 160
5335 160
5336 160
5337 161
5338 160
5339 156
5340 156
5341 156
5342 156
5343 156
5344 156
5345 157
5346 168
5347 168
5348 153
5349 154
5350 157
5351 154
5352 154
5353 155
5354 151
5355 152
5356 151
5357 151
5358 153
5359 151
5360 152
5361 152
5362 152
5363 153
5364 152
5365 152
5366 152
5367 152
5368 148
5369 147
5370 148
5371 148
5372 148
5373 149
5374 148
5375 148
5376 148
5377 160
5378 160
5379 145
5380 146
5381 149
5382 147
5383 146
5384 146
5385 143
5386 145
5387 143
5388 143
5389 144
5390 143
5391 144
5392 143
5393 143
5394 145
5395 144
5396 144
5397 144
5398 144
5399 144
5400 144
5401 140
5402 140
5403 139
5404 141
5405 150
5406 153
5407 140
5408 151
5409 151
5410 138
5411 138
5412 141
5413 138
5414 138
5415 138
5416 135
5417 136
5418 135
5419 135
5420 135
5421 135
5422 136
5423 135
5424 135
5425 136
5426 135
5427 136
5428 135
5429 135
5430 136
5431 136
5432 132
5433 131
5434 131
5435 132
5436 146
5437 144
5438 131
5439 143
5440 130
5441 129
5442 129
5443 132
5444 130
5445 130
5446 130
5447 127
5448 128
5449 126
5450 127
5451 127
5452 127
5453 128
5454 127
5455 127
5456 127
5457 127
5458 128
5459 127
5460 123
5461 124
5462 123
5463 123
5464 123
5465 123
5466 123
5467 135
5468 136
5469 123
5470 131
5471 121
5472 121
5473 121
5474 120
5475 118
5476 118
5477 118
5478 118
5479 119
5480 118
5481 118
5482 118
5483 118
5484 119
5485 118
5486 119
5487 119
5488 114
5489 119
5490 118
5491 114
5492 115
5493 115
5494 115
5495 114
5496 115
5497 115
5498 127
5499 127
5500 124
5501 113
5502 115
5503 113
5504 113
5505 115
5506 114
5507 114
5508 114
5509 110
5510 115
5511 114
5512 114
5513 114
5514 110
5515 112
5516 110
5517 114
5518 114
5519 111
5520 111
5521 110
5522 110
5523 111
5524 111
5525 111
5526 111
5527 121
5528 111
5529 123
5530 123
5531 108
5532 109
5533 111
5534 109
5535 110
5536 111
5537 106
5538 107
5539 107
5540 107
5541 111
5542 110
5543 111
5544 110
5545 110
5546 109
5547 108
5548 107
5549 108
5550 107
5551 109
5552 107
5553 108
5554 108
5555 108
5556 108
5557 120
5558 121
5559 108
5560 119
5561 120
5562 106
5563 106
5564 104
5565 102
5566 106
5567 107
5568 107
5569 108
5570 107
5571 103
5572 108
5573 107
5574 108
5575 107
5576 103
5577 104
5578 103
5579 104
5580 103
5581 103
5582 104
5583 103
5584 103
5585 104
5586 103
5587 104
5588 118
5589 116
5590 104
5591 115
5592 103
5593 101
5594 101
5595 104
5596 102
5597 102
5598 102
5599 103
5600 104
5601 103
5602 103
5603 103
5604 103
5605 103
5606 104
5607 103
5608 104
5609 103
5610 104
5611 103
5612 103
5613 104
5614 103
5615 99
5616 99
5617 103
5618 104
5619 116
5620 112
5621 100
5622 100
5623 98
5624 97
5625 102
5626 100
5627 98
5628 98
5629 98
5630 99
5631 100
5632 99
5633 99
5634 99
5635 103
5636 100
5637 99
5638 99
5639 100
5640 99
5641 99
5642 99
5643 99
5644 100
5645 99
5646 99
5647 100
5648 99
5649 100
5650 112
5651 111
5652 100
5653 97
5654 102
5655 101
5656 98
5657 100
5658 98
5659 99
5660 99
5661 98
5662 100
5663 98
5664 99
5665 99
5666 99
5667 100
5668 98
5669 99
5670 100
5671 99
5672 99
5673 99
5674 99
5675 100
5676 100
5677 99
5678 99
5679 99
5680 100
5681 111
5682 112
5683 99
5684 97
5685 102
5686 102
5687 98
5688 100
5689 98
5690 98
5691 98
5692 98
5693 100
5694 98
5695 99
5696 99
5697 99
5698 100
5699 99
5700 99
5701 104
5702 104
5703 99
5704 99
5705 99
5706 100
5707 99
5708 99
5709 100
5710 110
5711 100
5712 111
5713 111
5714 99
5715 97
5716 98
5717 98
5718 98
5719 100
5720 98
5721 98
5722 99
5723 98
5724 100
5725 99
5726 103
5727 103
5728 99
5729 100
5730 99
5731 103
5732 103
5733 99
5734 104
5735 103
5736 104
5737 100
5738 99
5739 100
5740 114
5741 116
5742 100
5743 110
5744 115
5745 101
5746 98
5747 98
5748 98
5749 102
5750 104
5751 103
5752 103
5753 103
5754 102
5755 104
5756 103
5757 99
5758 99
5759 99
5760 105
5761 103
5762 103
5763 104
5764 103
5765 104
5766 103
5767 103
5768 104
5769 103
5770 104
5771 116
5772 116
5773 104
5774 109
5775 101
5776 101
5777 101
5778 104
5779 102
5780 102
5781 103
5782 103
5783 103
5784 103
5785 103
5786 104
5787 103
5788 103
5789 103
5790 107
5791 104
5792 103
5793 103
5794 103
5795 103
5796 104
5797 103
5798 103
5799 104
5800 103
5801 104
5802 116
5803 116
5804 104
5805 109
5806 105
5807 106
5808 106
5809 109
5810 107
5811 106
5812 106
5813 107
5814 107
5815 107
5816 107
5817 108
5818 108
5819 108
5820 108
5821 107
5822 108
5823 107
5824 108
5825 108
5826 107
5827 109
5828 108
5829 108
5830 108
5831 108
5832 111
5833 123
5834 123
5835 108
5836 106
5837 109
5838 109
5839 109
5840 111
5841 110
5842 110
5843 109
5844 110
5845 111
5846 110
5847 110
5848 111
5849 110
5850 111
5851 110
5852 110
5853 111
5854 111
5855 111
5856 110
5857 115
5858 111
5859 110
5860 115
5861 114
5862 123
5863 129
5864 127
5865 127
5866 116
5867 112
5868 113
5869 113
5870 113
5871 115
5872 114
5873 114
5874 114
5875 114
5876 115
5877 114
5878 118
5879 118
5880 114
5881 119
5882 118
5883 119
5884 119
5885 118
5886 118
5887 119
5888 119
5889 119
5890 118
5891 119
5892 119
5893 128
5894 120
5895 131
5896 131
5897 119
5898 121
5899 121
5900 121
5901 121
5902 124
5903 122
5904 122
5905 122
5906 122
5907 124
5908 122
5909 122
5910 123
5911 123
5912 124
5913 123
5914 123
5915 127
5916 127
5917 124
5918 123
5919 127
5920 128
5921 127
5922 127
5923 130
5924 141
5925 127
5926 139
5927 139
5928 127
5929 125
5930 130
5931 130
5932 129
5933 132
5934 131
5935 131
5936 130
5937 131
5938 132
5939 130
5940 131
5941 131
5942 131
5943 132
5944 131
5945 131
5946 136
5947 135
5948 135
5949 136
5950 135
5951 136
5952 135
5953 136
5954 149
5955 149
5956 136
5957 147
5958 147
5959 133
5960 138
5961 139
5962 138
5963 138
5964 140
5965 139
5966 139
5967 139
5968 139
5969 140
5970 139
5971 139
5972 139
5973 144
5974 144
5975 143
5976 144
5977 144
5978 144
5979 144
5980 144
5981 144
5982 144
5983 144
5984 144
5985 156
5986 157
5987 145
5988 141
5989 146
5990 146
5991 146
5992 147
5993 146
5994 146
5995 148
5996 148
5997 147
5998 147
5999 147
6000 148
6001 148
6002 148
6003 147
6004 148
6005 153
6006 152
6007 152
6008 151
6009 152
6010 153
6011 152
6012 152
6013 152
6014 152
6015 160
6016 164
6017 164
6018 153
6019 149
6020 154
6021 154
6022 154
6023 157
6024 155
6025 155
6026 157
6027 155
6028 156
6029 155
6030 156
6031 157
6032 156
6033 155
6034 156
6035 156
6036 161
6037 160
6038 156
6039 156
6040 160
6041 161
6042 160
6043 160
6044 160
6045 166
6046 174
6047 172
6048 173
6049 161
6050 158
6051 162
6052 162
6053 163
6054 165
6055 164
6056 164
6057 164
6058 163
6059 165
6060 164
6061 164
6062 165
6063 164
6064 164
6065 164
6066 168
6067 169
6068 168
6069 168
6070 168
6071 168
6072 170
6073 168
6074 168
6075 168
6076 182
6077 185
6078 184
6079 184
6080 173
6081 171
6082 171
6083 171
6084 171
6085 178
6086 177
6087 177
6088 176
6089 177
6090 178
6091 177
6092 177
6093 178
6094 177
6095 181
6096 181
6097 181
6098 182
6099 181
6100 181
6101 181
6102 186
6103 186
6104 185
6105 186
6106 199
6107 199
6108 199
6109 197
6110 188
6111 190
6112 187
6113 188
6114 188
6115 189
6116 194
6117 193
6118 193
6119 193
6120 193
6121 195
6122 193
6123 197
6124 197
6125 197
6126 198
6127 197
6128 197
6129 203
6130 202
6131 202
6132 202
6133 202
6134 207
6135 206
6136 206
6137 219
6138 218
6139 211
6140 208
6141 207
6142 210
6143 208
6144 209
6145 208
6146 213
6147 215
6148 213
6149 218
6150 218
6151 218
6152 220
6153 217
6154 222
6155 222
6156 222
6157 223
6158 222
6159 227
6160 227
6161 227
6162 231
6163 230
6164 230
6165 235
6166 235
6167 240
6168 247
6169 246
6170 240
6171 236
6172 237
6173 239
6174 241
6175 242
6176 242
6177 242
6178 248
6179 246
6180 246
6181 246
6182 250
6183 252
6184 250
6185 255
6186 255
6187 254
6188 260
6189 259
6190 259
6191 260
6192 263
6193 263
6194 263
6195 267
6196 272
6197 272
6198 281
6199 282
6200 286
6201 276
6202 273
6203 277
6204 277
6205 277
6206 282
6207 282
6208 282
6209 283
6210 286
6211 287
6212 286
6213 290
6214 296
6215 294
6216 295
6217 295
6218 298
6219 304
6220 303
6221 303
6222 304
6223 307
6224 312
6225 312
6226 312
6227 317
6228 316
6229 332
6230 332
6231 332
6232 325
6233 321
6234 325
6235 325
6236 326
6237 333
6238 330
6239 335
6240 336
6241 334
6242 339
6243 339
6244 343
6245 348
6246 347
6247 347
6248 348
6249 352
6250 357
6251 356
6252 356
6253 355
6254 359
6255 365
6256 363
6257 367
6258 368
6259 368
6260 370
6261 383
6262 386
6263 379
6264 374
6265 379
6266 379
6267 382
6268 390
6269 388
6270 388
6271 390
6272 392
6273 397
6274 397
6275 400
6276 402
6277 401
6278 404
6279 404
6280 408
6281 414
6282 413
6283 416
6284 416
6285 420
6286 421
6287 420
6288 424
6289 425
6290 428
6291 433
6292 446
6293 450
6294 442
6295 452
6296 451
6297 438
6298 441
6299 450
6300 446
6301 450
6302 450
6303 455
6304 459
6305 459
6306 459
6307 461
6308 463
6309 467
6310 467
6311 471
6312 476
6313 474
6314 475
6315 475
6316 478
6317 484
6318 482
6319 486
6320 487
6321 486
6322 491
6323 490
6324 493
6325 494
6326 509
6327 510
6328 503
6329 498
6330 502
6331 498
6332 502
6333 503
6334 507
6335 510
6336 507
6337 511
6338 513
6339 515
6340 516
6341 515
6342 516
6343 521
6344 519
6345 523
6346 523
6347 523
6348 529
6349 527
6350 527
6351 527
6352 527
6353 532
6354 531
6355 531
6356 532
6357 542
6358 549
6359 546
6360 546
6361 536
6362 531
6363 531
6364 532
6365 536
6366 540
6367 537
6368 537
6369 537
6370 537
6371 539
6372 538
6373 542
6374 543
6375 541
6376 542
6377 542
6378 542
6379 544
6380 542
6381 542
6382 542
6383 542
6384 544
6385 542
6386 542
6387 543
6388 543
6389 544
6390 556
6391 555
6392 539
6393 550
6394 550
6395 535
6396 535
6397 539
6398 536
6399 536
6400 537
6401 533
6402 536
6403 534
6404 533
6405 535
6406 530
6407 527
6408 527
6409 527
6410 528
6411 527
6412 527
6413 527
6414 524
6415 525
6416 523
6417 524
6418 524
6419 520
6420 517
6421 516
6422 517
6423 517
6424 526
6425 521
6426 519
6427 519
6428 506
6429 502
6430 502
6431 503
6432 499
6433 498
6434 496
6435 496
6436 498
6437 493
6438 490
6439 489
6440 489
6441 491
6442 486
6443 483
6444 482
6445 479
6446 476
6447 475
6448 475
6449 474
6450 471
6451 468
6452 467
6453 463
6454 465
6455 460
6456 475
6457 472
6458 467
6459 453
6460 448
6461 445
6462 445
6463 442
6464 445
6465 443
6466 439
6467 440
6468 435
6469 432
6470 432
6471 428
6472 429
6473 423
6474 425
6475 424
6476 420
6477 417
6478 416
6479 412
6480 412
6481 409
6482 406
6483 405
6484 405
6485 405
6486 401
6487 398
6488 410
6489 406
6490 394
6491 400
6492 383
6493 383
6494 383
6495 382
6496 379
6497 376
6498 377
6499 373
6500 370
6501 369
6502 369
6503 371
6504 367
6505 363
6506 363
6507 359
6508 361
6509 359
6510 355
6511 355
6512 352
6513 348
6514 348
6515 343
6516 343
6517 343
6518 341
6519 352
6520 349
6521 337
6522 347
6523 343
6524 329
6525 325
6526 328
6527 326
6528 323
6529 322
6530 318
6531 321
6532 319
6533 315
6534 316
6535 311
6536 312
6537 312
6538 308
6539 304
6540 303
6541 303
6542 303
6543 299
6544 300
6545 299
6546 295
6547 295
6548 291
6549 292
6550 305
6551 300
6552 287
6553 294
6554 294
6555 280
6556 276
6557 280
6558 277
6559 273
6560 273
6561 274
6562 272
6563 270
6564 266
6565 266
6566 266
6567 264
6568 262
6569 263
6570 263
6571 259
6572 259
6573 259
6574 255
6575 256
6576 255
6577 251
6578 251
6579 251
6580 248
6581 261
6582 261
6583 247
6584 258
6585 255
6586 240
6587 240
6588 240
6589 237
6590 238
6591 238
6592 234
6593 236
6594 234
6595 235
6596 235
6597 230
6598 231
6599 230
6600 226
6601 227
6602 226
6603 223
6604 223
6605 223
6606 223
6607 222
6608 219
6609 218
6610 219
6611 219
6612 231
6613 227
6614 226
6615 214
6616 212
6617 212
6618 208
6619 211
6620 209
6621 205
6622 205
6623 205
6624 207
6625 205
6626 206
6627 205
6628 201
6629 203
6630 201
6631 202
6632 202
6633 197
6634 198
6635 198
6636 197
6637 199
6638 197
6639 194
6640 194
6641 193
6642 195
6643 206
6644 206
6645 201
6646 187
6647 191
6648 188
6649 188
6650 190
6651 185
6652 185
6653 185
6654 185
6655 186
6656 184
6657 185
6658 185
6659 181
6660 182
6661 181
6662 181
6663 181
6664 181
6665 182
6666 181
6667 177
6668 178
6669 177
6670 178
6671 177
6672 187
6673 178
6674 190
6675 189
6676 175
6677 170
6678 173
6679 171
6680 171
6681 173
6682 172
6683 172
6684 171
6685 168
6686 170
6687 168
6688 168
6689 168
6690 168
6691 170
6692 168
6693 169
6694 168
6695 168
6696 169
6697 168
6698 164
6699 165
6700 164
6701 164
6702 170
6703 178
6704 165
6705 176
6706 176
6707 162
6708 162
6709 165
6710 163
6711 159
6712 159
6713 159
6714 160
6715 159
6716 159
6717 161
6718 160
6719 160
6720 160
6721 160
6722 161
6723 160
6724 156
6725 155
6726 156
6727 157
6728 156
6729 156
6730 156
6731 156
6732 157
6733 169
6734 169
6735 157
6736 168
6737 155
6738 154
6739 150
6740 153
6741 151
6742 151
6743 151
6744 151
6745 153
6746 151
6747 151
6748 152
6749 152
6750 152
6751 152
6752 152
6753 153
6754 151
6755 148
6756 148
6757 148
6758 148
6759 148
6760 148
6761 148
6762 148
6763 149
6764 161
6765 161
6766 148
6767 156
6768 146
6769 145
6770 146
6771 144
6772 142
6773 143
6774 143
6775 143
6776 144
6777 143
6778 143
6779 144
6780 143
6781 144
6782 143
6783 144
6784 144
6785 144
6786 140
6787 140
6788 144
6789 141
6790 140
6791 140
6792 139
6793 139
6794 140
6795 152
6796 153
6797 139
6798 137
6799 138
6800 138
6801 138
6802 141
6803 138
6804 134
6805 135
6806 135
6807 136
6808 135
6809 135
6810 135
6811 135
6812 136
6813 135
6814 135
6815 131
6816 131
6817 131
6818 131
6819 131
6820 132
6821 131
6822 131
6823 131
6824 131
6825 132
6826 144
6827 144
6828 132
6829 125
6830 126
6831 126
6832 126
6833 127
6834 126
6835 126
6836 126
6837 127
6838 128
6839 126
6840 126
6841 127
6842 127
6843 124
6844 123
6845 123
6846 123
6847 127
6848 124
6849 123
6850 122
6851 123
6852 123
6853 123
6854 123
6855 123
6856 123
6857 135
6858 131
6859 117
6860 121
6861 117
6862 117
6863 117
6864 119
6865 117
6866 118
6867 118
6868 118
6869 119
6870 118
6871 118
6872 118
6873 119
6874 120
6875 119
6876 119
6877 118
6878 119
6879 115
6880 115
6881 114
6882 115
6883 114
6884 115
6885 115
6886 127
6887 115
6888 127
6889 127
6890 112
6891 113
6892 115
6893 114
6894 113
6895 115
6896 114
6897 114
6898 114
6899 110
6900 115
6901 114
6902 115
6903 114
6904 110
6905 112
6906 111
6907 110
6908 110
6909 110
6910 115
6911 114
6912 111
6913 111
6914 110
6915 111
6916 111
6917 118
6918 111
6919 122
6920 122
6921 108
6922 108
6923 111
6924 109
6925 106
6926 107
6927 107
6928 111
6929 110
6930 107
6931 111
6932 110
6933 107
6934 107
6935 108
6936 109
6937 107
6938 107
6939 108
6940 108
6941 108
6942 107
6943 108
6944 108
6945 108
6946 104
6947 117
6948 121
6949 109
6950 120
6951 115
6952 101
6953 105
6954 104
6955 102
6956 106
6957 107
6958 102
6959 103
6960 103
6961 103
6962 104
6963 103
6964 103
6965 103
6966 103
6967 104
6968 103
6969 104
6970 103
6971 103
6972 104
6973 103
6974 103
6975 103
6976 104
6977 104
6978 117
6979 116
6980 104
6981 116
6982 115
6983 101
6984 101
6985 104
6986 102
6987 103
6988 103
6989 98
6990 104
6991 103
6992 103
6993 104
6994 99
6995 104
6996 103
6997 99
6998 100
6999 99
7000 99
7001 99
7002 103
7003 100
7004 99
7005 103
7006 103
7007 99
7008 105
7009 117
7010 112
7011 100
7012 111
7013 108
7014 97
7015 97
7016 100
7017 98
7018 98
7019 99
7020 98
7021 99
7022 98
7023 99
7024 98
7025 99
7026 99
7027 99
7028 99
7029 104
7030 103
7031 99
7032 99
7033 99
7034 100
7035 99
7036 99
7037 99
7038 99
7039 100
7040 112
7041 112
7042 99
7043 111
7044 97
7045 98
7046 98
7047 100
7048 98
7049 99
7050 98
7051 98
7052 100
7053 98
7054 98
7055 99
7056 99
7057 99
7058 99
7059 99
7060 100
7061 99
7062 99
7063 100
7064 99
7065 100
7066 99
7067 99
7068 99
7069 100
7070 100
7071 112
7072 112
7073 98
7074 97
7075 98
7076 98
7077 97
7078 99
7079 98
7080 98
7081 98
7082 98
7083 100
7084 98
7085 99
7086 99
7087 99
7088 100
7089 98
7090 99
7091 99
7092 99
7093 100
7094 99
7095 100
7096 100
7097 99
7098 99
7099 99
7100 99
7101 100
7102 112
7103 111
7104 97
7105 97
7106 98
7107 98
7108 98
7109 100
7110 98
7111 98
7112 98
7113 98
7114 100
7115 99
7116 99
7117 99
7118 99
7119 100
7120 99
7121 99
7122 99
7123 103
7124 99
7125 99
7126 103
7127 100
7128 99
7129 100
7130 99
7131 99
7132 100
7133 112
7134 111
7135 96
7136 101
7137 104
7138 102
7139 102
7140 104
7141 102
7142 98
7143 99
7144 103
7145 105
7146 103
7147 103
7148 103
7149 103
7150 104
7151 103
7152 104
7153 104
7154 103
7155 104
7156 103
7157 104
7158 104
7159 103
7160 104
7161 115
7162 113
7163 104
7164 115
7165 115
7166 101
7167 102
7168 104
7169 102
7170 102
7171 104
7172 102
7173 103
7174 103
7175 103
7176 104
7177 103
7178 103
7179 103
7180 103
7181 104
7182 103
7183 103
7184 103
7185 103
7186 104
7187 103
7188 103
7189 104
7190 104
7191 104
7192 117
7193 120
7194 108
7195 119
7196 119
7197 106
7198 106
7199 108
7200 106
7201 106
7202 107
7203 107
7204 108
7205 107
7206 107
7207 108
7208 107
7209 108
7210 107
7211 109
7212 108
7213 107
7214 107
7215 107
7216 107
7217 109
7218 108
7219 108
7220 108
7221 110
7222 111
7223 124
7224 123
7225 111
7226 122
7227 122
7228 109
7229 109
7230 111
7231 110
7232 109
7233 110
7234 110
7235 112
7236 111
7237 110
7238 111
7239 114
7240 111
7241 111
7242 111
7243 115
7244 114
7245 114
7246 115
7247 115
7248 116
7249 114
7250 115
7251 115
7252 115
7253 115
7254 127
7255 128
7256 115
7257 126
7258 114
7259 112
7260 113
7261 115
7262 113
7263 114
7264 113
7265 118
7266 120
7267 118
7268 118
7269 118
7270 119
7271 119
7272 119
7273 119
7274 120
7275 119
7276 119
7277 119
7278 119
7279 120
7280 119
7281 119
7282 118
7283 123
7284 123
7285 135
7286 136
7287 123
7288 121
7289 121
7290 121
7291 121
7292 123
7293 122
7294 122
7295 122
7296 122
7297 123
7298 123
7299 123
7300 122
7301 123
7302 128
7303 127
7304 127
7305 128
7306 127
7307 128
7308 127
7309 127
7310 128
7311 127
7312 127
7313 127
7314 127
7315 128
7316 139
7317 143
7318 136
7319 128
7320 130
7321 129
7322 130
7323 131
7324 130
7325 130
7326 131
7327 131
7328 131
7329 130
7330 130
7331 131
7332 135
7333 137
7334 135
7335 135
7336 136
7337 135
7338 135
7339 135
7340 136
7341 136
7342 135
7343 135
7344 136
7345 135
7346 136
7347 148
7348 147
7349 133
7350 138
7351 140
7352 137
7353 138
7354 140
7355 138
7356 139
7357 139
7358 139
7359 140
7360 139
7361 139
7362 139
7363 143
7364 144
7365 144
7366 144
7367 143
7368 144
7369 144
7370 144
7371 144
7372 145
7373 143
7374 144
7375 152
7376 161
7377 148
7378 160
7379 160
7380 145
7381 146
7382 149
7383 146
7384 146
7385 148
7386 147
7387 148
7388 147
7389 147
7390 148
7391 147
7392 148
7393 147
7394 151
7395 153
7396 152
7397 152
7398 151
7399 152
7400 153
7401 152
7402 152
7403 152
7404 152
7405 153
7406 166
7407 165
7408 157
7409 167
7410 161
7411 154
7412 154
7413 157
7414 155
7415 155
7416 156
7417 155
7418 156
7419 155
7420 155
7421 157
7422 155
7423 156
7424 155
7425 160
7426 161
7427 160
7428 160
7429 160
7430 160
7431 161
7432 160
7433 160
7434 160
7435 160
7436 161
7437 173
7438 173
7439 165
7440 173
7441 162
7442 162
7443 162
7444 165
7445 163
7446 163
7447 163
7448 164
7449 164
7450 164
7451 164
7452 169
7453 168
7454 169
7455 168
7456 168
7457 169
7458 168
7459 168
7460 168
7461 168
7462 173
7463 173
7464 173
7465 172
7466 172
7467 173
7468 185
7469 184
7470 174
7471 171
7472 170
7473 171
7474 176
7475 178
7476 177
7477 176
7478 176
7479 177
7480 179
7481 177
7482 181
7483 181
7484 181
7485 182
7486 181
7487 181
7488 182
7489 181
7490 186
7491 186
7492 185
7493 186
7494 186
7495 185
7496 185
7497 204
7498 203
7499 202
7500 202
7501 190
7502 187
7503 192
7504 192
7505 192
7506 194
7507 193
7508 197
7509 197
7510 197
7511 198
7512 197
7513 197
7514 197
7515 197
7516 202
7517 202
7518 202
7519 202
7520 202
7521 206
7522 206
7523 206
7524 207
7525 206
7526 210
7527 223
7528 224
7529 211
7530 221
7531 220
7532 214
7533 212
7534 212
7535 213
7536 217
7537 219
7538 218
7539 218
7540 218
7541 222
7542 224
7543 222
7544 222
7545 222
7546 227
7547 228
7548 226
7549 230
7550 231
7551 230
7552 235
7553 235
7554 235
7555 235
7556 234
7557 240
7558 252
7559 252
7560 244
7561 254
7562 243
7563 243
7564 244
7565 245
7566 246
7567 246
7568 252
7569 250
7570 250
7571 250
7572 255
7573 256
7574 254
7575 258
7576 258
7577 262
7578 263
7579 262
7580 262
7581 263
7582 267
7583 267
7584 267
7585 271
7586 276
7587 275
7588 275
7589 288
7590 291
7591 280
7592 279
7593 281
7594 281
7595 281
7596 288
7597 285
7598 286
7599 287
7600 290
7601 294
7602 294
7603 294
7604 300
7605 298
7606 303
7607 303
7608 303
7609 309
7610 308
7611 312
7612 311
7613 312
7614 316
7615 316
7616 320
7617 320
7618 320
7619 324
7620 337
7621 340
7622 329
7623 339
7624 330
7625 329
7626 333
7627 337
7628 334
7629 338
7630 340
7631 342
7632 347
7633 347
7634 346
7635 352
7636 351
7637 355
7638 355
7639 355
7640 361
7641 359
7642 363
7643 364
7644 367
7645 369
7646 367
7647 370
7648 370
7649 373
7650 378
7651 391
7652 395
7653 386
7654 396
7655 400
7656 386
7657 386
7658 395
7659 392
7660 395
7661 396
7662 400
7663 401
7664 400
7665 404
7666 406
7667 408
7668 412
7669 412
7670 416
7671 421
7672 420
7673 420
7674 420
7675 424
7676 430
7677 428
7678 433
7679 434
7680 436
7681 441
7682 441
7683 444
7684 446
7685 457
7686 460
7687 445
7688 449
7689 457
7690 453
7691 458
7692 458
7693 458
7694 463
7695 462
7696 466
7697 468
7698 471
7699 475
7700 474
7701 475
7702 480
7703 478
7704 483
7705 482
7706 486
7707 487
7708 486
7709 490
7710 490
7711 494
7712 498
7713 497
7714 498
7715 498
7716 515
7717 519
7718 516
7719 516
7720 510
7721 506
7722 506
7723 506
7724 510
7725 518
7726 515
7727 514
7728 516
7729 515
7730 520
7731 519
7732 523
7733 524
7734 523
7735 527
7736 527
7737 527
7738 528
7739 527
7740 530
7741 531
7742 531
7743 536
7744 535
7745 535
7746 535
7747 535
7748 535
7749 548
7750 551
7751 539
7752 540
7753 537
7754 535
7755 536
7756 540
7757 536
7758 537
7759 537
7760 541
7761 544
7762 541
7763 541
7764 543
7765 542
7766 541
7767 542
7768 542
7769 543
7770 542
7771 542
7772 542
7773 542
7774 543
7775 542
7776 542
7777 542
7778 539
7779 539
7780 538
7781 546
7782 539
7783 550
7784 550
7785 535
7786 535
7787 536
7788 532
7789 532
7790 533
7791 533
7792 532
7793 530
7794 530
7795 531
7796 526
7797 527
7798 527
7799 527
7800 525
7801 524
7802 524
7803 523
7804 523
7805 521
7806 519
7807 516
7808 516
7809 516
7810 514
7811 513
7812 512
7813 513
7814 522
7815 518
7816 516
7817 516
7818 502
7819 498
7820 495
7821 495
7822 496
7823 495
7824 492
7825 489
7826 489
7827 489
7828 486
7829 485
7830 482
7831 480
7832 478
7833 474
7834 475
7835 475
7836 472
7837 471
7838 468
7839 467
7840 464
7841 465
7842 464
7843 460
7844 460
7845 456
7846 467
7847 465
7848 460
7849 445
7850 441
7851 441
7852 442
7853 438
7854 437
7855 434
7856 432
7857 432
7858 427
7859 424
7860 423
7861 424
7862 425
7863 420
7864 416
7865 416
7866 412
7867 409
7868 409
7869 405
7870 404
7871 401
7872 402
7873 401
7874 397
7875 397
7876 393
7877 390
7878 403
7879 398
7880 386
7881 396
7882 379
7883 379
7884 375
7885 375
7886 372
7887 369
7888 369
7889 369
7890 369
7891 367
7892 363
7893 363
7894 359
7895 355
7896 355
7897 355
7898 352
7899 351
7900 347
7901 348
7902 344
7903 345
7904 343
7905 340
7906 340
7907 336
7908 337
7909 350
7910 345
7911 332
7912 339
7913 339
7914 325
7915 321
7916 321
7917 318
7918 319
7919 318
7920 315
7921 313
7922 311
7923 311
7924 312
7925 307
7926 303
7927 303
7928 303
7929 300
7930 298
7931 295
7932 295
7933 295
7934 292
7935 291
7936 291
7937 291
7938 287
7939 284
7940 282
7941 294
7942 283
7943 290
7944 291
7945 276
7946 272
7947 276
7948 273
7949 270
7950 269
7951 266
7952 268
7953 266
7954 263
7955 263
7956 262
7957 260
7958 258
7959 258
7960 255
7961 255
7962 255
7963 255
7964 250
7965 251
7966 251
7967 247
7968 246
7969 247
7970 244
7971 256
7972 256
7973 243
7974 254
7975 237
7976 236
7977 237
7978 235
7979 233
7980 234
7981 234
7982 230
7983 232
7984 230
7985 230
7986 230
7987 226
7988 227
7989 226
7990 222
7991 222
7992 222
7993 223
7994 222
7995 218
7996 219
7997 218
7998 214
7999 214
8000 214
8001 215
8002 227
8003 223
8004 221
8005 221
8006 208
8007 208
8008 208
8009 210
8010 205
8011 205
8012 205
8013 205
8014 203
8015 202
8016 202
8017 202
8018 202
8019 199
8020 197
8021 198
8022 198
8023 198
8024 198
8025 197
8026 193
8027 194
8028 194
8029 194
8030 194
8031 194
8032 191
8033 202
8034 202
8035 187
8036 188
8037 191
8038 188
8039 184
8040 186
8041 185
8042 185
8043 185
8044 184
8045 182
8046 181
8047 181
8048 181
8049 181
8050 182
8051 181
8052 181
8053 181
8054 178
8055 178
8056 177
8057 178
8058 178
8059 177
8060 178
8061 178
8062 188
8063 174
8064 184
8065 184
8066 170
8067 170
8068 174
8069 171
8070 172
8071 171
8072 172
8073 168
8074 167
8075 168
8076 169
8077 168
8078 168
8079 168
8080 168
8081 170
8082 168
8083 165
8084 164
8085 164
8086 165
8087 164
8088 165
8089 165
8090 165
8091 165
8092 177
8093 177
8094 165
8095 176
8096 166
8097 158
8098 158
8099 161
8100 159
8101 159
8102 159
8103 159
8104 162
8105 160
8106 160
8107 161
8108 160
8109 160
8110 160
8111 156
8112 157
8113 156
8114 156
8115 156
8116 156
8117 157
8118 156
8119 156
8120 156
8121 156
8122 157
8123 168
8124 168
8125 157
8126 161
8127 150
8128 150
8129 150
8130 153
8131 150
8132 151
8133 151
8134 151
8135 153
8136 151
8137 151
8138 152
8139 151
8140 152
8141 152
8142 147
8143 148
8144 148
8145 148
8146 148
8147 148
8148 148
8149 148
