1396564178.181010288 528.612
1396564178.194684298 477.01
1396564178.208225773 477.01
1396564178.225850114 477.01
1396564178.236112876 477.01
1396564178.250819296 477.01
1396564178.271414035 477.01
1396564178.285924610 477.01
1396564178.298650543 477.01
1396564178.311349606 477.01
1396564178.324941405 477.01
1396564178.343926953 477.01
1396564178.366091496 477.01
1396564178.381098144 477.01
1396564178.402277961 477.01
1396564178.414615835 477.01
1396564178.429526911 477.01
1396564178.444981305 477.01
1396564178.460375034 477.01
1396564178.473466080 477.01
1396564178.486423588 477.01
1396564178.500833913 477.01
1396564178.522241768 477.01
1396564178.534718824 477.01
1396564178.550571755 477.01
1396564178.564968236 477.01
1396564178.579747891 477.01
1396564178.594138160 497.887
1396564178.607130867 497.075
1396564178.622622769 496.265
1396564178.637084849 495.455
1396564178.660483316 494.648
1396564178.673322924 493.842
1396564178.686455915 493.037
1396564178.701026731 492.234
1396564178.715641343 491.834
1396564178.727998292 491.033
1396564178.742439623 490.235
1396564178.757686254 489.438
1396564178.780692879 488.246
1396564178.795626868 487.85
1396564178.809085060 487.059
1396564178.822549578 486.269
1396564178.836966507 485.482
1396564178.851532024 485.089
1396564178.865476833 484.305
1396564178.879250048 483.522
1396564178.894495923 482.742
1396564178.915393228 481.964
1396564178.928745676 481.188
1396564178.942615197 480.414
1396564178.957685997 479.642
1396564178.973246703 478.873
1396564178.987647128 478.489
1396564179.002062605 477.722
1396564179.015707654 476.959
1396564179.036925906 475.816
1396564179.051641293 475.057
1396564179.066142442 474.679
1396564179.079309180 473.923
1396564179.093765321 473.17
1396564179.109015420 472.419
1396564179.123339745 472.044
1396564179.138650665 471.296
1396564179.152501794 470.55
1396564179.173677574 469.436
1396564179.188748185 468.697
1396564179.202958426 468.328
1396564179.217162585 467.591
1396564179.231120368 466.858
1396564179.245014688 466.126
1396564179.260747084 465.397
1396564179.274932672 465.033
1396564179.294341368 463.946
1396564179.308727473 463.224
1396564179.323017241 462.864
1396564179.336005339 462.146
1396564179.568813261 452.004
1396564179.583593494 451.324
1396564179.596244810 450.985
1396564179.609603040 450.309
1396564179.621952566 449.635
1396564179.637139323 448.963
1396564179.652769341 448.295
1396564179.675145133 447.961
1396564179.691147118 446.965
1396564179.703972588 446.303
1396564179.717462912 445.645
1396564179.731583761 445.316
1396564179.746832906 444.662
1396564179.758915534 444.009
1396564179.773544746 443.36
1396564179.787925728 443.036
1396564179.808751039 442.068
1396564179.822527250 441.426
1396564179.837386098 440.787
1396564179.852644188 440.15
1396564179.867374064 439.833
1396564179.882506877 439.2
1396564179.896135903 438.57
1396564179.909489703 437.942
1396564179.931642475 437.63
1396564179.948320097 436.695
1396564179.962066529 436.075
1396564179.975139831 435.458
1396564179.989353412 434.844
1396564180.004382849 434.232
1396564180.018604376 433.927
1396564180.030886079 433.319
1396564180.046240710 432.714
1396564180.067267065 432.111
1396564180.082287614 431.511
1396564180.096123984 430.913
1396564180.111119484 430.318
1396564180.125809087 429.726
1396564180.141201631 429.136
1396564180.155111871 428.842
1396564180.395244770 420.322
1396564180.410151502 419.772
1396564180.422806910 419.225
1396564180.444892253 418.407
1396564180.459886893 418.135
1396564180.474568608 417.593
1396564180.487205696 417.053
1396564180.501399255 416.515
1396564180.515491944 416.246
1396564180.532206372 415.711
1396564180.551211497 414.91
1396564180.573509194 414.113
1396564180.588756840 413.583
1396564180.602869693 413.318
1396564180.619514146 412.791
1396564180.638637261 412.002
1396564180.653081956 411.477
1396564180.667954697 411.216
1396564180.682508692 410.693
1396564180.701680450 409.911
1396564180.716592276 409.391
1396564180.730637564 409.131
1396564180.745205468 408.612
1396564180.757728961 408.095
1396564180.998600742 400.399
1396564181.015535255 399.888
1396564181.028013152 399.378
1396564181.043419193 399.122
1396564181.056333137 398.611
1396564181.070437003 398.1
1396564181.096135606 397.333
1396564181.116077498 396.822
1396564181.141287366 395.797
1396564181.155266849 395.541
1396564181.167486727 395.028
1396564181.185692252 394.514
1396564181.211462227 394
1396564181.225259401 393.227
1396564181.239680519 392.711
1396564181.253111844 392.194
1396564181.267890062 391.677
1396564181.283485684 391.418
1396564181.298261022 390.899
1396564181.311120017 390.379
1396564181.324753217 389.859
1396564181.343774026 389.337
1396564181.357115016 388.814
1396564181.372626776 388.29
1396564181.386241415 388.027
1396564181.399262812 387.501
1396564181.413064825 386.974
1396564181.427194667 386.71
1396564181.443354575 386.18
1396564181.466026759 385.649
1396564181.479504668 384.85
1396564181.494313594 384.316
1396564181.734912363 376.072
1396564181.753234227 375.505
1396564181.771703526 374.936
1396564181.785002164 374.364
1396564181.798687445 373.79
1396564181.814748382 373.212
1396564182.054646105 364.236
1396564182.070942018 363.617
1396564182.316193382 354.01
1396564182.335010212 353.017
1396564182.353003061 352.352
1396564182.377963957 351.35
1396564182.396386836 350.342
1396564182.414747832 349.667
1396564182.432727886 348.989
1396564182.452120064 348.308
1396564182.470449376 347.283
1396564182.493605112 346.252
1396564182.511224860 345.562
1396564182.529419721 344.869
1396564182.548923230 343.825
1396564182.567607737 343.126
1396564182.586140162 342.424
1396564182.604739694 341.367
1396564182.630417826 340.305
1396564182.650431134 339.593
1396564182.667633912 338.879
1396564182.686583917 337.804
1396564182.704229233 337.084
1396564182.722158677 336.361
1396564182.747535498 335.637
1396564182.764931327 334.18
1396564182.783350025 333.448
1396564182.801102800 332.713
1396564182.819011031 331.977
1396564182.835170457 331.237
1396564182.854224045 330.124
1396564182.877665581 329.006
1396564182.896693907 328.257
1396564182.916440522 327.13
1396564182.943731624 326.376
1396564182.963696879 325.241
1396564183.194802195 314.02
1396564183.212036061 312.835
1396564183.230097607 312.042
1396564183.249183434 311.247
1396564183.272873256 310.052
1396564183.291217677 309.253
1396564183.308879169 308.051
1396564183.326418475 307.247
1396564183.345384399 306.442
1396564183.363348174 305.635
1396564183.389073664 304.017
1396564183.406596334 303.206
1396564183.423590791 302.393
1396564183.443120388 301.579
1396564183.460472570 300.355
1396564183.479552002 299.537
1396564183.498175234 298.719
1396564183.523347215 297.488
1396564183.540918276 296.255
1396564183.558598646 295.431
1396564183.576017010 294.606
1396564183.595669322 293.78
1396564183.618014259 292.54
1396564183.644675106 290.882
1396564183.661096729 290.052
1396564183.678500839 289.221
1396564183.700262503 288.389
1396564183.724663842 286.723
1396564183.742512751 285.889
1396564183.761115499 285.054
1396564183.785446824 283.801
1396564183.803603163 282.965
1396564183.828578845 281.291
1396564183.846663583 280.453
1396564183.866164639 279.615
1396564183.882929175 278.776
1396564183.906805232 277.518
1396564183.924964610 276.259
1396564183.942694056 275.419
1396564183.959451280 274.579
1396564183.977096148 273.739
1396564183.996092083 272.899
1396564184.012870155 271.639
1396564184.039331530 270.378
1396564184.057788505 269.538
1396564184.074471915 268.698
1396564184.092678008 267.438
1396564184.110715248 266.598
1396564184.127912150 265.758
1396564184.153774235 264.919
1396564184.170507284 263.66
1396564184.190107468 262.822
1396564184.207084481 261.564
1396564184.224234984 260.727
1396564184.242606448 259.89
1396564184.259595192 258.635
1396564184.285053219 257.381
1396564184.302731037 256.547
1396564184.321074048 255.712
1396564184.339305723 254.879
1396564184.356588525 253.63
1396564184.374843228 252.798
1396564184.394965669 251.968
1396564184.424605140 250.309
1396564184.442420305 249.481
1396564184.459155801 248.654
1396564184.477990930 247.415
1396564184.497495986 246.59
1396564184.513724766 245.767
1396564184.538082460 244.945
1396564184.555436213 243.714
1396564184.572836086 242.486
1396564184.591241224 241.668
1396564184.608085708 240.853
1396564184.624977134 240.038
1396564184.644033268 238.819
1396564184.668978030 237.603
1396564184.688869019 236.795
1396564184.705659418 235.988
1396564184.724115917 235.182
1396564184.747585578 233.576
1396564184.765560439 232.776
1396564184.782960779 231.977
1396564184.807109536 230.782
1396564184.825869392 229.988
1396564184.844752591 228.8
1396564184.861088275 228.01
1396564184.879235157 227.222
1396564184.899299621 226.435
1396564184.924840499 224.868
1396564184.942963379 224.087
1396564184.961799704 223.307
1396564184.979047455 222.53
1396564184.996977773 221.367
1396564185.015142354 220.595
1396564185.031526185 219.823
1396564185.056610462 218.671
1396564185.074056006 217.904
1396564185.090738753 217.14
1396564185.108733212 215.997
1396564185.126442064 215.237
1396564185.143742330 214.48
1396564185.164371655 213.346
1396564185.189505355 212.218
1396564185.206710097 211.468
1396564185.224026491 210.72
1396564185.242481585 209.974
1396564185.259177579 209.23
1396564185.277586142 208.117
1396564185.294588206 207.378
1396564185.320304238 206.273
1396564185.337696318 205.539
1396564185.355587272 204.442
1396564185.373432241 203.713
1396564185.392129591 202.986
1396564185.409211303 202.261
1396564185.433609555 201.538
1396564185.450846666 200.458
1396564185.468671971 199.382
1396564185.485702348 198.667
1396564185.502666391 197.955
1396564185.521746099 197.245
1396564185.540108678 196.537
1396564185.565065115 195.127
1396564185.583082883 194.425
1396564185.602849658 193.725
1396564185.620607048 192.68
1396564185.637574748 191.985
1396564185.655549823 191.293
1396564185.672020049 190.604
1396564185.695602531 189.573
1396564185.714091052 188.889
1396564185.740890845 188.207
1396564185.757228180 186.849
1396564185.774708355 186.173
1396564185.792104792 185.5
1396564185.817695727 184.829
1396564185.834953253 183.827
1396564185.852708413 182.83
1396564185.869537733 182.168
1396564185.886958466 181.508
1396564185.905348855 180.85
1396564185.921650447 180.195
1396564185.948745721 178.891
1396564185.965175056 178.242
1396564185.982960651 177.596
1396564186.001101983 176.952
1396564186.018044127 176.31
1396564186.034582289 175.67
1396564186.052738130 174.715
1396564186.077098435 173.765
1396564186.095901510 173.135
1396564186.112886498 172.507
1396564186.130499235 171.881
1396564186.148556810 170.947
1396564186.166579183 170.327
1396564186.184207236 169.71
1396564186.211051745 168.788
1396564186.228729060 167.871
1396564186.246780717 167.263
1396564186.263577943 166.657
1396564186.287789442 166.054
1396564186.308454835 164.854
1396564186.333474055 163.961
1396564186.351951406 163.368
1396564186.369023994 162.778
1396564186.385679348 162.191
1396564186.404475511 161.314
1396564186.421645691 160.732
1396564186.438986941 160.153
1396564186.464224520 159.289
1396564186.482050251 158.716
1396564186.501335588 157.861
1396564186.518011970 157.294
1396564186.535955502 156.729
1396564186.556098690 155.887
1396564186.573308900 155.329
1396564186.598950346 154.497
1396564186.617101814 153.945
1396564186.633018390 153.395
1396564186.651080434 152.848
1396564186.668528353 152.033
1396564186.685704196 151.492
1396564186.704077626 150.954
1396564186.729062856 150.152
1396564186.750087797 149.355
1396564186.765171098 148.827
1396564186.783196094 148.302
1396564186.801955104 147.779
1396564186.819063499 147.259
1396564186.845044577 146.227
1396564186.862452830 145.714
1396564186.881896852 145.204
1396564186.898898774 144.697
1396564186.916747139 143.941
1396564186.933217226 143.44
1396564186.954826025 142.942
1396564186.976277937 142.2
1396564186.995284821 141.709
1396564187.010911537 141.22
1396564187.038210281 140.492
1396564187.054074960 139.769
1396564187.071073346 139.291
1396564187.088205996 138.815
1396564187.112791471 138.107
1396564187.130345207 137.638
1396564187.148974735 136.94
1396564187.167091132 136.478
1396564187.183984984 136.018
1396564187.202577938 135.561
1396564187.227084172 135.107
1396564187.244949603 134.207
1396564187.262655571 133.761
1396564187.283601419 133.318
1396564187.305138348 132.658
1396564187.322546220 132.221
1396564187.341284233 131.572
1396564187.366530797 130.928
1396564187.383071653 130.503
1396564187.402657633 130.08
1396564187.420067160 129.451
1396564187.436848479 129.035
1396564187.455343862 128.622
1396564187.472069050 128.212
1396564187.496972728 127.601
1396564187.514425737 127.198
1396564187.530696996 126.797
1396564187.549201656 126.202
1396564187.566701720 125.808
1396564187.585016392 125.417
1396564187.610945030 125.029
1396564187.628569605 124.262
1396564187.646662639 123.882
1396564187.664708726 123.505
1396564187.682466523 123.131
1396564187.700582754 122.576
1396564187.717147313 122.209
1396564187.742977905 121.664
1396564187.759572081 121.304
1396564187.777074392 120.947
1396564187.794199260 120.593
1396564187.811102535 120.242
1396564187.828691225 119.72
1396564187.846688717 119.376
1396564187.869589829 118.865
1396564187.887118467 118.528
1396564187.905991072 118.194
1396564187.923140385 117.863
1396564187.941317695 117.372
1396564187.958853486 117.048
1396564187.978820535 116.727
1396564188.003071242 116.25
1396564188.020783419 115.781
1396564188.038787089 115.471
1396564188.055457971 115.165
1396564188.073089447 114.861
1396564188.089680941 114.56
1396564188.107013175 114.262
1396564188.131085600 113.821
1396564188.149463475 113.386
1396564188.167291905 113.1
1396564188.403585456 109.281
1396564188.421088682 108.921
1396564188.438092218 108.685
1396564188.456710941 108.452
1396564188.473853991 108.222
1396564188.490979818 107.995
1396564188.515084920 107.66
1396564188.533466434 107.332
1396564188.550710053 107.116
1396564188.567378547 106.904
1396564188.584069170 106.695
1396564188.602695101 106.489
1396564188.619067180 106.286
1396564188.642819002 105.986
1396564188.660631496 105.694
1396564188.678774702 105.503
1396564188.695830928 105.315
1396564188.710987786 105.129
1396564188.728023017 104.947
1396564188.745827928 104.768
1396564188.768569885 104.505
1396564188.785951443 104.333
1396564188.803061206 104.165
1396564188.820894139 103.918
1396564188.838585247 103.757
1396564188.858334262 103.599
1396564188.875011209 103.444
1396564188.901679391 103.217
1396564188.924579399 102.925
1396564188.941194453 102.783
1396564188.959434978 102.645
1396564188.975441135 102.51
1396564188.994105561 102.378
1396564189.019837547 102.248
1396564189.037478934 101.999
1396564189.057024730 101.879
1396564189.075038614 101.762
1396564189.093086877 101.592
1396564189.110545218 101.483
1396564189.128891076 101.376
1396564189.154581712 101.222
1396564189.172689759 101.075
1396564189.406364595 100.008
1396564189.424066037 99.959
1396564189.442963866 99.912
1396564189.460511636 99.847
1396564189.698919273 99.58
1396564189.720879958 99.589
1396564189.738407898 99.599
1396564189.756686311 99.619
1396564189.776786398 99.637
1396564189.806185875 99.681
1396564189.823636433 99.708
1396564189.839721581 99.738
1396564189.859017887 99.771
1396564189.877456530 99.826
1396564189.894998604 99.866
1396564189.917669941 99.933
1396564189.935053282 99.981
1396564189.954409692 100.032
1396564189.972470303 100.115
1396564189.989205884 100.174
1396564190.006788637 100.236
1396564190.026976349 100.301
1396564190.048954306 100.404
1396564190.065157923 100.477
1396564190.083055795 100.553
1396564190.101552796 100.672
1396564190.118679459 100.756
1396564190.136999628 100.842
1396564190.156071721 100.931
1396564190.181592517 101.12
1396564190.199166980 101.218
1396564190.217064790 101.32
1396564190.234823767 101.425
1396564190.253932580 101.588
1396564190.270927319 101.7
1396564190.288022099 101.815
1396564190.313095425 101.994
1396564190.330325021 102.117
1396564190.349033995 102.307
1396564190.366375203 102.438
1396564190.383878325 102.572
1396564190.401565165 102.708
1396564190.426959377 102.848
1396564190.457459248 103.137
1396564190.481738080 103.437
1396564190.509540170 103.671
1396564190.526053279 103.911
1396564190.543180626 104.075
1396564190.568666229 104.327
1396564190.588098722 104.585
1396564190.605269539 104.761
1396564190.623077133 104.94
1396564190.641438749 105.122
1396564190.658393572 105.307
1396564190.682920660 105.495
1396564190.701433654 105.88
1396564190.719871131 106.077
1396564190.737084614 106.277
1396564190.756049106 106.583
1396564190.772926739 106.791
1396564190.790926930 107.001
1396564190.814061266 107.323
1396564190.830926287 107.541
1396564190.849067635 107.762
1396564190.868193373 108.099
1396564190.886300595 108.327
1396564190.905746893 108.559
1396564190.921910899 108.793
1396564190.948374881 109.151
1396564190.964743940 109.514
1396564190.982445183 109.761
1396564191.000634951 110.01
1396564191.017504212 110.262
1396564191.036049408 110.646
1396564191.053994433 110.906
1396564191.078888188 111.301
1396564191.096564317 111.568
1396564191.113771333 111.838
1396564191.131050012 112.11
1396564191.149010440 112.525
1396564191.167082469 112.805
1396564191.184127225 113.089
1396564191.209781990 113.519
1396564191.227072440 113.809
1396564191.244943781 114.25
1396564191.263084915 114.548
1396564191.279424028 114.849
1396564191.299616619 115.152
1396564191.325363648 115.768
1396564191.345219621 116.081
1396564191.362384704 116.396
1396564191.378676218 116.714
1396564191.396497703 117.196
1396564191.413191869 117.522
1396564191.430930866 117.85
1396564191.455987968 118.348
1396564191.472941148 118.683
1396564191.493008155 119.021
1396564191.516494372 119.706
1396564191.534618629 120.053
1396564191.553048564 120.403
1396564191.577548423 120.755
1396564191.594562750 121.29
1396564191.612016672 121.649
1396564191.629179093 122.194
1396564191.648749310 122.561
1396564191.665448135 122.93
1396564191.683048292 123.303
1396564191.708911696 124.056
1396564191.726925086 124.437
1396564191.745064531 124.821
1396564191.761715547 125.207
1396564191.779291168 125.597
1396564191.796630641 126.186
1396564191.814492652 126.582
1396564191.838198825 127.182
1396564191.859425069 127.585
1396564191.876795120 128.195
1396564191.895391932 128.606
1396564191.911370723 129.018
1396564191.927917332 129.434
1396564191.945988959 129.853
1396564191.972379148 130.486
1396564191.988960964 131.125
1396564192.006253300 131.554
1396564192.023259205 131.987
1396564192.039996866 132.422
1396564192.059047031 132.859
1396564192.076565724 133.521
1396564192.101363011 134.189
1396564192.119160166 134.638
1396564192.137128202 135.089
1396564192.155559870 135.771
1396564192.174294796 136.229
1396564192.193748121 136.69
1396564192.219119319 137.153
1396564192.236738351 138.088
1396564192.254510081 138.56
1396564192.271125930 139.034
1396564192.289069853 139.511
1396564192.306424720 139.99
1396564192.324668269 140.714
1396564192.349976099 141.444
1396564192.366793975 141.935
1396564192.383567756 142.427
1396564192.400769818 142.923
1396564192.418662763 143.421
1396564192.436562119 144.172
1396564192.456536091 144.677
1396564192.480824744 145.438
1396564192.497059981 145.949
1396564192.515561005 146.463
1396564192.533257693 147.238
1396564192.552058513 147.758
1396564192.569978835 148.281
1396564192.587170023 148.806
1396564192.611182704 149.599
1396564192.628794461 150.397
1396564192.647413511 150.933
1396564192.665164882 151.47
1396564192.682483474 152.011
1396564192.700687290 152.826
1396564192.717418192 153.373
1396564192.742420609 154.198
1396564192.760038591 154.751
1396564192.777004006 155.307
1396564192.794666064 155.865
1396564192.815046931 156.707
1396564192.838129701 157.554
1396564192.862172843 158.407
1396564192.880043693 158.979
1396564192.897751873 159.553
1396564192.914370326 160.13
1396564192.931735503 160.709
1396564192.949802633 161.582
1396564192.966375200 162.167
1396564192.990237858 163.05
1396564193.007648859 163.641
1396564193.025044263 164.234
1396564193.042045822 164.83
1396564193.060232126 165.729
1396564193.078564324 166.331
1396564193.095557314 166.936
1396564193.120506280 167.847
1396564193.138123106 168.457
1396564193.156106166 169.377
1396564193.173088718 169.993
1396564193.190290599 170.612
1396564193.208510183 171.233
1396564193.225917988 171.856
1396564193.251558887 172.796
1396564193.268916288 173.74
1396564193.287003640 174.373
1396564193.305943512 175.008
1396564193.323867347 175.645
1396564193.340868175 176.605
1396564193.357639287 177.248
1396564193.383039808 178.216
1396564193.402413106 178.865
1396564193.421382932 179.516
1396564193.447053346 180.824
1396564193.463430214 181.481
1396564193.482242187 182.141
1396564193.508446541 183.135
1396564193.525179993 184.134
1396564193.541875921 184.802
1396564193.559008479 185.473
1396564193.577056597 186.146
1396564193.596163056 186.822
1396564193.612932453 187.839
1396564193.638609836 188.861
1396564193.658512826 189.545
1396564193.675537673 190.231
1396564193.692813640 191.265
1396564193.710487413 191.957
1396564193.729264591 192.651
1396564193.754192642 193.347
1396564193.771180739 194.395
1396564193.796913531 195.448
1396564193.816356399 196.506
1396564193.835669024 197.214
1396564193.859028060 198.279
1396564193.885293378 199.708
1396564193.905572687 200.425
1396564193.922353593 201.144
1396564193.940089191 202.227
1396564193.957569411 202.951
1396564193.974730134 203.678
1396564193.992555746 204.406
1396564194.020449013 205.503
1396564194.036653379 206.604
1396564194.054554271 207.34
1396564194.071407850 208.079
1396564194.089563950 208.82
1396564194.108490935 209.934
1396564194.125099758 210.68
1396564194.150534326 211.801
1396564194.168109678 212.552
1396564194.185044894 213.304
1396564194.202657031 214.058
1396564194.221832496 215.193
1396564194.239285310 215.952
1396564194.265549919 216.713
1396564194.282423497 217.857
1396564194.300780561 219.006
1396564194.317862506 219.775
1396564194.335831012 220.545
1396564194.353977367 221.317
1396564194.370974936 222.091
1396564194.396681086 223.644
1396564194.413557685 224.423
1396564194.431992041 225.204
1396564194.451051103 225.987
1396564194.468530905 227.165
1396564194.485292022 227.952
1396564194.504551507 228.741
1396564194.528048104 229.928
1396564194.547924616 231.118
1396564194.566289618 231.914
1396564194.582974843 232.712
1396564194.600919469 233.512
1396564194.617915159 234.313
1396564194.635272522 235.115
1396564194.658856678 236.323
1396564194.676725588 237.533
1396564194.694798439 238.343
1396564194.713004812 239.153
1396564194.729904446 239.965
1396564194.747679709 241.186
1396564194.764990654 242.001
1396564194.790678633 243.227
1396564194.809729061 244.046
1396564194.826460915 244.866
1396564194.843000412 245.687
1396564194.860919180 246.921
1396564194.878920993 247.745
1396564194.905555040 248.57
1396564194.922451320 249.81
1396564194.938678993 250.637
1396564194.956650932 251.88
1396564194.975017523 252.71
1396564194.992114961 253.54
1396564195.011637406 254.788
1396564195.036926934 256.037
1396564195.056800276 256.87
1396564195.073020243 257.704
1396564195.090422573 258.539
1396564195.107935607 259.792
1396564195.126542199 260.629
1396564195.144980666 261.465
1396564195.167543537 262.721
1396564195.187523395 263.559
1396564195.205393017 264.816
1396564195.222662246 265.654
1396564195.239402523 266.493
1396564195.258245610 267.332
1396564195.274779941 268.171
1396564195.299273543 269.429
1396564195.316579192 270.688
1396564195.334525796 271.528
1396564195.351915952 272.367
1396564195.369021243 273.206
1396564195.387026748 274.045
1396564195.416404772 275.304
1396564195.446924263 277.4
1396564195.465791611 278.238
1396564195.482665600 279.076
1396564195.500716753 280.332
1396564195.518897164 281.169
1396564195.536029656 282.005
1396564195.561713212 283.259
1396564195.580021280 284.511
1396564195.597420373 285.345
1396564195.615018755 286.179
1396564195.631146945 287.011
1396564195.651043360 287.843
1396564195.677674370 289.505
1396564195.709041172 291.164
1396564195.727017482 291.992
1396564195.745869575 292.818
1396564195.763081215 293.644
1396564195.781544255 294.881
1396564195.808611856 296.116
1396564195.825975008 296.938
1396564195.845024208 298.168
1396564195.863898613 298.986
1396564195.879482715 299.804
1396564195.898218558 300.62
1396564195.916733198 301.841
1396564195.943094029 303.06
1396564195.962477715 303.87
1396564195.980524306 305.083
1396564195.997472660 305.889
1396564196.015289446 306.694
1396564196.033936096 307.498
1396564196.060797023 309.099
1396564196.079137982 309.898
1396564196.098398186 310.694
1396564196.116467377 311.886
1396564196.134517434 312.677
1396564196.153914592 313.467
1396564196.171671198 314.255
1396564196.198054340 315.825
1396564196.216653158 316.607
1396564196.234582918 317.387
1396564196.254205284 318.553
1396564196.271147498 319.328
1396564196.289863824 320.1
1396564196.316212944 321.639
1396564196.333161802 322.405
1396564196.355419010 323.169
1396564196.373594665 324.31
1396564196.391099711 325.069
1396564196.409931337 325.825
1396564196.427405513 326.955
1396564196.453492001 328.081
1396564196.472583562 328.828
1396564196.491493280 329.573
1396564196.508906574 330.687
1396564196.526641821 331.426
1396564196.546784015 332.163
1396564196.574090678 333.63
1396564196.594356102 334.36
1396564196.612804817 335.45
1396564196.630765204 336.174
1396564196.650023651 336.895
1396564196.668366074 337.973
1396564196.686883844 338.688
1396564196.710663775 339.757
1396564196.727477951 340.466
1396564196.759388097 341.173
1396564196.781915257 342.93
1396564196.801896176 343.628
1396564196.827661200 344.324
1396564196.846785002 345.709
1396564196.865938085 346.397
1396564196.884090779 347.083
1396564196.902025617 348.107
1396564196.920767830 348.787
1396564196.939418951 349.464
1396564196.965975717 350.811
1396564196.983652031 351.48
1396564197.002538079 352.147
1396564197.020655846 353.143
1396564197.037980273 353.804
1396564197.057802699 354.462
1396564197.084158705 355.444
1396564197.101104489 356.421
1396564197.118661335 357.069
1396564197.138040060 357.714
1396564197.157789687 358.677
1396564197.175014947 359.316
1396564197.194878805 359.952
1396564197.218726022 360.901
1396564197.238014120 361.845
1396564197.259164138 362.47
1396564197.277379630 363.404
1396564197.294768753 364.023
1396564197.314211918 364.64
1396564197.339534494 365.254
1396564197.359030439 366.474
1396564197.377841161 367.08
1396564197.395462128 367.984
1396564197.414043644 368.584
1396564197.710559760 369.181
1396564197.736784368 380.037
1396564197.756635104 380.859
1396564197.774329211 381.404
1396564197.791368436 381.947
1396564197.812389586 382.489
1396564197.830388451 383.298
1396564197.856531854 384.103
1396564197.874038998 384.637
1396564197.891543679 385.436
1396564197.911565876 385.967
1396564197.927960082 386.497
1396564197.946786939 387.025
1396564197.964862414 387.814
1396564197.991094556 388.601
1396564198.009840320 389.124
1396564198.028630209 389.907
1396564198.047812662 390.427
1396564198.066083560 390.946
1396564198.084332914 391.723
1396564198.109148922 392.499
1396564198.126636556 393.015
1396564198.145978006 393.53
1396564198.164012638 394.045
1396564198.181272369 394.815
1396564198.199254357 395.328
1396564198.218865807 395.841
1396564198.242782290 396.609
1396564198.262548413 397.377
1396564198.281896860 397.888
1396564198.300395402 398.655
1396564198.317094198 399.166
1396564198.337036677 399.676
1396564198.364651624 400.698
1396564198.383400326 401.209
1396564198.401727375 401.72
1396564198.419451638 402.487
1396564198.437781400 402.998
1396564198.456852829 403.51
1396564198.475027783 404.023
1396564198.501776198 405.049
1396564198.520780553 405.562
1396564198.538045530 406.077
1396564198.557037545 406.85
1396564198.573952084 407.366
1396564198.592315952 407.883
1396564198.618965489 408.4
1396564198.637120259 409.438
1396564198.656756447 409.959
1396564198.673923036 410.48
1396564198.691632878 411.003
1396564198.710025567 411.789
1396564198.727953167 412.315
1396564198.753937526 413.106
1396564198.772398550 413.635
1396564198.790329483 414.431
1396564198.810403000 414.964
1396564198.828252786 415.765
1396564198.846709984 416.302
1396564198.874197120 416.84
1396564198.892633487 417.922
1396564198.910575690 418.466
1396564198.928751830 419.011
1396564198.949614941 419.559
1396564198.975284343 420.66
1396564198.991401405 421.214
1396564199.017853915 422.048
1396564199.035892048 422.607
1396564199.053901916 423.451
1396564199.071000324 424.016
1396564199.087503607 424.583
1396564199.106545397 425.153
1396564199.132022645 425.725
1396564199.150827199 426.878
1396564199.168570468 427.459
1396564199.185735599 428.041
1396564199.203709458 428.627
1396564199.220825745 429.511
1396564199.239459863 430.103
1396564199.263691629 430.997
1396564199.282141348 431.596
1396564199.301147207 432.499
1396564199.318448023 433.105
1396564199.336570550 433.713
1396564199.356253208 434.63
1396564199.374031089 435.245
1396564199.398956304 436.172
1396564199.417904715 436.793
1396564199.436946271 437.73
1396564199.456522298 438.358
1396564199.473905544 438.989
1396564199.492570295 439.94
1396564199.518002367 440.896
1396564199.535624889 441.537
1396564199.554347187 442.181
1396564199.572498163 443.151
1396564199.590384391 443.801
1396564199.610057897 444.454
1396564199.628267367 445.438
1396564199.653508055 446.428
1396564199.671389330 447.091
1396564199.690154788 447.757
1396564199.708593727 448.76
1396564199.726503523 449.432
1396564199.744641891 450.106
1396564199.769941022 450.783
1396564199.788820199 452.145
1396564199.807124035 452.83
1396564199.825805512 453.517
1396564199.843497116 454.206
1396564199.862143359 455.246
1396564199.879121884 455.942
1396564199.903283649 456.99
1396564199.923415561 457.692
1396564199.941387141 458.75
1396564199.960379185 459.458
1396564199.977911601 460.169
1396564199.996393665 461.239
1396564200.014423443 461.956
1396564200.039566721 463.036
1396564200.059368684 463.758
1396564200.077879846 464.847
1396564200.096571390 465.576
1396564200.115445561 466.307
1396564200.133223332 467.409
1396564200.158140880 468.515
1396564200.175135389 469.256
1396564200.193118477 469.999
1396564200.211240851 470.745
1396564200.228708487 471.867
1396564200.246640731 472.618
1396564200.267024293 473.372
1396564200.290707533 474.506
1396564200.309993847 475.645
1396564200.327266900 476.407
1396564200.343494827 477.17
1396564200.362388778 477.937
1396564200.380723577 479.091
1396564200.409778091 479.862
1396564200.426992339 481.024
1396564200.444829844 482.19
1396564200.463084716 482.97
1396564200.481747916 483.752
1396564200.500390425 484.536
1396564200.517377316 485.717
1396564200.542518549 486.901
1396564200.559144076 487.693
1396564200.577788763 488.487
1396564200.593891269 489.283
1396564200.612763213 490.48
1396564200.630341328 491.281
1396564200.648763314 492.083
1396564200.676387374 493.289
1396564200.692826003 494.499
1396564200.711767469 495.307
1396564200.729409785 496.117
1396564200.747035831 496.929
1396564200.764824521 498.149
1396564200.782317371 498.964
1396564200.808020157 500.189
1396564200.825515139 501.008
1396564200.843030429 501.828
1396564200.860702585 503.059
1396564200.878370116 503.882
1396564200.895264003 504.706
1396564200.921388809 505.531
1396564200.938059068 506.77
1396564200.956737646 508.012
1396564200.975182963 508.841
1396564200.991476513 509.671
1396564201.011238976 510.502
1396564201.028519027 511.749
1396564201.053951843 512.999
1396564201.070431417 513.833
1396564201.087977969 514.667
1396564201.107133662 515.502
1396564201.124624825 516.756
1396564201.142930800 517.593
1396564201.161863739 518.43
1396564201.188511296 519.686
1396564201.205813790 520.944
1396564201.222978549 521.783
1396564201.240583496 522.622
1396564201.257785136 523.461
1396564201.275281101 524.301
1396564201.292990086 525.561
1396564201.318211129 526.821
1396564201.334869517 527.661
1396564201.352990129 528.501
1396564201.370646782 529.341
1396564201.388886257 530.602
1396564201.407011736 531.442
1396564201.423341135 532.282
1396564201.450290270 533.542
1396564201.467931363 534.381
1396564201.484867183 535.64
1396564201.503379928 536.479
1396564201.521387167 537.318
1396564201.538372013 538.156
1396564201.564806317 539.831
1396564201.582729755 540.668
1396564201.599737788 541.504
1396564201.617840796 542.34
1396564201.636300442 543.592
1396564201.653783045 544.426
1396564201.671438663 545.26
1396564201.696552921 546.508
1396564201.714366048 547.34
1396564201.732160326 548.585
1396564201.750458882 549.415
1396564201.767111094 550.243
1396564201.785778972 551.07
1396564201.803120505 551.897
1396564201.827431319 553.134
1396564201.845237648 554.37
1396564201.863243099 555.192
1396564201.882142607 556.012
1396564201.898976329 556.832
1396564201.917350272 558.059
1396564201.935116078 558.875
1396564201.960944060 560.097
1396564201.978185183 560.91
1396564201.995104104 561.721
1396564202.012628369 562.936
1396564202.030262973 563.743
1396564202.050374101 564.549
1396564202.076207697 566.156
1396564202.092980552 566.957
1396564202.112629848 567.756
1396564202.128930337 568.554
1396564202.147183275 569.35
1396564202.165194696 570.54
1396564202.182933256 571.332
1396564202.206133642 572.516
1396564202.222878952 573.303
1396564202.240878955 574.088
1396564202.258690424 574.871
1396564202.276209791 576.043
1396564202.294950253 576.822
1396564202.314916263 577.599
1396564202.336946634 578.761
1396564202.354359655 579.534
1396564202.370671910 580.304
1396564202.388694384 581.457
1396564202.407184781 582.223
1396564202.424500824 582.987
1396564202.441955951 583.749
1396564202.467319581 584.889
1396564202.485253373 586.024
1396564202.503243610 586.779
1396564202.521742150 587.531
1396564202.538436853 588.282
1396564202.556943804 589.404
1396564202.575609447 590.15
1396564202.600740990 591.265
1396564202.617926315 592.006
1396564202.635486200 592.744
1396564202.652811607 593.849
1396564202.670853799 594.583
1396564202.689267209 595.314
1396564202.714960791 596.044
1396564202.732874122 597.497
1396564202.753835466 598.221
1396564202.770199214 598.942
1396564202.787131149 599.662
1396564202.804625640 600.737
1396564202.820975046 601.451
1396564202.845539761 602.518
1396564202.863171210 603.227
1396564202.881231380 603.934
1396564202.898202961 604.639
1396564202.915975456 605.341
1396564202.933300300 606.391
1396564202.952728275 607.088
1396564202.976397625 608.13
1396564202.992990508 608.821
1396564203.010976170 609.511
1396564203.028384101 610.541
1396564203.045732363 611.225
1396564203.063975926 611.907
1396564203.081095565 612.586
1396564203.107352739 613.601
1396564203.125099285 614.611
1396564203.143187918 615.282
1396564203.160886806 615.95
1396564203.177000717 616.617
1396564203.196476617 617.612
1396564203.215052226 618.272
1396564203.239244593 619.259
1396564203.255726274 619.914
1396564203.272922016 620.567
1396564203.288920454 621.217
1396564203.306143892 621.865
1396564203.323856942 622.512
1396564203.341472524 623.476
1396564203.365804027 624.436
1396564203.384601843 625.073
1396564203.400991802 625.707
1396564203.418249640 626.34
1396564203.434756436 626.97
1396564203.460351512 627.91
1396564203.485788656 629.156
1396564203.503972992 629.776
1396564203.521682292 630.393
1396564203.538452273 631.008
1396564203.557096341 631.925
1396564203.574923109 632.534
1396564203.591524673 633.141
1396564203.616544258 634.046
1396564203.633938270 634.647
1396564203.650723709 635.245
1396564203.668748713 636.138
1396564203.684798866 636.73
1396564203.704357930 637.319
1396564203.722246929 637.907
1396564203.748394812 638.783
1396564203.766408807 639.654
1396564203.998515950 647.786
1396564204.016870889 648.328
1396564204.034071639 648.867
1396564204.052495606 649.67
1396564204.069222945 650.203
1396564204.088338898 650.733
1396564204.107370793 651.26
1396564204.130489729 652.047
1396564204.148875132 652.827
1396564204.166301841 653.344
1396564204.183841312 653.859
1396564204.201018744 654.371
1396564204.218208534 654.88
1396564204.236616327 655.639
1396564204.263892931 656.393
1396564204.281906228 656.892
1396564204.299783205 657.388
1396564204.318364862 658.127
1396564204.334491218 658.617
1396564204.352470642 659.104
1396564204.369695473 659.589
1396564204.394588321 660.31
1396564204.417216066 661.026
1396564204.438596015 661.736
1396564204.458346705 662.206
1396564204.475470343 662.673
1396564204.493036201 663.368
1396564204.518090751 664.058
1396564204.544476209 664.514
1396564204.561540437 665.194
1396564204.578222662 665.644
1396564204.596213953 666.091
1396564204.614240010 666.756
1396564204.638247170 667.415
1396564204.658218875 667.851
1396564204.676790737 668.5
1396564204.694836611 668.929
1396564204.714228117 669.355
1396564204.732392264 669.779
1396564204.751123739 670.41
1396564204.781747947 671.034
1396564204.802696212 671.652
1396564204.820238749 672.263
1396564204.838685082 672.668
1396564204.857992373 673.069
1396564204.874873614 673.468
1396564204.898466872 674.061
1396564204.918367440 674.647
1396564204.936040899 675.035
1396564204.960864495 675.611
1396564204.980863857 675.992
1396564205.004863775 676.744
1396564205.029993728 677.301
1396564205.048668503 677.669
1396564205.066109984 678.034
1396564205.082864695 678.396
1396564205.100587428 678.934
1396564205.118909775 679.289
1396564205.136592437 679.641
1396564205.159341310 680.164
1396564205.177761259 680.509
1396564205.195363140 680.852
1396564205.213010784 681.36
1396564205.230662903 681.694
1396564205.250235545 682.027
1396564205.276455062 682.682
1396564205.293158030 683.006
1396564205.312461440 683.326
1396564205.330459370 683.644
1396564205.346485978 683.959
1396564205.364673728 684.426
1396564205.382363654 684.733
1396564205.406005421 685.189
1396564205.424630317 685.49
1396564205.441827280 685.787
1396564205.459959854 686.228
1396564205.476780546 686.518
1396564205.494547632 686.805
1396564205.513112927 687.089
1396564205.535358208 687.51
1396564205.553773293 687.787
1396564205.570405644 688.061
1396564205.589029270 688.466
1396564205.608726256 688.733
1396564205.625610720 688.996
1396564205.642882525 689.257
1396564205.668917489 689.77
1396564205.686457634 690.022
1396564205.705594000 690.27
1396564205.722903675 690.516
1396564205.740510713 690.88
1396564205.757488311 691.118
1396564205.774714511 691.354
1396564205.798955015 691.701
1396564205.817821389 691.93
1396564205.834959424 692.155
1396564205.852816665 692.487
1396564205.871773893 692.704
1396564205.888855826 692.919
1396564205.913484756 693.131
1396564205.929965727 693.443
1396564205.946630031 693.647
1396564205.964336304 693.947
1396564205.981877956 694.144
1396564206.001304718 694.338
1396564206.019846619 694.529
1396564206.044484151 694.901
1396564206.063062480 695.083
1396564206.082009485 695.261
1396564206.099958872 695.524
1396564206.118459868 695.695
1396564206.135330482 695.863
1396564206.153446075 696.028
1396564206.178974102 696.27
1396564206.196477666 696.505
1396564206.214710129 696.658
1396564206.234420865 696.808
1396564206.252728745 697.027
1396564206.270854349 697.17
1396564206.288024610 697.309
1396564206.313991637 697.512
1396564206.331721853 697.644
1396564206.348958674 697.836
1396564206.366773870 697.96
1396564206.383080157 698.081
1396564206.402860487 698.199
1396564206.428648550 698.426
1396564206.446729114 698.535
1396564206.466424722 698.641
1396564206.483015756 698.744
1396564206.500723157 698.893
1396564206.518870075 698.988
1396564206.535835126 699.08
1396564206.560707653 699.213
1396564206.578091231 699.297
1396564206.594585505 699.379
1396564206.615731869 699.495
1396564206.634470799 699.569
1396564206.864503196 700.296
1396564206.884223090 700.334
1396564206.901202113 700.356
1396564206.918820789 700.375
1396564206.941931336 700.397
1396564206.959778469 700.408
1396564206.976781041 700.416
1396564206.993798536 700.421
1396564207.012275925 700.422
1396564207.029203250 700.42
1396564207.047078837 700.414
1396564207.072732440 700.399
1396564207.090356369 700.386
1396564207.108952823 700.36
1396564207.127500420 700.339
1396564207.142821920 700.315
1396564207.159472752 700.287
1396564207.176846886 700.257
1396564207.199463397 700.206
1396564207.219022522 700.168
1396564207.237328962 700.105
1396564207.255273224 700.059
1396564207.272836402 700.011
1396564207.290204060 699.959
1396564207.307077913 699.904
1396564207.332588197 699.816
1396564207.349854461 699.721
1396564207.366365166 699.654
1396564207.384400663 699.584
1396564207.401233517 699.511
1396564207.418447058 699.434
1396564207.436895286 699.314
1396564207.463293269 699.187
1396564207.481090232 699.099
1396564207.498214339 699.007
1396564207.516422532 698.864
1396564207.533331005 698.765
1396564207.551442144 698.663
1396564207.568954009 698.558
1396564207.592917633 698.394
1396564207.612141796 698.223
1396564207.628720908 698.106
1396564207.647448793 697.986
1396564207.665874697 697.862
1396564207.683908420 697.735
1396564207.708575179 697.473
1396564207.726117853 697.337
1396564207.744742787 697.199
1396564207.762342319 697.057
1396564207.780468219 696.839
1396564207.797328493 696.689
1396564207.815100606 696.537
1396564207.837838540 696.303
1396564207.856446710 696.143
1396564207.873597316 695.98
1396564207.891447417 695.73
1396564207.909341127 695.559
1396564207.926768706 695.386
1396564207.946962862 695.209
1396564207.967488910 694.939
1396564207.985772977 694.755
1396564208.004719868 694.473
1396564208.022783278 694.282
1396564208.040659463 694.087
1396564208.059524490 693.79
1396564208.077325219 693.587
1396564208.102727522 693.279
1396564208.121072477 693.069
1396564208.139161414 692.857
1396564208.156695446 692.532
1396564208.174516502 692.312
1396564208.192324178 692.089
1396564208.218826906 691.863
1396564208.236388011 691.402
1396564208.254713205 691.167
1396564208.272639986 690.93
1396564208.288837202 690.689
1396564208.306202395 690.445
1396564208.322574714 690.198
1396564208.348846795 689.696
1396564208.366586289 689.44
1396564208.383828620 689.181
1396564208.400946307 688.92
1396564208.417387639 688.655
1396564208.434839405 688.388
1396564208.454743967 687.981
1396564208.477973859 687.568
1396564208.494981433 687.288
1396564208.513163673 687.006
1396564208.530190011 686.721
1396564208.547841573 686.288
1396564208.567018239 685.996
1396564208.583336732 685.7
1396564208.608470029 685.252
1396564208.625594406 684.949
1396564208.642605847 684.644
1396564208.663545456 684.18
1396564208.678932663 683.867
1396564208.697550654 683.552
1396564208.716442166 683.073
1396564208.741495945 682.587
1396564208.758784736 682.26
1396564208.775087776 681.93
1396564208.793668955 681.597
1396564208.811336027 681.092
1396564208.828964313 680.752
1396564208.847624283 680.409
1396564208.872904697 679.889
1396564208.890944981 679.539
1396564208.909008656 679.008
1396564208.926758895 678.651
1396564208.943345573 678.291
1396564208.960774494 677.928
1396564208.976896715 677.562
1396564208.999762800 677.008
1396564209.018913314 676.635
1396564209.036654481 676.07
1396564209.054712051 675.69
1396564209.071109849 675.308
1396564209.088947609 674.922
1396564209.113403832 674.534
1396564209.130071606 673.946
1396564209.148058900 673.352
1396564209.166084719 672.952
1396564209.184395763 672.55
1396564209.202838251 672.145
1396564209.220432623 671.532
1396564209.245891461 670.913
1396564209.266286963 670.496
1396564209.284341060 669.867
1396564209.301315958 669.444
1396564209.318957847 669.018
1396564209.335261928 668.589
1396564209.353751970 668.158
1396564209.380330005 667.506
1396564209.404835490 666.627
1396564209.422013459 666.183
1396564209.439430262 665.737
1396564209.460258815 665.062
1396564209.478209199 664.609
1396564209.502851653 663.924
1396564209.521036396 663.464
1396564209.538335960 663.002
1396564209.555085791 662.536
1396564209.572835947 661.834
1396564209.590921988 661.362
1396564209.609763374 660.887
1396564209.632855163 660.17
1396564209.651310584 659.689
1396564209.668984096 658.962
1396564209.688122803 658.474
1396564209.705756726 657.984
1396564209.723334551 657.243
1396564209.746270275 656.746
1396564209.765883821 655.995
1396564209.784441082 655.492
1396564209.802233831 654.986
1396564209.818931504 654.477
1396564209.836523136 653.709
1396564209.854433867 653.193
1396564209.872535920 652.675
1396564209.898330147 651.894
1396564209.915936466 651.106
1396564209.935817270 650.578
1396564209.956541908 649.781
1396564209.974836465 649.246
1396564209.991841372 648.709
1396564210.016392041 647.899
1396564210.033826938 647.356
1396564210.050557780 646.81
1396564210.068559318 645.986
1396564210.086434915 645.434
1396564210.104391633 644.879
1396564210.122274029 644.322
1396564210.146414558 643.481
1396564210.164627208 642.635
1396564210.182307787 642.068
1396564210.408160946 641.498
1396564210.432435594 632.964
1396564210.450581220 632.357
1396564210.468847041 631.441
1396564210.486478048 630.828
1396564210.504909329 630.213
1396564210.527338757 629.285
1396564210.545778580 628.664
1396564210.564250360 627.727
1396564210.582313537 627.1
1396564210.598904235 626.471
1396564210.617426588 625.839
1396564210.635451437 624.887
1396564210.660784469 623.93
1396564210.678805147 623.289
1396564210.696783110 622.645
1396564210.714670261 622
1396564210.734612181 621.027
1396564210.757299968 620.05
1396564210.781935034 619.067
1396564210.801095022 618.409
1396564210.819227125 617.749
1396564210.837174413 616.755
1396564210.856823083 616.089
1396564210.874202115 615.421
1396564210.891805273 614.415
1396564210.916708089 613.742
1396564210.932496951 612.727
1396564210.950317858 612.048
1396564210.968788099 611.367
1396564210.985493511 610.684
1396564211.002421718 609.998
1396564211.020803863 608.966
1396564211.046679408 607.928
1396564211.065387263 607.234
1396564211.082498131 606.537
1396564211.100305142 605.489
1396564211.118215026 604.787
1396564211.135174106 604.083
1396564211.161348320 603.377
1396564211.177764662 602.314
1396564211.196427392 601.246
1396564211.214794310 600.531
1396564211.232822866 599.815
1396564211.251260377 599.096
1396564211.269750092 598.014
1396564211.293831329 596.928
1396564211.312594027 596.201
1396564211.328764352 595.472
1396564211.346448686 594.742
1396564211.364919592 593.641
1396564211.382345001 592.906
1396564211.398439768 592.168
1396564211.424396800 591.057
1396564211.443298873 590.314
1396564211.461305765 589.196
1396564211.478944453 588.449
1396564211.496423829 587.699
1396564211.513887170 586.947
1396564211.530967149 586.194
1396564211.556322084 585.06
1396564211.573759930 583.922
1396564211.591847898 583.161
1396564211.610519274 582.398
1396564211.628797112 581.25
1396564211.647185653 580.482
1396564211.674664165 579.712
1396564211.692811402 578.168
1396564211.710825583 577.393
1396564211.727746060 576.616
1396564211.745571593 575.837
1396564211.764387296 574.666
1396564211.781067360 573.883
1396564211.806944986 572.705
1396564211.823150600 571.917
1396564211.842801288 571.128
1396564211.860793498 569.94
1396564211.878204899 569.147
1396564211.894809814 568.351
1396564211.912372289 567.554
1396564211.936566090 566.355
1396564211.955568363 565.554
1396564211.973016110 564.349
1396564211.990813630 563.543
1396564212.007802358 562.736
1396564212.024797506 561.928
1396564212.043096631 561.118
1396564212.068702211 559.493
1396564212.086321904 558.679
1396564212.102408184 557.863
1396564212.120796513 557.046
1396564212.139010958 556.228
1396564212.156616717 554.998
1396564212.173839782 554.176
1396564212.198821657 552.942
1396564212.217387124 552.118
1396564212.233810915 551.293
1396564212.252315269 550.053
1396564212.270576292 549.225
1396564212.287702806 548.397
1396564212.304940561 547.567
1396564212.327312738 546.321
1396564212.345950844 545.49
1396564212.363298106 544.658
1396564212.380437562 543.408
1396564212.398486122 542.574
1396564212.417603761 541.739
1396564212.441327351 540.904
1396564212.460756169 539.232
1396564212.478582988 538.395
1396564212.495747629 537.558
1396564212.512941254 536.721
1396564212.530205108 535.883
1396564212.546917658 535.045
1396564212.572920803 533.368
1396564212.591636259 532.529
1396564212.610919279 531.69
1396564212.628569925 530.431
1396564212.646614320 529.592
1396564212.665559618 528.752
1396564212.682544154 527.913
1396564212.706614804 526.654
1396564212.724539943 525.396
1396564212.741744739 524.557
1396564212.760536089 523.718
1396564212.776945023 522.88
1396564212.795034206 522.041
1396564212.812738038 520.785
1396564212.838160206 519.529
1396564212.856751727 518.692
1396564212.872748779 517.856
1396564212.889821281 517.02
1396564212.906986217 516.185
1396564212.925223026 514.933
1396564212.942626879 514.1
1396564212.968664884 512.85
1396564212.986877598 512.018
1396564213.008666841 510.772
1396564213.035064722 509.527
1396564213.053326499 508.285
1396564213.072436949 507.457
1396564213.097682387 506.218
1396564213.116318197 504.982
1396564213.377456560 504.158
1396564213.408421633 490.368
1396564213.426687644 489.571
1396564213.445227083 488.379
1396564213.472796911 487.191
1396564213.491305659 486.402
1396564213.509505236 485.221
1396564213.526787361 484.436
1396564213.545964443 483.653
1396564213.564909182 482.483
1396564213.582310647 481.706
1396564213.606681071 480.544
1396564213.626172919 479.772
1396564213.644682403 478.617
1396564213.664323148 477.85
1396564213.682747749 477.086
1396564213.700559371 475.943
1396564213.725736203 474.805
1396564213.745066960 474.049
1396564213.763689767 472.92
1396564213.783682760 472.169
1396564213.800685853 471.421
1396564213.820615955 470.303
1396564213.838536231 469.561
1396564213.863537069 468.451
1396564213.882557629 467.715
1396564213.900306414 466.614
1396564213.918918340 465.883
1396564213.938109511 465.155
1396564213.956833791 464.067
1396564213.981308140 462.984
1396564213.999321484 462.266
1396564214.020408398 461.192
1396564214.037494672 460.48
1396564214.058187085 459.769
1396564214.076751138 458.708
1396564214.094741884 458.004
1396564214.121780871 456.953
1396564214.140667788 455.907
1396564214.160736421 455.212
1396564214.178180434 454.521
1396564214.196175813 453.487
1396564214.214613396 452.802
1396564214.239305287 451.778
1396564214.258182756 451.099
1396564214.276744681 450.084
1396564214.296179902 449.411
1396564214.313597742 448.741
1396564214.332164745 447.74
1396564214.350445929 447.076
1396564214.378182028 446.084
1396564214.397971666 445.098
1396564214.414914363 444.445
1396564214.433751936 443.793
1396564214.452534075 442.821
1396564214.470903425 442.176
1396564214.496637982 441.213
1396564214.514161897 440.575
1396564214.531905419 439.939
1396564214.550607601 438.99
1396564214.570229803 438.361
1396564214.588217648 437.422
1396564214.606657938 436.799
1396564214.633947375 435.87
1396564214.652783594 434.947
1396564214.670975123 434.334
1396564214.689861063 433.725
1396564214.707848649 433.117
1396564214.726157171 432.212
1396564214.751281921 431.312
1396564214.770434001 430.715
1396564214.788173108 429.825
1396564214.807598915 429.235
1396564214.826226484 428.647
1396564214.844403758 427.771
1396564214.863777309 427.19
1396564214.889598801 426.324
1396564214.909914352 425.463
1396564214.932926660 424.608
1396564214.952243055 424.042
1396564214.972294215 423.196
1396564214.990402866 422.635
1396564215.016301378 421.798
1396564215.033782633 421.243
1396564215.052545626 420.414
1396564215.070526361 419.864
1396564215.088803696 419.316
1396564215.106482360 418.77
1396564215.132494823 417.684
1396564215.150551998 417.144
1396564215.170743053 416.605
1396564215.188831027 415.8
1396564215.206435130 415.266
1396564215.225611754 414.733
1396564215.244523883 413.936
1396564215.270462823 413.143
1396564215.290499446 412.616
1396564215.307919905 411.827
1396564215.325598051 411.303
1396564215.342526895 410.78
1396564215.362529667 410.259
1396564215.389922222 409.218
1396564215.408243696 408.699
1396564215.427860061 408.182
1396564215.445743644 407.406
1396564215.465565104 406.89
1396564215.484100828 406.118
1396564215.502436258 405.604
1396564215.526488485 404.834
1396564215.546073137 404.321
1396564215.564787605 403.552
1396564215.582233109 403.04
1396564215.600368247 402.529
1396564215.620487208 401.762
1396564215.645044235 400.996
1396564215.664420789 400.485
1396564215.682595795 399.974
1396564215.701686750 399.208
1396564215.719275919 398.697
1396564215.737981494 398.186
1396564215.756905670 397.419
1396564215.782781002 396.651
1396564215.801691318 396.139
1396564215.820868020 395.37
1396564215.841169739 394.857
1396564215.859154956 394.343
1396564215.876842519 393.571
1396564215.902295057 392.798
1396564215.921429930 392.281
1396564215.938244368 391.764
1396564215.956872919 390.986
1396564215.974748719 390.467
1396564215.993699148 389.946
1396564216.012620766 389.163
1396564216.038524938 388.378
1396564216.058165692 387.852
1396564216.077429908 387.062
1396564216.093024367 386.534
1396564216.111191231 386.004
1396564216.129540371 385.473
1396564216.156424399 384.406
1396564216.176001922 383.87
1396564216.196626416 383.063
1396564216.216304276 382.522
1396564216.234095251 381.98
1396564216.252152333 381.164
1396564216.270770043 380.617
1396564216.295139792 379.793
1396564216.313675995 379.241
1396564216.331771546 378.687
1396564216.348919884 377.853
1396564216.368223650 377.293
1396564216.385863200 376.731
1396564216.412541152 375.601
1396564216.432403670 375.032
1396564216.447288424 374.46
1396564216.468004138 373.886
1396564216.484995292 373.02
1396564216.504547401 372.439
1396564216.522167747 371.856
1396564216.548548358 370.976
1396564216.566291863 370.09
1396564216.582542112 369.496
1396564216.601562329 368.899
1396564216.620540169 367.999
1396564216.638865829 367.396
1396564216.665649808 366.79
1396564216.683791899 365.57
1396564216.701024185 364.956
1396564216.718372441 364.34
1396564216.737928072 363.721
1396564216.757095574 363.099
1396564216.774342806 362.162
1396564216.799253079 361.219
1396564216.818091755 360.586
1396564216.836731669 359.633
1396564216.858162237 358.994
1396564216.875058373 358.353
1396564216.892909486 357.386
1396564216.910742113 356.738
1396564217.166262586 355.762
1396564217.189947549 344.985
1396564217.208536759 344.29
1396564217.225674529 343.593
1396564217.244604779 342.542
1396564217.265294210 341.838
1396564217.282533930 341.132
1396564217.308870430 339.713
1396564217.327036864 338.999
1396564217.345771017 338.283
1396564217.365069566 337.205
1396564217.383361055 336.483
1396564217.402543320 335.758
1396564217.420663594 334.667
1396564217.446973374 333.571
1396564217.466555127 332.837
1396564217.484973800 331.731
1396564217.503280992 330.991
1396564217.522106562 330.249
1396564217.540862218 329.131
1396564217.565303974 328.008
1396564217.582727330 327.256
1396564217.601693044 326.503
1396564217.620220543 325.747
1396564217.638518488 324.609
1396564217.658140189 323.848
1396564217.675711638 322.702
1396564217.700638161 321.551
1396564217.719166498 320.781
1396564217.738116944 320.009
1396564217.757224549 318.847
1396564217.774362413 318.07
1396564217.793572260 317.291
1396564217.820648856 315.725
1396564217.837998021 314.94
1396564217.856833528 314.152
1396564217.874244492 313.363
1396564217.890835097 312.571
1396564217.908437372 311.38
1396564217.924641207 310.584
1396564217.949729897 309.387
1396564217.968342915 308.586
1396564217.986358078 307.784
1396564218.004117297 306.577
1396564218.021135258 305.771
1396564218.039100862 304.963
1396564218.056781830 304.153
1396564218.079120248 302.936
1396564218.096793479 302.123
1396564218.114438774 301.308
1396564218.132347836 300.083
1396564218.149593765 299.265
1396564218.169167645 298.446
1396564218.186828740 297.625
1396564218.210529530 296.392
1396564218.228535254 295.157
1396564218.246305145 294.332
1396564218.263102518 293.506
1396564218.280654667 292.678
1396564218.298288890 291.85
1396564218.315693240 290.606
1396564218.338538374 289.776
1396564218.357762338 288.528
1396564218.374763674 287.696
1396564218.392008991 286.863
1396564218.411027741 286.029
1396564218.428401847 284.776
1396564218.446832556 283.941
1396564218.472854284 282.687
1396564218.490279732 281.85
1396564218.508670206 280.593
1396564218.526881183 279.755
1396564218.545692497 278.917
1396564218.564211977 277.658
1396564218.804920048 276.399
1396564218.832272935 263.801
1396564218.856778288 262.543
1396564218.874148738 261.705
1396564218.892549419 260.448
1396564218.911289059 259.611
1396564218.930469594 258.775
1396564218.948330555 257.521
1396564218.973689425 256.269
1396564218.990396327 255.435
1396564219.008781085 254.602
1396564219.025568088 253.769
1396564219.043755427 252.938
1396564219.062208398 251.692
1396564219.079011494 250.862
1396564219.104281196 249.619
1396564219.123755789 248.792
1396564219.140765561 247.553
1396564219.158380015 246.728
1396564219.174945836 245.905
1396564219.193981304 245.083
1396564219.212801063 243.851
1396564219.238466803 242.623
1396564219.255194400 241.805
1396564219.272953101 240.989
1396564219.289931930 240.174
1396564219.307778626 238.955
1396564219.326629123 238.144
1396564219.353273759 237.334
1396564219.369764587 236.123
1396564219.387284704 234.915
1396564219.404835116 234.111
1396564219.424488109 233.31
1396564219.441869678 232.51
1396564219.460212177 231.314
1396564219.484452933 230.121
1396564219.502543601 229.328
1396564219.519629774 228.537
1396564219.537896027 227.747
1396564219.556269443 226.567
1396564219.574091694 225.782
1396564219.591022710 224.999
1396564219.613296799 223.827
1396564219.630628279 223.049
1396564219.649380678 222.272
1396564219.667829259 221.497
1396564219.684641547 220.338
1396564219.702637675 219.568
1396564219.720708286 218.799
1396564219.744335028 217.65
1396564219.761681801 216.886
1396564219.778833797 216.124
1396564219.796345388 214.985
1396564219.812625675 214.228
1396564219.830259311 213.473
1396564219.846945081 212.72
1396564219.873505141 211.594
1396564219.890873742 210.845
1396564219.908649824 209.726
1396564219.927608607 208.983
1396564219.943728997 208.241
1396564219.961530821 207.502
1396564219.978627894 206.764
1396564220.002815976 205.662
1396564220.020441362 204.564
1396564220.037909864 203.835
1396564220.055626766 203.108
1396564220.073908795 202.382
1396564220.090954791 201.659
1396564220.109951312 200.578
1396564220.134774887 199.502
1396564220.153601790 198.787
1396564220.172169164 197.719
1396564220.190607929 197.009
1396564220.214400332 195.949
1396564220.231622225 195.244
1396564220.256377096 194.192
1396564220.274147361 193.493
1396564220.290463048 192.796
1396564220.308575497 191.755
1396564220.326636233 191.064
1396564220.344528218 190.375
1396564220.361703978 189.688
1396564220.386394875 188.662
1396564220.404598115 187.64
1396564220.422267418 186.962
1396564220.441174790 186.286
1396564220.460061623 185.613
1396564220.478153872 184.607
1396564220.494708358 183.939
1396564220.520908576 182.941
1396564220.541943973 181.948
1396564220.565778502 180.96
1396564220.584242586 180.304
1396564220.601503762 179.651
1396564220.618563564 179
1396564220.642342592 178.027
1396564220.660318272 177.059
1396564220.678563491 176.417
1396564220.695331977 175.777
1396564220.713760632 175.14
1396564220.731763916 174.187
1396564220.748938409 173.556
1396564220.774133968 172.612
1396564220.792206738 171.986
1396564220.808762401 171.362
1396564220.825896227 170.741
1396564220.843891645 169.813
1396564220.861815593 169.197
1396564220.880370785 168.584
1396564220.904645458 167.669
1396564220.926311197 166.759
1396564220.951895615 165.854
1396564220.969892341 165.254
1396564220.987594996 164.358
1396564221.005152031 163.764
1396564221.029761482 162.877
1396564221.048466026 162.289
1396564221.065665252 161.703
1396564221.082769280 161.12
1396564221.101650297 160.25
1396564221.120495498 159.673
1396564221.145278164 159.098
1396564221.161793293 158.24
1396564221.178771981 157.672
1396564221.196393596 156.824
1396564221.213681918 156.261
1396564221.231439390 155.702
1396564221.249486101 155.144
1396564221.276287917 154.037
1396564221.293053712 153.487
1396564221.310367578 152.94
1396564221.328643066 152.395
1396564221.345554687 151.853
1396564221.364387345 151.044
1396564221.382104954 150.508
1396564221.408259221 149.709
1396564221.424617751 149.179
1396564221.442466190 148.652
1396564221.461140688 147.867
1396564221.478558680 147.346
1396564221.496242189 146.828
1396564221.513464409 146.313
1396564221.539581838 145.544
1396564221.557058570 144.782
1396564221.574499645 144.277
1396564221.590948257 143.774
1396564221.608633668 143.275
1396564221.625741999 142.777
1396564221.642865241 142.283
1396564221.668350988 141.546
1396564221.684246751 140.815
1396564221.700489576 140.331
1396564221.719011022 139.85
1396564221.736636436 139.371
1396564221.753848756 138.895
1396564221.772190329 138.186
1396564221.798897871 137.483
1396564221.813980073 137.017
1396564221.831504905 136.555
1396564221.849997717 136.095
1396564221.867747759 135.41
1396564221.885611688 134.957
1396564221.902738745 134.506
1396564221.926899388 133.835
1396564221.945527258 133.392
1396564221.962630092 132.951
1396564221.980631601 132.294
1396564221.998217967 131.86
1396564222.016483667 131.429
1396564222.041272790 131
1396564222.057489636 130.362
1396564222.074745560 129.94
1396564222.092071982 129.312
1396564222.109605458 128.897
1396564222.128622116 128.485
1396564222.146822039 128.076
1396564222.172256495 127.265
1396564222.189133082 126.864
1396564222.206639290 126.466
1396564222.226641421 126.071
1396564222.244073653 125.483
1396564222.262502499 125.094
1396564222.279521664 124.708
1396564222.304254795 124.135
1396564222.321537657 123.756
1396564222.340579184 123.194
1396564222.356510297 122.822
1396564222.374865370 122.453
1396564222.392780679 122.087
1396564222.409804592 121.724
1396564222.434322532 121.185
1396564222.452365329 120.652
1396564222.471012766 120.3
1396564222.487679541 119.951
1396564222.504627039 119.605
1396564222.522077920 119.262
1396564222.538327244 118.922
1396564222.565764667 118.25
1396564222.584238223 117.918
1396564222.603759323 117.59
1396564222.622486085 117.102
1396564222.639759858 116.78
1396564222.656750924 116.462
1396564222.682630950 116.146
1396564222.700188837 115.523
1396564222.717736118 115.216
1396564222.737704928 114.912
1396564222.754856063 114.61
1396564222.772481703 114.164
1396564222.790233399 113.87
1396564222.814253006 113.434
1396564222.832901126 113.148
1396564222.849868590 112.864
1396564222.866359870 112.583
1396564222.884426650 112.167
1396564222.903889538 111.894
1396564222.918845636 111.623
1396564222.943109764 111.223
1396564222.962694172 110.96
1396564222.980176606 110.571
1396564222.999606312 110.315
1396564223.014822959 110.062
1396564223.033524780 109.812
1396564223.050683989 109.565
1396564223.077490444 109.08
1396564223.096226704 108.842
1396564223.114231315 108.607
1396564223.132299877 108.26
1396564223.149229636 108.033
1396564223.168683116 107.808
1396564223.184699877 107.587
1396564223.208502780 107.26
1396564223.228445463 106.94
1396564223.246002664 106.73
1396564223.264352025 106.523
1396564223.283086770 106.319
1396564223.298850334 106.119
1396564223.324106917 105.726
1396564223.341605855 105.535
1396564223.358982500 105.346
1396564223.379197122 105.16
1396564223.396300120 104.887
1396564223.414053529 104.709
1396564223.430994981 104.534
1396564223.456252781 104.277
1396564223.476570786 104.027
1396564223.492602698 103.864
1396564223.511781628 103.704
1396564223.529112146 103.547
1396564223.546717958 103.393
1396564223.564097610 103.242
1396564223.589750855 102.949
1396564223.606719718 102.807
1396564223.624563339 102.668
1396564223.640643274 102.532
1396564223.657439508 102.4
1396564223.676356270 102.206
1396564223.693855624 102.081
1396564223.718835787 101.899
1396564223.735616937 101.781
1396564223.754356864 101.667
1396564223.772606046 101.501
1396564223.790476007 101.394
1396564223.807228317 101.29
1396564223.824483618 101.189
1396564223.849479946 101.044
1396564223.868472786 100.905
1396564223.885835374 100.816
1396564223.902916867 100.731
1396564223.919100036 100.648
1396564223.938262355 100.569
1396564223.964818695 100.419
1396564223.982602911 100.349
1396564224.000615178 100.282
1396564224.018849318 100.217
1396564224.036691258 100.127
1396564224.054297304 100.071
1396564224.073381761 100.017
1396564224.095246399 99.943
1396564224.114123547 99.897
1396564224.131094688 99.834
1396564224.149671047 99.796
1396564224.168542115 99.761
1396564224.185570498 99.729
1396564224.202722046 99.7
1396564224.228731512 99.651
1396564224.248012173 99.631
1396564224.265422195 99.615
1396564224.282373847 99.601
1396564224.300171480 99.586
1396564224.317101130 99.58
1396564224.334471565 99.578
1396564224.360621690 99.579
1396564224.377613183 99.584
1396564224.394664209 99.592
1396564224.412643392 99.609
1396564224.429228367 99.625
1396564224.448366056 99.643
1396564224.474350118 99.665
1396564224.495291052 99.717
1396564224.517187078 99.765
1396564224.535846949 99.8
1396564224.552742526 99.839
1396564224.572046692 99.902
1396564224.589045441 99.949
1396564224.614956578 100.024
1396564224.632175922 100.077
1396564224.650603503 100.134
1396564224.668523107 100.225
1396564224.686443997 100.29
1396564224.705376473 100.357
1396564224.731073932 100.428
1396564224.748659898 100.579
1396564224.767593989 100.658
1396564224.785370318 100.741
1396564224.803490851 100.827
1396564224.820291156 100.962
1396564224.838368078 101.055
1396564224.865164545 101.202
1396564224.882288559 101.303
1396564224.900238401 101.46
1396564224.917874413 101.569
1396564224.935978299 101.681
1396564224.953733248 101.796
1396564224.971327306 101.974
1396564224.995683809 102.096
1396564225.013499846 102.286
1396564225.030348408 102.416
1396564225.049433189 102.549
1396564225.073204257 102.754
1396564225.092985430 102.967
1396564225.117563604 103.186
1396564225.136347682 103.336
1396564225.153866941 103.489
1396564225.171847009 103.724
1396564225.188662818 103.884
1396564225.205594356 104.047
1396564225.223711927 104.214
1396564225.247173983 104.469
1396564225.265538446 104.643
1396564225.284257381 104.91
1396564225.300985987 105.091
1396564225.318262279 105.276
1396564225.336288299 105.464
1396564225.354769232 105.654
1396564225.378743814 105.946
1396564225.396183930 106.244
1396564225.413879757 106.446
1396564225.431574644 106.652
1396564225.449585573 106.86
1396564225.468971174 107.179
1396564225.486221792 107.395
1396564225.512462320 107.725
1396564225.529958595 107.948
1396564225.547724540 108.289
1396564225.565037672 108.52
1396564225.582713050 108.754
1396564225.601493925 108.991
1396564225.628365195 109.473
1396564225.646680694 109.719
1396564225.665483347 109.968
1396564225.683556690 110.22
1396564225.700578969 110.603
1396564225.718750248 110.862
1396564225.736360372 111.124
1396564225.760236004 111.523
1396564225.777465769 111.792
1396564225.795671587 112.065
1396564225.814115524 112.479
1396564225.833427083 112.758
1396564225.851844416 113.183
1396564225.869845734 113.47
1396564225.894424683 113.906
1396564225.911451744 114.201
1396564225.929505570 114.498
1396564225.947741386 114.798
1396564225.964366004 115.254
1396564225.983157399 115.561
1396564226.000753793 115.872
1396564226.027002074 116.343
1396564226.044848790 116.82
1396564226.063633208 117.142
1396564226.081477114 117.467
1396564226.098909767 117.795
1396564226.116982540 118.292
1396564226.141220241 118.795
1396564226.158713039 119.134
1396564226.176608780 119.476
1396564226.192476374 119.821
1396564226.208605852 120.169
1396564226.226115534 120.52
1396564226.243711007 121.051
1396564226.269073878 121.589
1396564226.286594102 121.951
1396564226.303610576 122.316
1396564226.322532313 122.683
1396564226.340466926 123.24
1396564226.358114565 123.615
1396564226.376602300 123.993
1396564226.408217271 124.756
1396564226.425720233 125.142
1396564226.444529613 125.531
1396564226.460837365 126.12
1396564226.478941853 126.516
1396564226.496730269 126.914
1396564226.521112931 127.316
1396564226.538464377 127.923
1396564226.554844571 128.331
1396564226.572713368 128.949
1396564226.590692014 129.364
1396564226.608226188 129.782
1396564226.627653737 130.415
1396564226.652604908 131.053
1396564226.670511140 131.482
1396564226.687430265 131.914
1396564226.705579696 132.349
1396564226.723718520 133.005
1396564226.740901002 133.447
1396564226.758558850 133.891
1396564226.784114927 134.562
1396564226.802291851 135.013
1396564226.820967979 135.694
1396564226.838513515 136.152
1396564226.855115016 136.612
1396564226.872297931 137.075
1396564226.888528054 137.541
1396564226.912119797 138.245
1396564226.932205760 138.717
1396564226.948462778 139.431
1396564226.966526934 139.91
1396564226.983541628 140.391
1396564227.001714694 140.876
1396564227.020420142 141.607
1396564227.046101820 142.344
1396564227.070716194 142.839
1396564227.088526701 143.587
1396564227.107768902 144.088
1396564227.132976700 145.099
1396564227.166610106 146.12
1396564227.187794123 146.634
1396564227.212092960 147.671
1396564227.229706685 148.193
1396564227.248464447 148.718
1396564227.266578852 149.245
1396564227.292483730 150.308
1396564227.308606305 150.843
1396564227.327734740 151.38
1396564227.344601212 151.92
1396564227.361725054 152.463
1396564227.380581833 153.281
1396564227.398409975 153.83
1396564227.424169527 154.658
1396564227.441599177 155.214
1396564227.460229368 156.051
1396564227.476468337 156.612
1396564227.494900575 157.176
1396564227.511072638 157.743
1396564227.529851686 158.312
1396564227.554681196 159.169
1396564227.572569981 160.033
1396564227.591075812 160.612
1396564227.609589223 161.193
1396564227.628329519 162.069
1396564227.646090339 162.656
1396564227.662950802 163.246
1396564227.688673251 164.135
1396564227.706103813 164.73
1396564227.723662151 165.628
1396564227.741978102 166.23
1396564227.758604510 166.834
1396564227.776408878 167.44
1396564227.801213010 168.049
1396564227.819099691 168.967
1396564227.837099359 169.89
1396564227.856028002 170.508
1396564227.873371829 171.129
1396564227.890701912 171.752
1396564227.908097524 172.69
1396564227.933852373 173.634
