1396564177.941838781 119
1396564177.966816963 120
1396564177.991704951 118
1396564178.016756204 121
1396564178.041608653 118
1396564178.067599959 119
1396564178.091770855 119
1396564178.116678824 119
1396564178.141772282 119
1396564178.166581365 112
1396564178.191578376 121
1396564178.216561788 120
1396564178.240511194 118
1396564178.266508337 120
1396564178.291348632 119
1396564178.316386171 128
1396564178.341406794 120
1396564178.366384169 118
1396564178.391305944 119
1396564178.415190673 118
1396564178.441246732 119
1396564178.466263751 119
1396564178.491145624 128
1396564178.516143762 119
1396564178.540124878 118
1396564178.566078832 118
1396564178.590129597 122
1396564178.616020259 124
1396564178.641018334 119
1396564178.666000685 119
1396564178.691999060 120
1396564178.716003519 123
1396564178.741888814 123
1396564178.765881683 122
1396564178.791876349 122
1396564178.816875764 120
1396564178.840825742 123
1396564178.866833585 122
1396564178.890749779 128
1396564178.916757902 123
1396564178.940731495 119
1396564178.965559976 122
1396564178.991584907 120
1396564179.015640742 123
1396564179.041609119 123
1396564179.065500196 132
1396564179.091528976 131
1396564179.117446761 107
1396564179.141502789 122
1396564179.167386165 122
1396564179.191368582 122
1396564179.217332179 133
1396564179.241328997 128
1396564179.266373007 130
1396564179.292247811 130
1396564179.316251062 128
1396564179.342247362 135
1396564179.366253932 128
1396564179.391196020 131
1396564179.416121234 128
1396564179.441129781 128
1396564179.467122737 129
1396564179.491176106 121
1396564179.516966363 125
1396564179.541045484 122
1396564179.565997742 122
1396564179.590994822 125
1396564179.615890465 121
1396564179.640821560 135
1396564179.665873000 121
1396564179.690819253 122
1396564179.715889510 123
1396564179.740818889 121
1396564179.765825478 133
1396564179.790839269 127
1396564179.815743229 134
1396564179.841746776 130
1396564179.866626990 127
1396564179.891612457 131
1396564179.916566434 127
1396564179.941650035 130
1396564179.966623131 130
1396564179.990505043 132
1396564180.016486302 131
1396564180.041455616 127
1396564180.066513722 133
1396564180.091438302 131
1396564180.115363978 129
1396564180.141307908 129
1396564180.165369012 119
1396564180.191314657 130
1396564180.216251883 131
1396564180.241235613 129
1396564180.267306125 128
1396564180.291350450 125
1396564180.317179554 130
1396564180.341291244 131
1396564180.367107375 130
1396564180.392079530 118
1396564180.416077832 127
1396564180.442171795 128
1396564180.466085032 135
1396564180.491987134 136
1396564180.515997766 134
1396564180.540999772 133
1396564180.566994119 112
1396564180.590937378 131
1396564180.616870066 130
1396564180.640883976 130
1396564180.666747194 129
1396564180.690865941 127
1396564180.715779658 136
1396564180.741750449 134
1396564180.765740160 134
1396564180.791560423 141
1396564180.815624169 132
1396564180.840587019 136
1396564180.865615197 132
1396564180.890612638 135
1396564180.916495802 136
1396564180.940496534 136
1396564180.966491485 142
1396564180.991426420 135
1396564181.016479962 137
1396564181.041423927 139
1396564181.066420506 134
1396564181.092360707 145
1396564181.116302724 134
1396564181.141212933 146
1396564181.166244471 137
1396564181.191220639 135
1396564181.216245772 147
1396564181.241165930 134
1396564181.266079426 137
1396564181.291084715 131
1396564181.316112650 132
1396564181.341106788 142
1396564181.365972960 131
1396564181.390920804 138
1396564181.416979791 130
1396564181.441985060 135
1396564181.466982261 140
1396564181.491880054 121
1396564181.516817131 142
1396564181.541827487 133
1396564181.565860786 139
1396564181.591864973 141
1396564181.616845766 137
1396564181.641860782 142
1396564181.666655968 129
1396564181.690735750 136
1396564181.716732090 146
1396564181.740571110 140
1396564181.766611169 145
1396564181.791558467 137
1396564181.816626210 138
1396564181.841614865 145
1396564181.865425289 133
1396564181.891506213 143
1396564181.915433586 124
1396564181.941481819 144
1396564181.966368974 148
1396564181.990420670 144
1396564182.016413673 146
1396564182.040313639 138
1396564182.066235770 151
1396564182.090277888 144
1396564182.116236226 142
1396564182.142305673 144
1396564182.166287257 140
1396564182.192057517 148
1396564182.216107800 148
1396564182.242255431 152
1396564182.266123380 145
1396564182.291045413 140
1396564182.316935711 146
1396564182.340991687 149
1396564182.366973040 149
1396564182.390980025 145
1396564182.415864234 151
1396564182.440847768 146
1396564182.465908306 154
1396564182.491855319 153
1396564182.515744878 149
1396564182.541875271 152
1396564182.566852660 145
1396564182.591677919 155
1396564182.616731276 152
1396564182.641618332 160
1396564182.667609562 157
1396564182.691601825 140
1396564182.716552377 159
1396564182.741554727 140
1396564182.766495691 156
1396564182.791513156 158
1396564182.816477365 132
1396564182.841477877 165
1396564182.866297357 148
1396564182.891378306 162
1396564182.916367472 162
1396564182.941348545 160
1396564182.966352265 166
1396564182.991184138 140
1396564183.015225067 163
1396564183.041233711 155
1396564183.066292396 160
1396564183.091170214 168
1396564183.116166833 160
1396564183.140070027 163
1396564183.166040165 146
1396564183.190158215 160
1396564183.215919072 167
1396564183.240975419 158
1396564183.265913238 171
1396564183.291965853 174
1396564183.315923812 172
1396564183.341853688 182
1396564183.365802980 171
1396564183.391828262 169
1396564183.416774296 172
1396564183.440847184 172
1396564183.466878538 174
1396564183.490851200 171
1396564183.516670157 179
1396564183.540657287 172
1396564183.565594008 171
1396564183.591601369 173
1396564183.616031310 171
1396564183.641596550 173
1396564183.665545602 172
1396564183.691421299 178
1396564183.716419679 178
1396564183.741472929 176
1396564183.767447470 178
1396564183.791468972 177
1396564183.817282885 178
1396564183.841347781 177
1396564183.866365720 176
1396564183.891241382 176
1396564183.916229086 176
1396564183.942161721 179
1396564183.966218741 177
1396564183.991216613 176
1396564184.016223528 181
1396564184.041095268 181
1396564184.066104081 186
1396564184.091099758 193
1396564184.117127363 185
1396564184.140963394 183
1396564184.165971189 190
1396564184.190970525 184
1396564184.215899825 194
1396564184.240855827 194
1396564184.265858032 191
1396564184.290842082 192
1396564184.315822745 202
1396564184.340831115 197
1396564184.365978651 193
1396564184.390860867 196
1396564184.415712267 198
1396564184.441702201 193
1396564184.466616668 200
1396564184.491532418 204
1396564184.516581042 200
1396564184.541589472 203
1396564184.566619613 197
1396564184.590472712 209
1396564184.616449949 199
1396564184.641491876 204
1396564184.666464240 210
1396564184.691424209 199
1396564184.715451148 216
1396564184.741347472 202
1396564184.765363438 209
1396564184.791370237 212
1396564184.816297635 203
1396564184.841243063 222
1396564184.867212601 197
1396564184.891261812 200
1396564184.917156062 217
1396564184.941179559 202
1396564184.967072391 223
1396564184.992074128 197
1396564185.016092723 217
1396564185.041893652 214
1396564185.065964437 241
1396564185.091950906 230
1396564185.115963174 203
1396564185.140992574 234
1396564185.166773350 234
1396564185.190844120 234
1396564185.216844324 237
1396564185.240852747 239
1396564185.266730382 234
1396564185.290719715 234
1396564185.315679099 233
1396564185.341713597 240
1396564185.365585419 237
1396564185.391582635 242
1396564185.415608928 237
1396564185.440519178 238
1396564185.465526940 238
1396564185.490463694 236
1396564185.516459202 246
1396564185.540447987 242
1396564185.566410847 247
1396564185.591479623 256
1396564185.616341426 246
1396564185.641270561 255
1396564185.666299021 253
1396564185.692229783 254
1396564185.716210648 255
1396564185.741190073 249
1396564185.766192828 247
1396564185.791220527 253
1396564185.816092075 267
1396564185.841030886 264
1396564185.866065654 257
1396564185.891075688 250
1396564185.916099403 265
1396564185.940934797 273
1396564185.966008530 273
1396564185.990965468 274
1396564186.016955668 249
1396564186.041968729 276
1396564186.066832643 274
1396564186.091833126 279
1396564186.116794918 282
1396564186.141822659 277
1396564186.165816148 286
1396564186.191834599 275
1396564186.216702532 303
1396564186.241728852 296
1396564186.266639778 295
1396564186.290581938 297
1396564186.316584469 295
1396564186.340599181 297
1396564186.366548181 296
1396564186.391413983 299
1396564186.416455688 305
1396564186.441457990 293
1396564186.465452059 309
1396564186.491460437 291
1396564186.515279480 305
1396564186.541329437 312
1396564186.566316475 303
1396564186.590275416 316
1396564186.616225482 314
1396564186.640151365 315
1396564186.666125384 319
1396564186.690227527 312
1396564186.716204679 323
1396564186.742048114 307
1396564186.766081854 315
1396564186.792060011 324
1396564186.816072395 306
1396564186.842038095 333
1396564186.865962549 302
1396564186.890896746 332
1396564186.916970877 337
1396564186.940950546 309
1396564186.966809770 350
1396564186.990791876 325
1396564187.015825349 335
1396564187.040823300 342
1396564187.065777411 342
1396564187.091811349 356
1396564187.115698533 353
1396564187.141651484 361
1396564187.166555047 354
1396564187.191522921 352
1396564187.216531937 355
1396564187.241588969 352
1396564187.267571899 361
1396564187.291523430 358
1396564187.316459247 342
1396564187.341361815 359
1396564187.366431061 325
1396564187.391449776 367
1396564187.416472694 372
1396564187.441314546 372
1396564187.466339434 363
1396564187.491323311 333
1396564187.516297762 373
1396564187.541325511 370
1396564187.566174169 374
1396564187.591195865 367
1396564187.616129373 343
1396564187.641091009 322
1396564187.666074277 381
1396564187.691055651 389
1396564187.716071148 342
1396564187.741512964 369
1396564187.765913594 288
1396564187.791071697 390
1396564187.815993477 391
1396564187.840825793 391
1396564187.865780886 390
1396564187.891767406 331
1396564187.915818442 405
1396564187.941695953 380
1396564187.966822300 393
1396564187.991802958 401
1396564188.016642331 379
1396564188.040674979 407
1396564188.066691680 377
1396564188.090581693 398
1396564188.116569553 412
1396564188.141523295 383
1396564188.165569605 418
1396564188.191563014 378
1396564188.215450212 399
1396564188.241469525 399
1396564188.265443890 380
1396564188.291375723 436
1396564188.317467869 374
1396564188.341314078 395
1396564188.367322040 387
1396564188.391315697 371
1396564188.417253362 449
1396564188.441197454 354
1396564188.466192224 426
1396564188.492172507 355
1396564188.516200370 337
1396564188.542088463 446
1396564188.566048237 353
1396564188.591063899 440
1396564188.616060081 353
1396564188.641062689 398
1396564188.666950102 427
1396564188.690858897 330
1396564188.716938794 445
1396564188.740937529 350
1396564188.765827417 398
1396564188.790813959 407
1396564188.815772137 388
1396564188.841764758 437
1396564188.865796487 335
1396564188.890816528 403
1396564188.915693190 409
1396564188.940653482 386
1396564188.965602055 415
1396564188.990524541 379
1396564189.016563239 406
1396564189.041561852 411
1396564189.066562315 381
1396564189.091393652 390
1396564189.116426228 375
1396564189.141416398 418
1396564189.166440660 401
1396564189.191329533 378
1396564189.216309489 385
1396564189.241281828 371
1396564189.266311175 403
1396564189.291312619 397
1396564189.315189839 383
1396564189.341194720 381
1396564189.366157049 370
1396564189.391202315 399
1396564189.416183242 393
1396564189.441047265 397
1396564189.467046428 377
1396564189.491012021 367
1396564189.517068460 383
1396564189.541998825 402
1396564189.566997217 418
1396564189.591936236 381
1396564189.615931034 385
1396564189.641824913 374
1396564189.665791938 405
1396564189.691813140 404
1396564189.716792194 374
1396564189.740807454 396
1396564189.766753010 376
1396564189.790817349 410
1396564189.816670154 389
1396564189.840665922 391
1396564189.866493671 406
1396564189.891499502 369
1396564189.915555877 417
1396564189.941536623 371
1396564189.965364161 392
1396564189.991438266 406
1396564190.015423735 380
1396564190.040515652 430
1396564190.066361316 377
1396564190.090309783 398
1396564190.116248527 382
1396564190.140354416 381
1396564190.166254777 454
1396564190.191202112 378
1396564190.216116760 400
1396564190.242183895 386
1396564190.266132671 383
1396564190.292133570 474
1396564190.316073432 379
1396564190.341072377 411
1396564190.365989130 379
1396564190.391054336 379
1396564190.416937660 459
1396564190.440884023 360
1396564190.465936087 419
1396564190.490929063 368
1396564190.516137664 384
1396564190.540827070 433
1396564190.565740038 360
1396564190.591820576 441
1396564190.616747786 354
1396564190.641808492 354
1396564190.666736172 414
1396564190.691792727 348
1396564190.716716367 434
1396564190.741678886 347
1396564190.766510166 402
1396564190.791547752 414
1396564190.816588120 359
1396564190.841514305 415
1396564190.866552092 328
1396564190.890457627 409
1396564190.916433604 416
1396564190.941426679 388
1396564190.966377938 394
1396564190.992634201 387
1396564191.016300398 420
1396564191.041303015 416
1396564191.065300844 390
1396564191.091328610 385
1396564191.116179536 383
1396564191.141183515 406
1396564191.166177918 414
1396564191.190180940 398
1396564191.216198191 399
1396564191.240000098 380
1396564191.266075682 384
1396564191.291089003 406
1396564191.316029791 403
1396564191.341925303 388
1396564191.365887502 380
1396564191.391899592 384
1396564191.415905021 407
1396564191.441895864 407
1396564191.466803141 379
1396564191.490812958 378
1396564191.516749824 294
1396564191.540838690 401
1396564191.566799845 401
1396564191.590806923 306
1396564191.615672150 388
1396564191.641589697 290
1396564191.665672634 397
1396564191.691549013 373
1396564191.715567565 350
1396564191.741569658 388
1396564191.766536775 295
1396564191.791429443 390
1396564191.817401442 293
1396564191.841421397 293
1396564191.867417501 384
1396564191.891427317 296
1396564191.916244864 381
1396564191.941273451 308
1396564191.966287781 370
1396564191.992297204 373
1396564192.016164497 323
1396564192.041129352 379
1396564192.066173221 298
1396564192.091173233 365
1396564192.116167004 349
1396564192.141047695 355
1396564192.167044468 371
1396564192.191050368 354
1396564192.216041249 356
1396564192.241009208 355
1396564192.265882864 355
1396564192.290898735 358
1396564192.315854269 353
1396564192.339933560 349
1396564192.365754187 345
1396564192.390923988 328
1396564192.415805559 347
1396564192.440727268 310
1396564192.465797870 345
1396564192.491795538 335
1396564192.515793227 319
1396564192.541799679 336
1396564192.566696523 320
1396564192.591615318 343
1396564192.616560614 326
1396564192.640525403 325
1396564192.666535750 327
1396564192.690572231 295
1396564192.716474972 324
1396564192.741438101 309
1396564192.765448839 321
1396564192.791444724 319
1396564192.815422498 293
1396564192.841368389 316
1396564192.866466593 288
1396564192.891291021 313
1396564192.917293164 308
1396564192.941280053 306
1396564192.967149741 298
1396564192.991122135 299
1396564193.017276017 302
1396564193.041130371 302
1396564193.066128348 302
1396564193.092032939 299
1396564193.115995503 300
1396564193.142026215 296
1396564193.166047057 305
1396564193.190923950 297
1396564193.215931308 295
1396564193.240914329 294
1396564193.266847222 276
1396564193.290918757 289
1396564193.316791753 287
1396564193.340769045 257
1396564193.365787445 248
1396564193.390738749 269
1396564193.415786569 279
1396564193.441776324 277
1396564193.465739886 272
1396564193.490610069 263
1396564193.515632496 280
1396564193.540591182 275
1396564193.565544559 279
1396564193.590467550 255
1396564193.616541106 270
1396564193.641552062 248
1396564193.666493492 265
1396564193.691353424 247
1396564193.716359709 252
1396564193.741361405 264
1396564193.766364734 230
1396564193.791373336 257
1396564193.816269838 240
1396564193.841257525 253
1396564193.866294370 256
1396564193.891262644 245
1396564193.915286252 263
1396564193.941090275 240
1396564193.966160661 238
1396564193.991107191 239
1396564194.016159176 238
1396564194.041083170 248
1396564194.066999052 237
1396564194.091050335 237
1396564194.117030046 234
1396564194.141979139 233
1396564194.166915545 242
1396564194.191855423 233
1396564194.215858492 235
1396564194.241910442 234
1396564194.265915884 239
1396564194.291850368 234
1396564194.316780362 233
1396564194.340729613 235
1396564194.366782775 234
1396564194.390783449 224
1396564194.416787211 226
1396564194.440797866 218
1396564194.466779478 227
1396564194.490589137 222
1396564194.515682434 219
1396564194.541547903 221
1396564194.565530125 216
1396564194.591540432 216
1396564194.615496255 214
1396564194.640532092 216
1396564194.665384900 223
1396564194.690404340 212
1396564194.716434096 207
1396564194.740411158 208
1396564194.766356774 212
1396564194.791261795 208
1396564194.816275727 205
1396564194.841283928 201
1396564194.866298443 201
1396564194.892171008 209
1396564194.916174373 203
1396564194.941163386 201
1396564194.966132231 199
1396564194.991157830 202
1396564195.016044579 198
1396564195.040979168 199
1396564195.066031093 204
1396564195.090930420 187
1396564195.116033454 193
1396564195.140871919 191
1396564195.165837655 193
1396564195.190920554 195
1396564195.216901438 180
1396564195.241760381 193
1396564195.266770865 179
1396564195.291782352 192
1396564195.316708289 193
1396564195.341764140 181
1396564195.365782614 186
1396564195.391793066 181
1396564195.416656217 187
1396564195.441604667 185
1396564195.466533894 167
1396564195.490546911 186
1396564195.516518696 179
1396564195.540520258 185
1396564195.566676331 180
1396564195.591340693 182
1396564195.616402332 183
1396564195.641397773 176
1396564195.665400273 183
1396564195.691294116 174
1396564195.715229892 177
1396564195.741273372 174
1396564195.766252185 171
1396564195.790292466 179
1396564195.816167105 177
1396564195.840095030 172
1396564195.866181570 172
1396564195.890025401 171
1396564195.915966324 176
1396564195.942025943 171
1396564195.966026178 171
1396564195.991970718 172
1396564196.016101047 172
1396564196.041913384 172
1396564196.065967055 171
1396564196.090919243 171
1396564196.116726035 172
1396564196.140914447 172
1396564196.166777486 180
1396564196.190772028 172
1396564196.215769464 171
1396564196.240777806 172
1396564196.265737266 171
1396564196.291775850 172
1396564196.315650062 171
1396564196.341665907 172
1396564196.366537910 163
1396564196.391454162 159
1396564196.416521600 162
1396564196.441513714 154
1396564196.467434728 164
1396564196.491410072 158
1396564196.516395335 158
1396564196.541411974 156
1396564196.566396697 171
1396564196.591292850 158
1396564196.616246481 157
1396564196.641270807 158
1396564196.666217778 157
1396564196.691348192 157
1396564196.716143380 153
1396564196.741142418 158
1396564196.766140590 158
1396564196.791095538 151
1396564196.816168305 152
1396564196.841017795 133
1396564196.866032589 152
1396564196.891016113 152
1396564196.916115732 156
1396564196.939872970 152
1396564196.965874848 175
1396564196.990872890 153
1396564197.015821399 148
1396564197.040897754 153
1396564197.065697718 153
1396564197.091760618 147
1396564197.115713051 153
1396564197.141780325 210
1396564197.166786145 147
1396564197.191563008 148
1396564197.216590023 143
1396564197.240588402 149
1396564197.266589779 141
1396564197.290462776 148
1396564197.316460519 152
1396564197.341421500 143
1396564197.365911588 152
1396564197.391358188 141
1396564197.415342068 145
1396564197.441338028 139
1396564197.465335700 143
1396564197.491252282 150
1396564197.517211531 140
1396564197.541310750 144
1396564197.567211428 139
1396564197.591206771 137
1396564197.617091330 145
1396564197.641110728 134
1396564197.666642618 150
1396564197.692110388 136
1396564197.716154176 137
1396564197.741932755 142
1396564197.765939330 134
1396564197.790977975 146
1396564197.816024684 134
1396564197.840864131 142
1396564197.866819380 136
1396564197.890836600 131
1396564197.916838457 143
1396564197.940975847 134
1396564197.965726760 139
1396564197.990709252 140
1396564198.015756590 137
1396564198.041715918 137
1396564198.065723433 130
1396564198.090589141 136
1396564198.115640702 140
1396564198.140589707 139
1396564198.165583640 138
1396564198.190468246 141
1396564198.216430405 137
1396564198.241438358 136
1396564198.266432217 134
1396564198.291355933 133
1396564198.316333929 134
1396564198.341357590 135
1396564198.366346672 137
1396564198.391311706 134
1396564198.416205244 137
1396564198.441216405 130
1396564198.466205638 134
1396564198.491208739 136
1396564198.515203431 136
1396564198.541049829 133
1396564198.566152397 128
1396564198.591081322 161
1396564198.616082179 135
1396564198.641086195 135
1396564198.666924567 128
1396564198.690961010 128
1396564198.716959481 124
1396564198.741958906 132
1396564198.766830636 131
1396564198.791830697 129
1396564198.815822578 133
1396564198.841913053 131
1396564198.865726918 132
1396564198.891687231 129
1396564198.916708084 129
1396564198.940663265 133
1396564198.966586743 127
1396564198.990583225 132
1396564199.016710727 126
1396564199.040584924 133
1396564199.066578734 136
1396564199.091559307 126
1396564199.115501670 134
1396564199.141515706 127
1396564199.165517866 136
1396564199.191522934 130
1396564199.215316930 126
1396564199.240335419 138
1396564199.266387466 126
1396564199.290338760 132
1396564199.316379087 126
1396564199.340270989 132
1396564199.366200245 135
1396564199.391256502 125
1396564199.416246676 131
1396564199.442147660 126
1396564199.466128993 122
1396564199.492059333 131
1396564199.516125190 125
1396564199.541121859 126
1396564199.566007015 120
1396564199.591006557 129
1396564199.617036091 127
1396564199.641005745 122
1396564199.665880096 128
1396564199.690874390 125
1396564199.715872177 129
1396564199.740862998 124
1396564199.765815216 122
1396564199.791749085 125
1396564199.816754293 122
1396564199.841776936 129
1396564199.866747989 125
1396564199.891703588 121
1396564199.916724460 124
1396564199.941682656 121
1396564199.966631797 122
1396564199.991513760 125
1396564200.016478793 121
1396564200.041448084 122
1396564200.066518763 120
1396564200.090471905 138
1396564200.116380877 124
1396564200.141371327 121
1396564200.166334594 121
1396564200.191371877 118
1396564200.216370358 124
1396564200.241261257 123
1396564200.265262092 127
1396564200.291199165 121
1396564200.315217620 120
1396564200.341200897 122
1396564200.366099718 124
1396564200.390069576 123
1396564200.416108986 124
1396564200.440102871 126
1396564200.465994994 120
1396564200.489957174 124
1396564200.516013860 124
1396564200.541996726 117
1396564200.565806044 118
1396564200.591898896 121
1396564200.615869944 124
1396564200.641894938 123
1396564200.666758833 124
1396564200.690700130 122
1396564200.716649143 120
1396564200.740705254 125
1396564200.766623646 121
1396564200.790691199 122
1396564200.815758819 124
1396564200.841573337 123
1396564200.865669955 126
1396564200.891565323 118
1396564200.915488731 122
1396564200.941438093 123
1396564200.966495872 121
1396564200.991428629 129
1396564201.017465367 121
1396564201.041313331 119
1396564201.067368432 120
1396564201.091323586 119
1396564201.116317923 127
1396564201.141227362 118
1396564201.166237957 119
1396564201.192175070 119
1396564201.216242306 112
1396564201.241056109 123
1396564201.266117289 112
1396564201.291113937 115
1396564201.316120870 113
1396564201.341119865 112
1396564201.366991278 122
1396564201.391040797 112
1396564201.416015832 115
1396564201.440995983 112
1396564201.465877320 112
1396564201.490898951 120
1396564201.515794643 112
1396564201.539859275 127
1396564201.565759533 112
1396564201.590718909 112
1396564201.615742929 116
1396564201.640692891 112
1396564201.665740595 117
1396564201.691736420 113
1396564201.716608297 113
1396564201.741615033 114
1396564201.766594032 114
1396564201.791395587 115
1396564201.816494564 113
1396564201.840485712 114
1396564201.866497524 115
1396564201.891493682 112
1396564201.916315915 113
1396564201.941332973 111
1396564201.965367215 115
1396564201.991361178 113
1396564202.015340444 112
1396564202.041182580 112
1396564202.066181501 112
1396564202.091233817 114
1396564202.117236838 114
1396564202.141111166 112
1396564202.167115205 111
1396564202.191077897 112
1396564202.217073336 113
1396564202.241989408 114
1396564202.266000331 114
1396564202.291980840 113
1396564202.315970449 113
1396564202.341932817 116
1396564202.365875659 115
1396564202.390853540 114
1396564202.416856034 113
1396564202.440855857 113
1396564202.466670069 112
1396564202.490737034 116
1396564202.516727549 121
1396564202.540710674 112
1396564202.565753563 113
1396564202.590687447 112
1396564202.615741786 115
1396564202.641674382 114
1396564202.665562812 112
1396564202.690464619 116
1396564202.715489372 112
1396564202.740480905 117
1396564202.766483956 112
1396564202.790464522 112
1396564202.816546640 117
1396564202.841355447 114
1396564202.866307744 118
1396564202.891354504 112
1396564202.916238457 119
1396564202.942233866 115
1396564202.966231804 112
1396564202.991189526 119
1396564203.016103927 113
1396564203.041105157 114
1396564203.066102699 107
1396564203.091108828 113
1396564203.116122058 114
1396564203.140928579 108
1396564203.165986754 108
1396564203.190979499 113
1396564203.215978751 113
1396564203.240852605 114
1396564203.266810034 113
1396564203.291833104 114
1396564203.316876443 114
1396564203.341841186 113
1396564203.366714836 110
1396564203.391664455 108
1396564203.415706608 115
1396564203.441750417 113
1396564203.466623670 113
1396564203.491725757 113
1396564203.516596587 113
1396564203.540609630 115
1396564203.566495365 113
1396564203.590474852 113
1396564203.616477171 120
1396564203.641478830 113
1396564203.666441221 113
1396564203.691333458 113
1396564203.715296429 113
1396564203.741349091 113
1396564203.765296996 113
1396564203.791357592 119
1396564203.816150464 113
1396564203.840234534 113
1396564203.866225804 114
1396564203.890227315 112
1396564203.916212429 113
1396564203.940035867 113
1396564203.966106032 114
1396564203.992093949 113
1396564204.016105714 118
1396564204.042094720 113
1396564204.065913406 113
1396564204.091950282 113
1396564204.115934773 113
1396564204.140970213 114
1396564204.165926721 112
1396564204.190878615 114
1396564204.216794267 113
1396564204.240844715 113
1396564204.265795116 115
1396564204.290863035 113
1396564204.315657034 114
1396564204.340673417 113
1396564204.365690761 121
1396564204.391715987 114
1396564204.416656423 116
1396564204.441722178 115
1396564204.466566777 112
1396564204.491539576 114
1396564204.517480201 113
1396564204.541468119 113
1396564204.566418476 120
1396564204.591468699 115
1396564204.616380886 116
1396564204.641343912 111
1396564204.666528521 113
1396564204.690387899 117
1396564204.716325018 113
1396564204.741174940 117
1396564204.766182672 117
1396564204.791212011 108
1396564204.816181208 112
1396564204.841227778 108
1396564204.866105603 114
1396564204.891018454 108
1396564204.915985554 108
1396564204.940968331 108
1396564204.965985682 108
1396564204.989978862 110
1396564205.015920395 108
1396564205.039861972 107
1396564205.065851092 109
1396564205.090858201 108
1396564205.115845373 119
1396564205.141842472 108
1396564205.165850626 113
1396564205.191699767 114
1396564205.216723502 113
1396564205.241704136 116
1396564205.266715765 112
1396564205.290643420 115
1396564205.316632411 113
1396564205.340609072 112
1396564205.366570238 108
1396564205.390606951 107
1396564205.415413101 110
1396564205.441472957 108
1396564205.465442912 114
1396564205.491446309 109
1396564205.515352319 107
1396564205.541315094 108
1396564205.567292106 108
1396564205.591355158 107
1396564205.617337351 113
1396564205.641222030 113
1396564205.667213426 114
1396564205.691149229 113
1396564205.716206869 115
1396564205.741074015 107
1396564205.766070453 107
1396564205.792096895 107
1396564205.816092724 109
1396564205.841089879 108
1396564205.865973216 119
1396564205.890939305 113
1396564205.916962016 112
1396564205.940949270 114
1396564205.966763254 113
1396564205.990833697 114
1396564206.015813567 114
1396564206.040832210 107
1396564206.065735422 109
1396564206.090645606 111
1396564206.115711577 114
1396564206.140706762 114
1396564206.165742082 113
1396564206.190711104 115
1396564206.215644201 113
1396564206.240587127 113
1396564206.265608360 120
1396564206.291581017 112
1396564206.316460199 116
1396564206.341465013 113
1396564206.366392549 113
1396564206.391480675 114
1396564206.416435874 112
1396564206.440352895 119
1396564206.466339299 113
1396564206.491291656 114
1396564206.516313496 113
1396564206.541187928 113
1396564206.565196114 118
1396564206.591172345 113
1396564206.615209053 118
1396564206.641031783 107
1396564206.666097054 113
1396564206.691139416 113
1396564206.717145640 107
1396564206.741161575 113
1396564206.766897752 107
1396564206.790975444 114
1396564206.817131011 112
1396564206.841963818 108
1396564206.865839887 114
1396564206.891849403 108
1396564206.915799640 108
1396564206.941852408 108
1396564206.965712473 114
1396564206.990706676 111
1396564207.016712413 107
1396564207.040631871 107
1396564207.066688873 108
1396564207.090706438 107
1396564207.116577355 108
1396564207.141583737 113
1396564207.165454223 114
1396564207.191383760 114
1396564207.215452974 113
1396564207.241431699 113
1396564207.265469803 113
1396564207.290254669 109
1396564207.315276253 114
1396564207.340324749 113
1396564207.366280780 114
1396564207.390290098 112
1396564207.416216770 114
1396564207.441206588 114
1396564207.466258809 113
1396564207.492197914 113
1396564207.516087883 112
1396564207.542111281 120
1396564207.566093072 108
1396564207.591010523 107
1396564207.616082608 107
1396564207.640899316 107
1396564207.666953604 107
1396564207.690914389 108
1396564207.715877907 116
1396564207.740927566 113
1396564207.765825361 113
1396564207.790756666 108
1396564207.815914812 115
1396564207.840819606 114
1396564207.866650046 114
1396564207.891693054 113
1396564207.916696328 112
1396564207.941651405 115
1396564207.966620692 113
1396564207.991650061 107
1396564208.015701513 109
1396564208.041499740 112
1396564208.066691210 116
1396564208.091426768 112
1396564208.116430306 119
1396564208.140458299 113
1396564208.166346509 112
1396564208.190352005 120
1396564208.216325951 112
1396564208.241328046 114
1396564208.266281186 112
1396564208.291325821 118
1396564208.315197727 119
1396564208.341205388 112
1396564208.366073641 114
1396564208.391156982 112
1396564208.416071791 114
1396564208.440067494 115
1396564208.466081204 113
1396564208.489959823 108
1396564208.515942477 107
1396564208.539958287 108
1396564208.565931865 114
1396564208.591923423 108
1396564208.615834486 108
1396564208.641853216 113
1396564208.665757135 108
1396564208.691974282 112
1396564208.715802440 107
1396564208.740699484 110
1396564208.766675708 108
1396564208.790694059 107
1396564208.816643835 114
1396564208.840692036 112
1396564208.865677825 115
1396564208.891513230 112
1396564208.915586205 113
1396564208.941493305 114
1396564208.965426937 113
1396564208.991442621 115
1396564209.016443820 112
1396564209.041441626 119
1396564209.067315915 115
1396564209.091264760 112
1396564209.117337266 108
1396564209.141315525 107
1396564209.166278955 115
1396564209.191189467 114
1396564209.216147760 118
1396564209.242179607 113
1396564209.266207353 112
1396564209.291069431 114
1396564209.316042086 115
1396564209.341089018 113
1396564209.366014699 113
1396564209.391081262 117
1396564209.416942776 113
1396564209.440925782 115
1396564209.465945622 114
1396564209.490765881 113
1396564209.515831962 113
1396564209.540818208 113
1396564209.565818376 115
1396564209.590816478 114
1396564209.615707828 117
1396564209.640693844 113
1396564209.665669966 112
1396564209.690689660 115
1396564209.715627935 114
1396564209.741678316 112
1396564209.766517428 114
1396564209.791577360 117
1396564209.816454126 117
1396564209.841437305 112
1396564209.866441030 112
1396564209.890382757 114
1396564209.916436996 112
1396564209.941334080 119
1396564209.966326027 116
1396564209.991313049 112
1396564210.015314062 112
1396564210.041259364 113
1396564210.065184340 118
1396564210.091187317 113
1396564210.116184635 114
1396564210.141183364 114
1396564210.167122115 112
1396564210.191028856 127
1396564210.217057886 113
1396564210.241068951 113
1396564210.267045024 114
1396564210.291979526 112
1396564210.315910943 119
1396564210.341993747 113
1396564210.366018944 113
1396564210.391884224 113
1396564210.415828093 113
1396564210.440778336 119
1396564210.466807090 112
1396564210.490806943 121
1396564210.516680896 113
1396564210.540682545 112
1396564210.566636173 117
1396564210.590699660 113
1396564210.615663400 115
1396564210.640682237 113
1396564210.665705256 113
1396564210.691561479 114
1396564210.715505014 115
1396564210.740430263 116
1396564210.765381946 113
1396564210.790439381 113
1396564210.816419890 114
1396564210.840381241 113
1396564210.866276493 114
1396564210.891291954 113
1396564210.916309365 114
1396564210.941305227 113
1396564210.966158932 112
1396564210.992113198 112
1396564211.016177732 113
1396564211.041164102 115
1396564211.065987460 122
1396564211.091052742 113
1396564211.115993558 112
1396564211.141055081 113
1396564211.166007867 113
1396564211.190925265 114
1396564211.215856923 113
1396564211.240885412 112
1396564211.265932244 113
1396564211.290814939 119
1396564211.316751680 114
1396564211.341807477 113
1396564211.366733489 112
1396564211.391735314 113
1396564211.416689117 113
1396564211.441706789 114
1396564211.465672081 121
1396564211.491671168 113
1396564211.515609046 113
1396564211.541682128 112
1396564211.566539627 114
1396564211.590558243 114
1396564211.616528372 111
1396564211.640442037 115
1396564211.666376637 112
1396564211.691463475 114
1396564211.716397863 112
1396564211.741303259 112
1396564211.765312574 117
1396564211.791239848 118
1396564211.815294157 118
1396564211.841184657 112
1396564211.866183556 123
1396564211.890208359 121
1396564211.916099832 117
1396564211.940061269 122
1396564211.966053913 112
1396564211.990091472 113
1396564212.016065036 115
1396564212.042072975 116
1396564212.065874630 122
1396564212.091925219 111
1396564212.115921088 114
1396564212.141924440 114
1396564212.165822727 113
1396564212.190823956 119
1396564212.216732484 114
1396564212.240796928 113
1396564212.266779770 112
1396564212.290678444 112
1396564212.315668357 120
1396564212.340590519 112
1396564212.365675998 113
1396564212.391700405 113
1396564212.415671339 112
1396564212.441541382 116
1396564212.466471264 111
1396564212.491442797 120
1396564212.516382126 113
1396564212.541424553 112
1396564212.567416954 120
1396564212.591348709 111
1396564212.616230933 120
1396564212.641293430 119
1396564212.666270179 118
1396564212.691297869 119
1396564212.716158759 118
1396564212.741108984 127
1396564212.766173973 113
1396564212.791169648 112
1396564212.816112325 120
1396564212.841043755 117
1396564212.866034645 119
1396564212.891045531 119
1396564212.916047006 122
1396564212.940926234 119
1396564212.965939741 122
1396564212.990937864 118
1396564213.015868568 119
1396564213.039778115 120
1396564213.065797803 119
1396564213.090792257 119
1396564213.115792926 118
1396564213.140744094 122
1396564213.165671744 122
1396564213.191668224 118
1396564213.215667330 119
1396564213.241687881 118
1396564213.266621658 120
1396564213.291677838 118
1396564213.316665840 123
1396564213.340610939 124
1396564213.366537552 122
1396564213.390407877 123
1396564213.416422905 120
1396564213.441413552 123
1396564213.465399287 123
1396564213.491424197 122
1396564213.515293926 125
1396564213.541219787 122
1396564213.565284112 130
1396564213.591314959 128
1396564213.617274262 128
1396564213.641153270 129
1396564213.667181709 121
1396564213.691170172 124
1396564213.717163535 126
1396564213.741149980 122
1396564213.766040468 129
1396564213.792024686 121
1396564213.815988950 124
1396564213.842036078 120
1396564213.865916920 121
1396564213.890917427 122
1396564213.915914089 117
1396564213.940858091 123
1396564213.966790865 117
1396564213.990801898 121
1396564214.016791066 125
1396564214.040731305 120
1396564214.065768472 136
1396564214.090609432 121
1396564214.115669424 121
1396564214.141697804 122
1396564214.165679885 120
1396564214.190662978 133
1396564214.215665422 127
1396564214.240662650 135
1396564214.265548412 130
1396564214.290359752 127
1396564214.316422757 130
1396564214.341364889 126
1396564214.366394306 130
1396564214.391389592 130
1396564214.416400613 130
1396564214.441263622 130
1396564214.466292890 126
1396564214.491219168 131
1396564214.516282235 129
1396564214.541277652 128
1396564214.566174603 129
1396564214.591107157 131
1396564214.615737375 130
1396564214.641157219 129
1396564214.665038453 129
1396564214.690966616 128
1396564214.716037615 128
1396564214.741033617 128
1396564214.766858562 131
1396564214.790915115 131
1396564214.816886765 131
1396564214.841856320 129
1396564214.866797646 126
1396564214.891739658 131
1396564214.915781932 131
1396564214.941785839 130
1396564214.965802237 129
1396564214.991591593 133
1396564215.016654584 132
1396564215.040692715 129
1396564215.066530777 130
1396564215.090658036 130
1396564215.116603935 134
1396564215.140530317 136
1396564215.166477536 134
1396564215.191532066 135
1396564215.215346344 142
1396564215.241395340 133
1396564215.265425170 137
1396564215.291949236 132
1396564215.316032408 135
1396564215.340281293 135
1396564215.366277935 133
1396564215.390260003 139
1396564215.416275947 133
1396564215.440088640 135
1396564215.466158705 134
1396564215.491153580 131
1396564215.516151440 141
1396564215.542019685 125
1396564215.566023237 141
1396564215.591961480 132
1396564215.616012838 129
1396564215.640921266 142
1396564215.665913414 128
1396564215.690902254 136
1396564215.716852037 128
1396564215.740897666 127
1396564215.765932773 139
1396564215.790781472 127
1396564215.815777588 134
1396564215.840802040 126
1396564215.865603270 134
1396564215.891651976 138
1396564215.916649551 114
1396564215.941732096 138
1396564215.966648993 125
1396564215.991636376 134
1396564216.016519156 136
1396564216.041523884 132
1396564216.066379642 142
1396564216.091418881 127
1396564216.116386330 138
1396564216.141346727 140
1396564216.166369690 136
1396564216.190296429 139
1396564216.216277260 135
1396564216.241291496 139
1396564216.266227771 140
1396564216.291167038 137
1396564216.316151218 140
1396564216.341146062 142
1396564216.365154751 140
1396564216.390976345 140
1396564216.416023583 137
1396564216.441027314 143
1396564216.466022485 140
1396564216.490026521 150
1396564216.515919908 145
1396564216.539835077 143
1396564216.565923648 144
1396564216.590895471 140
1396564216.615753942 144
1396564216.641761755 145
1396564216.665744334 152
1396564216.691701198 146
1396564216.715628328 143
1396564216.741613008 144
1396564216.766652577 149
1396564216.790643470 149
1396564216.816591566 145
1396564216.840641505 153
1396564216.866519694 141
1396564216.890544499 150
1396564216.915412700 148
1396564216.941352895 146
1396564216.965395964 148
1396564216.991448567 143
1396564217.015459347 150
1396564217.041339222 146
1396564217.066285671 154
1396564217.091353941 154
1396564217.117350237 146
1396564217.141270452 156
1396564217.167122470 146
1396564217.191135152 157
1396564217.216094182 157
1396564217.241142506 150
1396564217.266129263 161
1396564217.292014633 167
1396564217.316022277 154
1396564217.341020667 156
1396564217.365929078 148
1396564217.390906711 162
1396564217.415888431 140
1396564217.440877886 157
1396564217.466854656 136
1396564217.490826237 151
1396564217.515753826 160
1396564217.540764121 145
1396564217.565772121 153
1396564217.590763790 144
1396564217.615719578 149
1396564217.640643410 161
1396564217.665649386 150
1396564217.690624152 157
1396564217.715704949 150
1396564217.740626787 160
1396564217.765571222 165
1396564217.791499014 155
1396564217.816493724 171
1396564217.841668651 171
1396564217.866396475 172
1396564217.891391686 172
1396564217.916423916 171
1396564217.940390634 181
1396564217.966277538 172
1396564217.991321677 171
1396564218.016267922 173
1396564218.041170567 171
1396564218.065234826 172
1396564218.091120986 171
1396564218.115125090 172
1396564218.141138704 173
1396564218.166094367 177
1396564218.190978063 171
1396564218.217018389 172
1396564218.241012484 180
1396564218.266990658 178
1396564218.290904027 177
1396564218.316822577 172
1396564218.341898774 172
1396564218.366091850 172
1396564218.391806301 172
1396564218.416149587 172
1396564218.441765261 177
1396564218.465763477 177
1396564218.490643592 177
1396564218.516571887 180
1396564218.540618939 178
1396564218.566584342 179
1396564218.590678454 176
1396564218.616634616 174
1396564218.640636558 185
1396564218.665650392 183
1396564218.691570814 183
1396564218.715480423 182
1396564218.741390113 182
1396564218.765514208 190
1396564218.790451253 185
1396564218.815343013 192
1396564218.840332886 192
1396564218.866255794 191
1396564218.890224386 193
1396564218.916277441 198
1396564218.941202637 191
1396564218.966134077 196
1396564218.991080283 184
1396564219.016130559 200
1396564219.042132296 178
1396564219.066133234 187
1396564219.091011697 199
1396564219.115940915 200
1396564219.140950340 213
1396564219.166022884 191
1396564219.190876188 200
1396564219.215879744 201
1396564219.240932369 188
1396564219.265917190 212
1396564219.290766377 181
1396564219.315772984 196
1396564219.340759611 201
1396564219.366771801 186
1396564219.391704054 216
1396564219.416594232 191
1396564219.441613597 208
1396564219.466624428 205
1396564219.491627571 252
1396564219.515584964 222
1396564219.541618542 216
1396564219.566506179 221
1396564219.591488250 216
1396564219.616481379 215
1396564219.640376521 222
1396564219.666327153 269
1396564219.690401373 227
1396564219.716376563 221
1396564219.741268189 222
1396564219.766284707 234
1396564219.791205637 233
1396564219.816962913 234
1396564219.841271873 234
1396564219.865156018 234
1396564219.891134994 234
1396564219.916127017 234
1396564219.940027620 234
1396564219.966129663 235
1396564219.989991894 240
1396564220.015993667 247
1396564220.040001522 239
1396564220.066062190 237
1396564220.091863376 239
1396564220.115879628 246
1396564220.141897749 245
1396564220.165895397 243
1396564220.191856049 243
1396564220.215935632 245
1396564220.240765640 254
1396564220.266753793 249
1396564220.290710560 246
1396564220.316653895 253
1396564220.340571808 254
1396564220.365649183 255
1396564220.390565286 261
1396564220.415622902 267
1396564220.440606336 256
1396564220.465431731 263
1396564220.491500213 248
1396564220.516495539 263
1396564220.541354245 265
1396564220.566378376 252
1396564220.591333683 274
1396564220.617308194 242
1396564220.641332031 279
1396564220.666224939 278
1396564220.691189306 252
1396564220.716206156 279
1396564220.741185017 267
1396564220.766078900 284
1396564220.791062147 272
1396564220.816096090 285
1396564220.841082074 287
1396564220.866091633 295
1396564220.890972804 297
1396564220.915997367 295
1396564220.940982704 296
1396564220.965987832 298
1396564220.991015476 295
1396564221.015821143 300
1396564221.040872747 299
1396564221.065858269 300
1396564221.089834015 302
1396564221.115694976 297
1396564221.140707011 310
1396564221.165755085 296
1396564221.190747976 300
1396564221.215623795 307
1396564221.241617635 300
1396564221.265562109 315
1396564221.291556031 297
1396564221.316639614 309
1396564221.341616577 315
1396564221.366618985 306
1396564221.390430390 323
1396564221.416428058 289
1396564221.440378185 320
1396564221.466376475 322
1396564221.491341417 293
1396564221.515352375 332
1396564221.541306567 311
1396564221.565242075 338
1396564221.591175738 336
1396564221.615259025 321
1396564221.641176473 340
1396564221.667240661 340
1396564221.691273090 351
1396564221.717130749 355
1396564221.741062611 360
1396564221.767096283 354
1396564221.791050124 352
1396564221.815943942 355
1396564221.842010705 355
1396564221.865996127 354
1396564221.891937982 359
1396564221.915988079 357
1396564221.940808203 357
1396564221.965826020 359
1396564221.990861965 361
1396564222.015862714 357
1396564222.040843662 357
1396564222.066758092 346
1396564222.090657030 367
1396564222.115758974 368
1396564222.140762956 372
1396564222.165643513 371
1396564222.190594085 309
1396564222.215548954 378
1396564222.240610870 368
1396564222.265596940 382
1396564222.290618165 382
1396564222.315487369 362
1396564222.340500526 387
1396564222.365420885 278
1396564222.391342453 386
1396564222.416368439 391
1396564222.441360055 352
1396564222.466236741 401
1396564222.491189311 353
1396564222.516234565 395
1396564222.540235496 405
1396564222.566137347 383
1396564222.591235967 415
1396564222.616107927 380
1396564222.641062904 403
1396564222.665108945 388
1396564222.691110463 383
1396564222.715010047 426
1396564222.740983130 380
1396564222.765943595 405
1396564222.790995833 380
1396564222.816935177 384
1396564222.840873882 428
1396564222.866840199 375
1396564222.890814560 418
1396564222.917171440 358
1396564222.941776556 344
1396564222.965750537 428
1396564222.991712217 342
1396564223.015714822 430
1396564223.041684308 351
1396564223.066605976 389
1396564223.090607484 407
1396564223.116608430 318
1396564223.140593023 442
1396564223.166546445 333
1396564223.190604846 392
1396564223.216482563 401
1396564223.240482506 369
1396564223.265507640 430
1396564223.291307025 321
1396564223.315356777 398
1396564223.341339917 400
1396564223.365358577 369
1396564223.390350535 406
1396564223.415230740 356
1396564223.440238179 413
1396564223.466274049 400
1396564223.490232143 383
1396564223.516097457 339
1396564223.541091476 354
1396564223.566056240 413
1396564223.592091207 404
1396564223.615984120 384
1396564223.641996523 390
1396564223.665984003 370
1396564223.690980450 395
1396564223.715969432 405
1396564223.740869876 392
1396564223.766875212 389
1396564223.790841686 377
1396564223.815853842 388
1396564223.840676799 404
1396564223.865739097 422
1396564223.890724299 392
1396564223.915728561 374
1396564223.940720358 381
1396564223.966554694 409
1396564223.991604325 414
1396564224.016604091 384
1396564224.041599100 392
1396564224.066623504 376
1396564224.091607509 412
1396564224.115586680 397
1396564224.141502908 375
1396564224.166496551 404
1396564224.191474777 376
1396564224.216351673 416
1396564224.240301462 375
1396564224.266335045 395
1396564224.290354083 413
1396564224.316335750 373
1396564224.341236802 423
1396564224.366208282 373
1396564224.391240953 401
1396564224.415210072 399
1396564224.441103558 385
1396564224.465112919 441
1396564224.491104946 382
1396564224.516016614 403
1396564224.540184239 373
1396564224.565979322 384
1396564224.589980932 466
1396564224.615964232 384
1396564224.640020199 415
1396564224.665921892 385
1396564224.691848933 384
1396564224.715849588 465
1396564224.741823265 380
1396564224.765851528 420
1396564224.791802984 380
1396564224.815698410 386
1396564224.840721303 440
1396564224.866718963 381
1396564224.890727775 418
1396564224.916559231 376
1396564224.940551909 379
1396564224.965573689 411
1396564224.990596949 337
1396564225.015547331 449
1396564225.040604059 368
1396564225.065533013 374
1396564225.091491111 398
1396564225.116417961 369
1396564225.141479287 428
1396564225.166282108 326
1396564225.191356998 392
1396564225.217293881 403
1396564225.241343425 365
1396564225.266172674 407
1396564225.291216134 304
1396564225.316167764 404
1396564225.341150336 406
1396564225.366237517 372
1396564225.391077686 381
1396564225.416103059 352
1396564225.441100189 416
1396564225.466051112 407
1396564225.490960731 385
1396564225.515978328 360
1396564225.541183119 359
1396564225.565998923 400
1396564225.590952291 407
1396564225.615779008 395
1396564225.640845261 387
1396564225.665811852 368
1396564225.689817499 319
1396564225.715716154 409
1396564225.740675121 412
1396564225.765697307 387
1396564225.790700181 384
1396564225.815598878 379
1396564225.841608664 412
1396564225.865524602 403
1396564225.891515497 384
1396564225.916597086 383
1396564225.941487739 378
1396564225.966589506 412
1396564225.990484898 399
1396564226.016397762 385
1396564226.040341701 403
1396564226.066336407 380
1396564226.091341135 413
1396564226.115325122 378
1396564226.141172242 383
1396564226.165357984 411
1396564226.191198411 375
1396564226.215214793 408
1396564226.241214471 310
1396564226.267109984 342
1396564226.291039364 400
1396564226.317058653 289
1396564226.341090400 402
1396564226.367089156 299
1396564226.390962243 386
1396564226.415925816 373
1396564226.441913292 354
1396564226.465966459 395
1396564226.491967857 272
1396564226.515849223 380
1396564226.540829199 308
1396564226.565780574 367
1396564226.590830062 384
1396564226.616865175 364
1396564226.640711862 369
1396564226.666713946 280
1396564226.690663300 362
1396564226.715712267 373
1396564226.740586099 359
1396564226.765584921 363
1396564226.791589044 356
1396564226.815478558 357
1396564226.840534376 362
1396564226.865476981 356
1396564226.890459944 357
1396564226.915458973 353
1396564226.940355551 353
1396564226.966246260 355
1396564226.991336772 353
1396564227.016340307 363
1396564227.041351785 353
1396564227.066248663 318
1396564227.091161634 345
1396564227.116178168 338
1396564227.141207075 340
1396564227.166212930 329
1396564227.191103911 319
1396564227.216083921 335
1396564227.241032737 331
1396564227.265081787 309
1396564227.290955785 325
1396564227.315964255 327
1396564227.340958473 327
1396564227.365911610 318
1396564227.390936547 303
1396564227.416830788 321
1396564227.440813445 318
1396564227.466834076 316
1396564227.491828894 314
1396564227.516667585 301
1396564227.541722951 299
1396564227.565693324 305
1396564227.591717873 315
1396564227.615686370 308
1396564227.641537501 293
1396564227.666583914 298
1396564227.690547456 295
1396564227.716579902 303
1396564227.740557505 301
1396564227.766569899 300
1396564227.790439314 300
1396564227.816452513 299
1396564227.841454383 297
1396564227.865336661 296
1396564227.891328237 296
1396564227.915279068 296
