1396564177.947877388 96
1396564177.973835910 101
1396564178.000083653 98
1396564178.024808673 101
1396564178.047701037 96
1396564178.073577396 96
1396564178.097756208 96
1396564178.122684411 96
1396564178.149685015 103
1396564178.173567346 101
1396564178.198439118 99
1396564178.222566689 97
1396564178.247556002 96
1396564178.272488186 96
1396564178.297426172 97
1396564178.323345032 104
1396564178.348380021 103
1396564178.374378205 102
1396564178.398304199 102
1396564178.423255041 102
1396564178.448251790 103
1396564178.473185464 102
1396564178.499166892 103
1396564178.523112302 103
1396564178.548132691 102
1396564178.573144749 101
1396564178.598040905 103
1396564178.623011696 104
1396564178.648004391 102
1396564178.673000949 102
1396564178.698895699 102
1396564178.723963788 103
1396564178.748827525 103
1396564178.773860011 102
1396564178.798876751 102
1396564178.823871470 102
1396564178.847875144 103
1396564178.873823127 103
1396564178.898749116 103
1396564178.923751844 104
1396564178.948750628 102
1396564178.972573681 104
1396564178.998599027 102
1396564179.022625982 103
1396564179.048622713 105
1396564179.073483784 101
1396564179.098499175 106
1396564179.124479334 101
1396564179.148439750 102
1396564179.174322842 104
1396564179.198387187 102
1396564179.224370444 109
1396564179.249334934 101
1396564179.273309040 105
1396564179.299182577 101
1396564179.323234153 102
1396564179.349238997 111
1396564179.373179455 101
1396564179.398138103 107
1396564179.424060372 101
1396564179.448114512 107
1396564179.474132196 111
1396564179.498181643 104
1396564179.523968822 111
1396564179.547934211 102
1396564179.572995193 102
1396564179.598994289 107
1396564179.622832316 101
1396564179.648884061 112
1396564179.672801991 104
1396564179.697873069 111
1396564179.723294467 112
1396564179.747878231 111
1396564179.773776954 117
1396564179.797769812 110
1396564179.823695782 111
1396564179.848742842 112
1396564179.873585812 110
1396564179.898560712 114
1396564179.923820790 110
1396564179.949569746 112
1396564179.973617329 112
1396564179.998501434 111
1396564180.023490675 112
1396564180.048472666 110
1396564180.073502470 112
1396564180.098493527 112
1396564180.123325952 111
1396564180.148362792 111
1396564180.173364848 111
1396564180.198327003 114
1396564180.223161390 112
1396564180.248244033 117
1396564180.274209402 118
1396564180.299241597 117
1396564180.324278828 119
1396564180.349090537 119
1396564180.374117827 118
1396564180.399115938 118
1396564180.423082926 116
1396564180.449114416 118
1396564180.474007120 119
1396564180.498924546 120
1396564180.523973185 117
1396564180.547993209 119
1396564180.573982518 117
1396564180.597874974 121
1396564180.623762129 119
1396564180.648799264 118
1396564180.673806953 119
1396564180.698803496 116
1396564180.722811057 121
1396564180.748655946 119
1396564180.772675332 120
1396564180.798575761 120
1396564180.823617691 115
1396564180.847578460 121
1396564180.873596434 116
1396564180.897616653 120
1396564180.923496560 121
1396564180.947490442 119
1396564180.973468505 123
1396564181.001720687 115
1396564181.023434608 119
1396564181.049417249 119
1396564181.073360261 118
1396564181.099360584 127
1396564181.123365023 118
1396564181.148164926 125
1396564181.174241663 118
1396564181.198238792 115
1396564181.224209771 134
1396564181.248192889 102
1396564181.273047272 120
1396564181.297118757 97
1396564181.323110542 116
1396564181.349108581 131
1396564181.372991158 119
1396564181.398992865 125
1396564181.423916254 118
1396564181.448951265 122
1396564181.473969097 130
1396564181.498872925 119
1396564181.524854677 130
1396564181.548805290 122
1396564181.573830679 125
1396564181.598882908 130
1396564181.623857962 129
1396564181.648860489 137
1396564181.673714309 128
1396564181.697657390 126
1396564181.723625416 129
1396564181.748633597 122
1396564181.773604340 135
1396564181.798616344 125
1396564181.823555964 133
1396564181.848601634 134
1396564181.873468397 128
1396564181.898481117 134
1396564181.923544934 125
1396564181.948304815 134
1396564181.973354330 134
1396564181.997443881 132
1396564182.023409341 131
1396564182.048353450 131
1396564182.073231200 135
1396564182.098182887 134
1396564182.123284153 133
1396564182.149208739 130
1396564182.173112712 135
1396564182.199113482 137
1396564182.224038620 138
1396564182.249157028 137
1396564182.274158249 133
1396564182.298044551 135
1396564182.323988200 134
1396564182.347933627 139
1396564182.373905194 143
1396564182.398864784 141
1396564182.422859136 140
1396564182.448859416 138
1396564182.472812848 144
1396564182.498802666 143
1396564182.522855906 141
1396564182.548793313 141
1396564182.573869347 140
1396564182.598703580 144
1396564182.624735440 143
1396564182.648572515 141
1396564182.674602012 147
1396564182.698575098 143
1396564182.723600125 148
1396564182.749755496 141
1396564182.773425186 145
1396564182.799478443 148
1396564182.823485518 142
1396564182.848421769 155
1396564182.873350869 143
1396564182.898299807 143
1396564182.923368632 152
1396564182.948283496 160
1396564182.974486806 161
1396564182.998143437 157
1396564183.023189621 150
1396564183.048141062 150
1396564183.073241340 139
1396564183.098098733 156
1396564183.123158671 139
1396564183.148254009 152
1396564183.173068707 135
1396564183.198104979 161
1396564183.222970676 165
1396564183.247935741 161
1396564183.272980183 161
1396564183.298971466 160
1396564183.323780794 160
1396564183.348829309 167
1396564183.373812609 161
1396564183.398814920 167
1396564183.423830896 166
1396564183.447781642 166
1396564183.473848146 168
1396564183.498667169 166
1396564183.523704520 170
1396564183.549151811 166
1396564183.572506752 166
1396564183.599971881 168
1396564183.622593080 167
1396564183.648576176 168
1396564183.673599050 165
1396564183.698454077 167
1396564183.724419808 167
1396564183.748487735 165
1396564183.774489478 173
1396564183.798371129 172
1396564183.824358571 173
1396564183.849294126 173
1396564183.873342894 174
1396564183.899312925 175
1396564183.923213925 174
1396564183.949234950 177
1396564183.973153325 177
1396564183.999793449 181
1396564184.024080695 181
1396564184.048092434 181
1396564184.074116769 182
1396564184.098110430 183
1396564184.124044310 183
1396564184.147966429 180
1396564184.172890107 182
1396564184.198963071 181
1396564184.222956316 189
1396564184.248778045 189
1396564184.272820771 185
1396564184.297846787 187
1396564184.322841666 182
1396564184.347841366 193
1396564184.373727187 192
1396564184.397640651 188
1396564184.423714741 197
1396564184.448715269 186
1396564184.473596917 198
1396564184.498572251 196
1396564184.523589497 195
1396564184.549503618 202
1396564184.573598159 181
1396564184.598719657 207
1396564184.623475619 182
1396564184.648465900 174
1396564184.673411038 209
1396564184.698493409 209
1396564184.723336795 207
1396564184.748322620 229
1396564184.773458668 201
1396564184.798303067 211
1396564184.823193164 189
1396564184.848212189 217
1396564184.874260387 185
1396564184.899231111 211
1396564184.924215562 224
1396564184.949045028 222
1396564184.974097029 226
1396564184.999029290 222
1396564185.023026721 223
1396564185.048919883 223
1396564185.073877515 223
1396564185.098918026 234
1396564185.123939640 226
1396564185.147856359 229
1396564185.173826520 228
1396564185.197774728 226
1396564185.223768105 235
1396564185.248835331 226
1396564185.273838316 235
1396564185.298709485 234
1396564185.322716465 234
1396564185.348673222 239
1396564185.372597970 231
1396564185.398583971 247
1396564185.423584529 243
1396564185.447542723 236
1396564185.473523913 245
1396564185.497435697 222
1396564185.523437915 247
1396564185.547478482 242
1396564185.573460265 249
1396564185.599342406 249
1396564185.623291189 231
1396564185.649331735 258
1396564185.673216964 258
1396564185.699217283 262
1396564185.723227629 261
1396564185.748140320 258
1396564185.774196560 230
1396564185.798097771 261
1396564185.824067982 269
1396564185.848088025 264
1396564185.873017942 264
1396564185.898070534 233
1396564185.923062766 270
1396564185.948966106 276
1396564185.972953703 277
1396564185.998957506 285
1396564186.023874369 285
1396564186.048849687 286
1396564186.073835010 285
1396564186.098836264 285
1396564186.124810380 285
1396564186.148786994 285
1396564186.173828355 286
1396564186.198831072 285
1396564186.223663760 291
1396564186.248703552 291
1396564186.273720849 288
1396564186.298529040 298
1396564186.323577189 292
1396564186.348562020 304
1396564186.373510951 305
1396564186.398442979 260
1396564186.423530485 312
1396564186.448448916 291
1396564186.473454740 308
1396564186.498454636 283
1396564186.523277164 298
1396564186.548357990 318
1396564186.573287401 292
1396564186.597330127 317
1396564186.623215982 291
1396564186.648183785 275
1396564186.673380442 323
1396564186.698232117 280
1396564186.723168072 327
1396564186.749054218 301
1396564186.773060472 321
1396564186.799072833 334
1396564186.824080682 311
1396564186.849097622 342
1396564186.873892875 318
1396564186.897882019 342
1396564186.923999652 343
1396564186.947930145 342
1396564186.973742359 350
1396564187.003341515 342
1396564187.022777097 348
1396564187.048819412 348
1396564187.072833331 344
1396564187.098828981 356
1396564187.122975959 343
1396564187.148699792 357
1396564187.174656876 356
1396564187.198575501 350
1396564187.224566378 356
1396564187.248525199 334
1396564187.274567111 364
1396564187.298575011 363
1396564187.323461836 346
1396564187.349453987 358
1396564187.373407588 327
1396564187.399381114 369
1396564187.423339209 367
1396564187.448321253 363
1396564187.473319911 367
1396564187.498336295 315
1396564187.524272025 383
1396564187.548211340 383
1396564187.574197332 375
1396564187.598210125 378
1396564187.623196806 325
1396564187.648148618 340
1396564187.673077975 387
1396564187.699065453 396
1396564187.723071040 382
1396564187.748052641 383
1396564187.772857551 380
1396564187.797909400 398
1396564187.822944112 398
1396564187.847856480 392
1396564187.873768123 400
1396564187.898818911 378
1396564187.923728590 406
1396564187.948820128 389
1396564187.973852081 386
1396564187.998816415 406
1396564188.023674033 374
1396564188.048633421 412
1396564188.073685112 368
1396564188.098574043 404
1396564188.123575887 408
1396564188.148566436 382
1396564188.172651081 422
1396564188.198504506 339
1396564188.223404869 405
1396564188.248442596 392
1396564188.273441453 385
1396564188.298439641 437
1396564188.324254845 381
1396564188.348333244 401
1396564188.374332948 367
1396564188.399316646 320
1396564188.424313720 452
1396564188.449158568 303
1396564188.473169379 398
1396564188.499189433 300
1396564188.523185254 347
1396564188.549015571 451
1396564188.574066382 333
1396564188.598014717 424
1396564188.624067157 334
1396564188.648066751 382
1396564188.673927226 431
1396564188.697888170 375
1396564188.723893761 422
1396564188.748937364 373
1396564188.772812203 384
1396564188.798823278 400
1396564188.822851887 377
1396564188.848815833 443
1396564188.872761933 376
1396564188.897746532 386
1396564188.923685847 403
1396564188.947688938 374
1396564188.973556426 421
1396564188.997479199 373
1396564189.023555578 403
1396564189.048542805 405
1396564189.073586817 381
1396564189.099438815 402
1396564189.123440372 362
1396564189.149385088 412
1396564189.173439113 405
1396564189.198326513 386
1396564189.223327853 383
1396564189.248312571 379
1396564189.274238986 411
1396564189.298204643 406
1396564189.323184452 395
1396564189.348209344 381
1396564189.373150884 381
1396564189.398109011 393
1396564189.423172255 406
1396564189.449080193 399
1396564189.474067318 389
1396564189.499062692 381
1396564189.524116165 376
1396564189.548944000 410
1396564189.573979352 410
1396564189.598934307 389
1396564189.623930452 383
1396564189.648810991 381
1396564189.673721029 412
1396564189.698827094 412
1396564189.723808117 388
1396564189.747753099 390
1396564189.773800028 382
1396564189.798634167 416
1396564189.823675422 394
1396564189.848613914 387
1396564189.873556071 412
1396564189.898503576 378
1396564189.922515101 423
1396564189.948525093 377
1396564189.973400572 389
1396564189.998473787 411
1396564190.023388083 379
1396564190.047489762 436
1396564190.073243821 376
1396564190.097300604 403
1396564190.123321160 394
1396564190.148317779 374
1396564190.173309305 459
1396564190.199120064 375
1396564190.223184140 407
1396564190.249111901 382
1396564190.273161410 390
1396564190.299006940 478
1396564190.324128059 375
1396564190.348049767 418
1396564190.374075353 377
1396564190.398075015 379
1396564190.423866513 464
1396564190.447897606 372
1396564190.472863432 409
1396564190.498924968 359
1396564190.522931410 380
1396564190.548759260 437
1396564190.572817301 374
1396564190.598894340 415
1396564190.623812981 366
1396564190.648819968 380
1396564190.674802795 418
1396564190.698809324 373
1396564190.724686207 426
1396564190.748627779 373
1396564190.773563492 388
1396564190.798565389 407
1396564190.823551474 376
1396564190.849536849 420
1396564190.873490892 333
1396564190.898447785 391
1396564190.923440518 408
1396564190.948375342 349
1396564190.973441307 398
1396564190.998309456 343
1396564191.024250298 414
1396564191.048269922 410
1396564191.073299927 341
1396564191.098300219 374
1396564191.123195142 326
1396564191.148118650 413
1396564191.173172964 409
1396564191.197196963 395
1396564191.223175137 383
1396564191.248051086 339
1396564191.272999319 398
1396564191.298050623 409
1396564191.323055790 401
1396564191.348930150 376
1396564191.373939739 382
1396564191.398927072 379
1396564191.423855207 410
1396564191.448905214 410
1396564191.473815501 375
1396564191.497810589 388
1396564191.523780230 370
1396564191.548748763 408
1396564191.573801036 397
1396564191.598687945 386
1396564191.622688624 392
1396564191.648679332 380
1396564191.672620527 404
1396564191.698541227 378
1396564191.723546671 390
1396564191.748544091 387
1396564191.774445291 326
1396564191.798425149 392
1396564191.824371391 313
1396564191.848425117 354
1396564191.874431510 382
1396564191.899422556 323
1396564191.923332606 382
1396564191.949228729 333
1396564191.973259479 363
1396564191.999187283 368
1396564192.023189121 322
1396564192.048172485 375
1396564192.074230675 317
1396564192.098158973 362
1396564192.124027802 354
1396564192.148007440 341
1396564192.174030547 371
1396564192.198046246 336
1396564192.222975924 355
1396564192.249051156 340
1396564192.272926693 345
1396564192.298884170 361
1396564192.322915265 327
1396564192.347867122 355
1396564192.372903237 308
1396564192.397753715 346
1396564192.422761222 349
1396564192.447795811 345
1396564192.473800806 349
1396564192.498743897 346
1396564192.523791560 343
1396564192.548666876 344
1396564192.573677922 318
1396564192.598670984 335
1396564192.623483592 307
1396564192.648531525 314
1396564192.673556459 327
1396564192.698577442 295
1396564192.723544022 322
1396564192.748367485 284
1396564192.772418855 313
1396564192.798401463 314
1396564192.823414168 277
1396564192.848381966 310
1396564192.873303244 264
1396564192.898248553 311
1396564192.924306192 310
1396564192.948305213 289
1396564192.974165555 284
1396564192.999261999 299
1396564193.024100306 300
1396564193.049125211 299
1396564193.073131842 293
1396564193.099054203 291
1396564193.122971647 288
1396564193.149060561 291
1396564193.173994054 291
1396564193.197903205 290
1396564193.223893493 288
1396564193.247914163 289
1396564193.273899739 289
1396564193.297873231 285
1396564193.323772242 286
1396564193.348785629 284
1396564193.372767639 284
1396564193.398786283 284
1396564193.422774310 277
1396564193.448747873 272
1396564193.472772929 241
1396564193.497670272 270
1396564193.523593142 233
1396564193.547678454 270
1396564193.573467598 261
1396564193.597518204 231
1396564193.623451553 264
1396564193.648475947 225
1396564193.673453871 261
1396564193.699360621 222
1396564193.723350621 255
1396564193.749364604 257
1396564193.773359294 234
1396564193.798332975 255
1396564193.823874579 209
1396564193.848272266 244
1396564193.874281847 245
1396564193.898352171 242
1396564193.923153658 247
1396564193.948154253 235
1396564193.973081580 238
1396564193.998161653 237
1396564194.023185709 233
1396564194.049143532 244
1396564194.074525669 232
1396564194.098992513 228
1396564194.124022787 229
1396564194.149037387 227
1396564194.173999930 236
1396564194.198908147 227
1396564194.223890482 232
1396564194.248859070 233
1396564194.273907673 225
1396564194.298778568 232
1396564194.323812843 214
1396564194.347807153 228
1396564194.373774326 227
1396564194.397770166 222
1396564194.423800839 224
1396564194.448781411 222
1396564194.473669270 224
1396564194.498657173 222
1396564194.522609117 223
1396564194.548510830 222
1396564194.572540977 184
1396564194.598529470 211
1396564194.623546072 207
1396564194.647540383 209
1396564194.673340137 209
1396564194.697410844 167
1396564194.723410556 204
1396564194.747344164 201
1396564194.773249758 206
1396564194.799294564 204
1396564194.823264215 195
1396564194.849279091 185
1396564194.873275869 195
1396564194.899276414 198
1396564194.923156429 194
1396564194.948116243 190
1396564194.974136816 177
1396564194.998128322 190
1396564195.024024163 191
1396564195.048026942 192
1396564195.072968329 192
1396564195.098031045 167
1396564195.122909848 191
1396564195.148872356 184
1396564195.172925911 188
1396564195.198911983 184
1396564195.223835617 179
1396564195.248777015 183
1396564195.273780300 179
1396564195.298774722 182
1396564195.324779741 183
1396564195.348722641 180
1396564195.373769295 177
1396564195.398656475 174
1396564195.423646297 176
1396564195.448649224 175
1396564195.473577037 174
1396564195.498545373 176
1396564195.523528948 171
1396564195.548543891 174
1396564195.573417866 171
1396564195.598380845 165
1396564195.623330933 174
1396564195.648381324 164
1396564195.673380353 170
1396564195.698419719 166
1396564195.723288852 166
1396564195.748228513 170
1396564195.773262510 166
1396564195.797270382 169
1396564195.823132178 160
1396564195.848146207 161
1396564195.873151183 162
1396564195.898096322 165
1396564195.922994260 175
1396564195.949030810 161
1396564195.973020747 166
1396564196.005077034 167
1396564196.023970672 165
1396564196.048924495 167
1396564196.073913928 164
1396564196.097908385 161
1396564196.123787647 165
1396564196.147772149 160
1396564196.173718352 162
1396564196.198775927 161
1396564196.222770282 161
1396564196.248750141 160
1396564196.272761412 160
1396564196.298605638 160
1396564196.322646087 161
1396564196.348537885 161
1396564196.374523952 160
1396564196.398523946 148
1396564196.424505557 147
1396564196.448516496 142
1396564196.474403439 152
1396564196.498404354 151
1396564196.523392459 151
1396564196.549419695 151
1396564196.573342794 145
1396564196.599251352 145
1396564196.623228529 146
1396564196.648248425 147
1396564196.673266186 145
1396564196.698157164 139
1396564196.724144770 137
1396564196.748091038 142
1396564196.774126404 144
1396564196.798090788 141
1396564196.823023583 139
1396564196.848018308 138
1396564196.873019693 143
1396564196.899014459 143
1396564196.922912593 141
1396564196.947888075 138
1396564196.972826603 134
1396564196.997912275 137
1396564197.022892838 135
1396564197.047733580 137
1396564197.073766624 139
1396564197.098716172 131
1396564197.123759614 138
1396564197.148713439 131
1396564197.173768411 136
1396564197.198681630 138
1396564197.223543529 131
1396564197.248589791 136
1396564197.273465263 128
1396564197.298847475 134
1396564197.323466419 133
1396564197.348465244 130
1396564197.372296602 134
1396564197.398341612 122
1396564197.423342494 130
1396564197.448337394 122
1396564197.473411509 128
1396564197.498222519 136
1396564197.524236531 125
1396564197.548284845 126
1396564197.574287761 120
1396564197.599278276 124
1396564197.624093971 132
1396564197.649082529 123
1396564197.673169264 132
1396564197.699171458 121
1396564197.723100196 123
1396564197.748935783 132
1396564197.773914897 104
1396564197.797959204 131
1396564197.823974287 116
1396564197.847835888 126
1396564197.873845048 128
1396564197.897812727 123
1396564197.923835039 131
1396564197.948690626 122
1396564197.972705648 123
1396564197.998757600 124
1396564198.022689564 121
1396564198.048665554 126
1396564198.072687879 120
1396564198.097710413 124
1396564198.123580647 124
1396564198.147589476 122
1396564198.173554682 124
1396564198.197455589 121
1396564198.223433169 122
1396564198.248465032 120
1396564198.273461514 116
1396564198.299288570 118
1396564198.323341861 115
1396564198.349331069 122
1396564198.373331408 120
1396564198.398336472 119
1396564198.423211035 118
1396564198.448166483 113
1396564198.474210675 120
1396564198.498205896 120
1396564198.523089779 120
1396564198.548087796 118
1396564198.573038321 118
1396564198.598094038 116
1396564198.623081640 120
1396564198.649059880 121
1396564198.673972628 117
1396564198.698962537 118
1396564198.723911154 116
1396564198.748958171 119
1396564198.773831735 119
1396564198.798829305 118
1396564198.823860297 118
1396564198.848801207 115
1396564198.873724965 120
1396564198.898701721 118
1396564198.923708367 118
1396564198.947705555 120
1396564198.973732625 117
1396564199.001031511 115
1396564199.023702877 110
1396564199.048644475 111
1396564199.073650734 113
1396564199.098582682 111
1396564199.122452105 117
1396564199.148506252 111
1396564199.172503099 112
1396564199.198490619 113
1396564199.223313133 111
1396564199.247342849 120
1396564199.273311022 111
1396564199.297379159 116
1396564199.323267615 108
1396564199.348264324 111
1396564199.373270960 116
1396564199.399196895 111
1396564199.423365957 114
1396564199.449146924 108
1396564199.473108617 108
1396564199.499125198 116
1396564199.524079905 106
1396564199.548139271 110
1396564199.574333600 107
1396564199.597972807 107
1396564199.624001275 113
1396564199.648001414 107
1396564199.672799485 113
1396564199.697897797 107
1396564199.722871794 108
1396564199.748891230 109
1396564199.772728235 106
1396564199.798692855 112
1396564199.823759934 107
1396564199.848731546 108
1396564199.874630093 110
1396564199.898743017 108
1396564199.924631007 111
1396564199.948580458 105
1396564199.973658748 109
1396564199.998512790 110
1396564200.023512551 108
1396564200.049506896 108
1396564200.073451775 108
1396564200.098494295 106
1396564200.123318354 104
1396564200.148378239 102
1396564200.173318031 101
1396564200.198322637 102
1396564200.223336509 104
1396564200.248245520 104
1396564200.273191715 102
1396564200.298254215 102
1396564200.323227516 102
1396564200.348128858 102
1396564200.373119269 105
1396564200.397117986 104
1396564200.423081967 102
1396564200.448123106 102
1396564200.472926203 102
1396564200.497999168 104
1396564200.523000117 105
1396564200.548886237 102
1396564200.573830456 102
1396564200.598816681 102
1396564200.622835209 99
1396564200.648853825 104
1396564200.673675476 102
1396564200.697746199 103
1396564200.723850440 102
1396564200.747676426 105
1396564200.773753699 103
1396564200.798742523 102
1396564200.822739742 105
1396564200.848753432 102
1396564200.872564439 106
1396564200.898620599 102
1396564200.922510849 102
1396564200.947492840 98
1396564200.973512848 96
1396564200.998497931 103
1396564201.023317790 97
1396564201.047363256 97
1396564201.073364256 97
1396564201.099381461 102
1396564201.123264854 106
1396564201.149195684 101
1396564201.173263428 101
1396564201.198243195 97
1396564201.222225266 96
1396564201.248113919 100
1396564201.272051604 96
1396564201.297122783 97
1396564201.323132889 97
1396564201.346983520 97
1396564201.373987632 104
1396564201.396987828 96
1396564201.421944291 97
1396564201.447021297 97
1396564201.471881230 96
1396564201.498865282 101
1396564201.521869641 97
1396564201.546814815 99
1396564201.571761804 97
1396564201.596742125 96
1396564201.621735578 96
1396564201.646583360 96
1396564201.672718358 98
1396564201.697689511 96
1396564201.722613382 96
1396564201.747612197 97
1396564201.772618267 96
1396564201.797485920 98
1396564201.822434280 97
1396564201.847485019 96
1396564201.872487792 96
1396564201.897454569 96
1396564201.922355719 97
1396564201.947300928 96
1396564201.971362303 97
1396564201.997366051 96
1396564202.022263676 96
1396564202.047233435 96
1396564202.072233180 96
1396564202.097166302 96
1396564202.123105103 95
1396564202.147114724 97
1396564202.173108138 96
1396564202.198107525 97
1396564202.223113418 96
1396564202.248012990 96
1396564202.271992021 96
1396564202.297982867 96
1396564202.321970498 96
1396564202.347882860 96
1396564202.372791635 91
1396564202.396859289 96
1396564202.422840554 96
1396564202.446855112 96
1396564202.472710302 96
1396564202.496668356 96
1396564202.522730591 91
1396564202.547736792 91
1396564202.571668876 91
1396564202.598713272 313
1396564202.621649340 91
1396564202.647554624 85
1396564202.671547658 85
1396564202.696476547 87
1396564202.722498385 83
1396564202.746483295 92
1396564202.773392988 318
1396564202.796286551 87
1396564202.822342878 92
1396564202.849358631 320
1396564202.873372348 103
1396564202.899183070 101
1396564202.923213336 322
1396564202.948207635 92
1396564202.973188002 317
1396564202.997206589 93
1396564203.024108571 316
1396564203.047071905 80
1396564203.073086752 85
1396564203.098073606 302
1396564203.122094392 91
1396564203.148010954 308
1396564203.171929539 84
1396564203.196865173 85
1396564203.222871084 235
1396564203.247832075 90
1396564203.273854230 304
1396564203.297807564 86
1396564203.322729811 85
1396564203.348727033 303
1396564203.373682679 88
1396564203.398687477 308
1396564203.422680214 91
1396564203.447711132 91
1396564203.472724613 97
1396564203.497682234 96
1396564203.523589220 317
1396564203.547184517 92
1396564203.572392971 90
1396564203.597500477 91
1396564203.622475548 90
1396564203.647433510 97
1396564203.672471154 91
1396564203.697301689 90
1396564203.721334635 90
1396564203.747330464 91
1396564203.772347720 84
1396564203.797338896 81
1396564203.822206055 81
1396564203.846227112 87
1396564203.872222455 85
1396564203.896222885 81
1396564203.923117889 281
1396564203.947102146 81
1396564203.972034144 91
1396564203.998115141 90
1396564204.022099344 90
1396564204.049032922 318
1396564204.071952716 85
1396564204.097912256 81
1396564204.122971548 81
1396564204.146971401 81
1396564204.172876238 80
1396564204.196824385 82
1396564204.222837478 80
1396564204.246780731 76
1396564204.271858381 82
1396564204.297848072 80
1396564204.321722040 91
1396564204.347721107 90
1396564204.371652257 91
1396564204.397725145 91
1396564204.422716981 90
1396564204.447740956 87
1396564204.474593850 262
1396564204.497595023 85
1396564204.523402151 90
1396564204.548484762 322
1396564204.572469663 89
1396564204.598468621 306
1396564204.622470353 80
1396564204.649287919 256
1396564204.673367268 308
1396564204.697343701 80
1396564204.723386310 303
1396564204.747217557 78
1396564204.773204631 302
1396564204.798016109 74
1396564204.823217779 80
1396564204.848078719 300
1396564204.872090328 80
1396564204.898074522 293
1396564204.922042775 75
1396564204.946951532 82
1396564204.972973290 308
1396564204.996950192 94
1396564205.022971524 319
1396564205.046808561 85
1396564205.071858377 85
1396564205.097844890 232
1396564205.121845325 93
1396564205.148885787 315
1396564205.172719131 85
1396564205.197655462 85
1396564205.222727447 80
1396564205.247718774 83
1396564205.273758158 265
1396564205.296724201 82
1396564205.322653164 81
1396564205.347572091 75
1396564205.372606105 76
1396564205.397482079 74
1396564205.421460506 77
1396564205.447412944 76
1396564205.471630027 75
1396564205.497469989 76
1396564205.523319079 260
1396564205.547336927 91
1396564205.573319427 91
1396564205.597272276 81
1396564205.623225477 81
1396564205.648216856 250
1396564205.673216509 77
1396564205.698222554 77
1396564205.722171310 76
1396564205.748240181 75
1396564205.773088930 238
1396564205.798068415 84
1396564205.822074006 86
1396564205.847038874 86
1396564205.872953508 85
1396564205.896943455 85
1396564205.923970309 237
1396564205.946948864 82
1396564205.972834503 76
1396564205.996805361 75
1396564206.021838332 76
1396564206.047834559 75
1396564206.071817287 86
1396564206.097742511 84
1396564206.121670696 85
1396564206.146708154 77
1396564206.171705986 77
1396564206.196697900 82
1396564206.223724450 306
1396564206.246595258 80
1396564206.272542733 77
1396564206.298590360 300
1396564206.322477634 83
1396564206.348462820 299
1396564206.372486471 79
1396564206.398393086 72
1396564206.423339248 262
1396564206.447333830 80
1396564206.473334906 304
1396564206.497330058 85
1396564206.523333694 303
1396564206.548251283 258
1396564206.572204908 90
1396564206.598223144 299
1396564206.622141094 82
1396564206.648083574 309
1396564206.672020048 75
1396564206.697151018 77
1396564206.724063522 260
1396564206.748026382 77
1396564206.774013706 284
1396564206.797937168 75
1396564206.822912671 80
1396564206.849020593 245
1396564206.871792149 79
1396564206.898835538 274
1396564206.922833909 75
1396564206.947763908 76
1396564206.973725647 267
1396564206.996721299 79
1396564207.022615231 74
1396564207.046685034 80
1396564207.072671163 81
1396564207.098536757 305
1396564207.122515087 86
1396564207.148579512 305
1396564207.171454657 81
1396564207.197455198 81
1396564207.222415556 280
1396564207.247454079 86
1396564207.273258836 314
1396564207.296335552 87
1396564207.322898474 86
1396564207.346280699 84
1396564207.372330276 85
1396564207.397182432 310
1396564207.422192286 77
1396564207.448202026 77
1396564207.472204450 76
1396564207.498162891 76
1396564207.522227946 75
1396564207.548095491 76
1396564207.572078098 77
1396564207.597078651 82
1396564207.622968276 80
1396564207.646938722 84
1396564207.673954796 305
1396564207.696950281 82
1396564207.721938437 77
1396564207.747050124 76
1396564207.771836290 76
1396564207.797812179 74
1396564207.821851162 77
1396564207.847759955 76
1396564207.872681409 75
1396564207.897665806 76
1396564207.922684030 80
1396564207.947688758 92
1396564207.973683290 86
1396564207.997704888 86
1396564208.022512737 90
1396564208.048539132 311
1396564208.072458457 91
1396564208.099452260 308
1396564208.123431451 318
1396564208.147450393 86
1396564208.173396528 312
1396564208.197339634 83
1396564208.223304594 307
1396564208.247346167 75
1396564208.272306510 76
1396564208.298159603 283
1396564208.322204004 81
1396564208.348194796 297
1396564208.372202668 76
1396564208.397072389 75
1396564208.423075666 231
1396564208.446056367 78
1396564208.473079516 252
1396564208.497101630 77
1396564208.522965376 283
1396564208.546929510 72
1396564208.571889120 81
1396564208.598943518 298
1396564208.621811353 91
1396564208.648832001 315
1396564208.672788597 84
1396564208.697759051 93
1396564208.723842825 318
1396564208.746711440 92
1396564208.773695946 318
1396564208.796702848 90
1396564208.822677320 91
1396564208.847628623 79
1396564208.871696597 83
1396564208.898548017 310
1396564208.921580005 81
1396564208.947458775 82
1396564208.971375051 80
1396564208.997442775 82
1396564209.023441787 80
1396564209.047444237 81
1396564209.073436139 82
1396564209.097322249 74
1396564209.123254016 81
1396564209.147301192 80
1396564209.172310986 86
1396564209.198173107 86
1396564209.222197360 84
1396564209.248133249 84
1396564209.273207219 244
1396564209.297071289 81
1396564209.322073510 82
1396564209.347048596 76
1396564209.373062813 76
1396564209.397888462 244
1396564209.422953977 89
1396564209.446947219 91
1396564209.471937848 91
1396564209.496943237 91
1396564209.521738436 90
1396564209.548750290 271
1396564209.571811754 91
1396564209.596815349 86
1396564209.622676584 318
1396564209.647711058 314
1396564209.673644702 310
1396564209.696690617 91
1396564209.722593711 91
1396564209.748697604 318
1396564209.772525770 89
1396564209.798512094 302
1396564209.822416205 86
1396564209.848441912 81
1396564209.873439022 301
1396564209.897438986 81
1396564209.923439330 308
1396564209.947315182 83
1396564209.973341044 310
1396564209.997314748 80
1396564210.021325130 82
1396564210.048196596 309
1396564210.072134909 85
1396564210.098144312 307
1396564210.122204396 85
1396564210.147117306 86
1396564210.174067283 273
1396564210.197018604 89
1396564210.223979143 306
1396564210.248060915 85
1396564210.273061622 86
1396564210.299035257 248
1396564210.321893490 85
1396564210.348903625 269
1396564210.371932119 86
1396564210.397783806 85
1396564210.422808226 84
1396564210.446827574 90
1396564210.473759275 267
1396564210.496694808 81
1396564210.522691164 81
1396564210.546631258 84
1396564210.572666486 87
1396564210.597647442 84
1396564210.621676411 86
1396564210.647691392 85
1396564210.671579206 84
1396564210.697510134 86
1396564210.721582471 96
1396564210.746386784 97
1396564210.772425783 95
1396564210.796434520 84
1396564210.822433300 86
1396564210.847419721 293
1396564210.872243301 96
1396564210.897309014 96
1396564210.922326740 97
1396564210.948292954 96
1396564210.972174893 96
1396564210.998157744 96
1396564211.022100849 96
1396564211.046982435 92
1396564211.072013321 91
1396564211.096994535 90
1396564211.123073302 90
1396564211.146988519 91
1396564211.171927448 91
1396564211.196867489 91
1396564211.221931579 91
1396564211.246947792 89
1396564211.271881497 99
1396564211.297740981 96
1396564211.322803689 97
1396564211.347804089 96
1396564211.373808067 303
1396564211.397825324 96
1396564211.422609413 90
1396564211.447689714 96
1396564211.472680742 92
1396564211.498646002 311
1396564211.522617065 94
1396564211.548649848 302
1396564211.572554851 90
1396564211.596527724 96
1396564211.622427967 96
1396564211.647392657 95
1396564211.672439145 95
1396564211.697360135 96
1396564211.722321908 97
1396564211.747299376 96
1396564211.771300096 95
1396564211.797299644 96
1396564211.822260624 96
1396564211.847195346 96
1396564211.872192948 90
1396564211.896200843 92
1396564211.923204242 308
1396564211.946036182 92
1396564211.973017385 311
1396564211.997028822 90
1396564212.022048794 92
1396564212.049047612 285
1396564212.071889544 93
1396564212.098923662 305
1396564212.121929197 90
1396564212.147938388 96
1396564212.172802279 96
1396564212.196795332 95
1396564212.222778913 96
1396564212.246709698 97
1396564212.272809059 97
1396564212.296671613 96
1396564212.322669040 103
1396564212.347652322 96
1396564212.371626284 98
1396564212.397659182 97
1396564212.421679182 97
1396564212.447543762 98
1396564212.473529514 97
1396564212.497439342 98
1396564212.523373592 97
1396564212.547423500 96
1396564212.573428288 97
1396564212.597369446 97
1396564212.622332998 98
1396564212.648252863 97
1396564212.672293522 97
1396564212.698168920 96
1396564212.722163645 96
1396564212.747135642 97
1396564212.772122801 97
1396564212.797137866 97
1396564212.822983290 97
1396564212.846971035 96
1396564212.872990091 97
1396564212.897051940 97
1396564212.922866987 106
1396564212.946920579 97
1396564212.972878663 100
1396564212.998914428 100
1396564213.022795286 102
1396564213.047731669 104
1396564213.072817387 107
1396564213.097799196 106
1396564213.122792954 112
1396564213.147675072 107
1396564213.173637991 104
1396564213.198674555 107
1396564213.223725839 107
1396564213.248650663 105
1396564213.273670345 108
1396564213.298665707 103
1396564213.323550437 102
1396564213.348596373 105
1396564213.373591261 102
1396564213.398481383 103
1396564213.423436146 102
1396564213.448352585 103
1396564213.472439070 104
1396564213.498438799 101
1396564213.523291444 104
1396564213.548297784 102
1396564213.573239217 102
1396564213.598291218 103
1396564213.624279596 102
1396564213.648161247 106
1396564213.674172204 101
1396564213.699167350 104
1396564213.724118529 102
1396564213.749185993 102
1396564213.773054936 111
1396564213.799024231 101
1396564213.822991998 105
1396564213.848986348 101
1396564213.873914948 102
1396564213.897915541 108
1396564213.923891324 101
1396564213.947869715 107
1396564213.973755045 101
1396564213.999135097 103
1396564214.023772171 106
1396564214.048788563 101
1396564214.072744187 111
1396564214.098663053 101
1396564214.122594814 108
1396564214.148659717 109
1396564214.172509917 108
1396564214.197567549 112
1396564214.222632810 108
1396564214.247697208 109
1396564214.273537130 110
1396564214.297520071 108
1396564214.323358328 113
1396564214.348431537 111
1396564214.373412860 113
1396564214.399360611 113
1396564214.423407110 111
1396564214.449283634 113
1396564214.473252847 110
1396564214.498368390 113
1396564214.523306480 113
1396564214.548175140 111
1396564214.574102186 112
1396564214.598183764 111
1396564214.623731082 114
1396564214.648113995 117
1396564214.673035945 117
1396564214.697958446 116
1396564214.723038530 112
1396564214.749028211 112
1396564214.773889979 118
1396564214.798867941 117
1396564214.823891037 113
1396564214.848904984 109
1396564214.874436479 111
1396564214.898782054 117
1396564214.923792740 119
1396564214.948752184 116
1396564214.973698294 117
1396564214.998668624 115
1396564215.023656123 118
1396564215.047637366 119
1396564215.073597168 117
1396564215.097484663 118
1396564215.123655089 116
1396564215.148547643 119
1396564215.173511074 118
1396564215.198493591 117
1396564215.222399376 120
1396564215.248389718 112
1396564215.272402331 120
1396564215.298409077 115
1396564215.323404426 119
1396564215.347232902 120
1396564215.373281103 117
1396564215.397240100 123
1396564215.423223236 111
1396564215.447091320 119
1396564215.473071539 118
1396564215.499065065 117
1396564215.523090605 126
1396564215.548967966 117
1396564215.572969649 118
1396564215.598955003 118
1396564215.623942640 118
1396564215.647965488 124
1396564215.673869320 117
1396564215.697827845 119
1396564215.723905258 117
1396564215.747856830 119
1396564215.772781210 126
1396564215.798775151 117
1396564215.822758041 122
1396564215.848783141 118
1396564215.872652228 123
1396564215.898584207 127
1396564215.923661048 121
1396564215.948617030 132
1396564215.974650446 125
1396564215.998593467 127
1396564216.024484808 130
1396564216.048354164 124
1396564216.073322750 132
1396564216.098380398 124
1396564216.123396845 128
1396564216.149381564 130
1396564216.173350013 125
1396564216.198238882 129
1396564216.223294440 124
1396564216.248269710 129
1396564216.273169097 130
1396564216.298080857 131
1396564216.325365913 128
1396564216.348165764 104
1396564216.373165591 130
1396564216.397975963 134
1396564216.423035978 126
1396564216.447958518 117
1396564216.473022848 111
1396564216.497889953 134
1396564216.522879751 139
1396564216.547895673 133
1396564216.572736899 128
1396564216.597724831 128
1396564216.622776615 133
1396564216.648730580 133
1396564216.673773610 133
1396564216.698587515 128
1396564216.723561387 129
1396564216.748638724 128
1396564216.773603821 133
1396564216.797686176 138
1396564216.823638706 135
1396564216.848581571 134
1396564216.873524615 131
1396564216.898517963 137
1396564216.922410478 136
1396564216.948403695 135
1396564216.972350562 137
1396564216.998339434 132
1396564217.023394764 143
1396564217.048249501 141
1396564217.074342537 139
1396564217.098294289 143
1396564217.124223436 135
1396564217.148322856 144
1396564217.174125628 132
1396564217.199139337 139
1396564217.223141902 143
1396564217.249153207 137
1396564217.273120128 145
1396564217.299006130 136
1396564217.323012998 141
1396564217.348009998 142
1396564217.374030568 135
1396564217.397826197 148
1396564217.423895417 134
1396564217.447837800 143
1396564217.473895763 140
1396564217.497720032 139
1396564217.522702248 152
1396564217.548763738 137
1396564217.572744615 147
1396564217.598744283 138
1396564217.622617604 146
1396564217.647620486 156
1396564217.672589589 142
1396564217.697731792 154
1396564217.723642112 142
1396564217.747591486 161
1396564217.773695761 163
1396564217.798446515 161
1396564217.823515354 163
1396564217.848658796 160
1396564217.873373642 161
1396564217.899353604 161
1396564217.923388592 160
1396564217.948313858 162
1396564217.973255749 161
1396564217.998263993 166
1396564218.023262566 167
1396564218.048264588 165
1396564218.073090437 162
1396564218.098143646 165
1396564218.123139277 166
1396564218.148150684 167
1396564218.173139175 167
1396564218.198046757 168
1396564218.223976665 168
1396564218.249237239 172
1396564218.274031418 172
1396564218.299257719 163
1396564218.323885395 165
1396564218.348826592 164
1396564218.372884851 168
1396564218.398760266 166
1396564218.423719830 171
1396564218.448726717 170
1396564218.473867716 171
1396564218.497684613 173
1396564218.523591810 172
1396564218.547606722 172
1396564218.573674049 171
1396564218.598600128 175
1396564218.623584886 174
1396564218.648597669 182
1396564218.672599363 184
1396564218.698493450 180
1396564218.722564265 181
1396564218.748479209 178
1396564218.773391113 183
1396564218.797437453 184
1396564218.823381053 177
1396564218.847382086 183
1396564218.873241701 172
1396564218.897261679 190
1396564218.923256251 186
1396564218.949233933 183
1396564218.973136546 189
1396564218.999132195 158
1396564219.023035039 193
1396564219.049056176 162
1396564219.072945550 189
1396564219.097949289 198
1396564219.124008667 191
1396564219.148010874 200
1396564219.173941447 170
1396564219.197858620 196
1396564219.222884108 197
1396564219.247879043 193
1396564219.272882611 208
1396564219.298714200 193
1396564219.322759144 201
1396564219.348755735 201
1396564219.373754277 199
1396564219.398652649 212
1396564219.423544842 200
1396564219.448593051 210
1396564219.474588080 209
1396564219.498589117 207
1396564219.523569948 226
1396564219.548524031 223
1396564219.573450769 223
1396564219.598498813 223
1396564219.623499890 222
1396564219.648363001 227
1396564219.673397289 223
1396564219.698327103 224
1396564219.723380950 223
1396564219.748376882 228
1396564219.773253564 229
1396564219.798241016 227
1396564219.823243218 232
1396564219.848070679 232
1396564219.873107450 230
1396564219.898146052 233
1396564219.923118505 207
1396564219.947146928 235
1396564219.973065217 233
1396564219.998007178 240
1396564220.023004649 240
1396564220.048003557 198
1396564220.072987686 236
1396564220.098899646 242
1396564220.122828466 249
1396564220.148874897 238
1396564220.173878781 217
1396564220.198768635 231
1396564220.223734248 245
1396564220.247684906 250
1396564220.273751493 245
1396564220.297764578 248
1396564220.323612994 221
1396564220.348634342 250
1396564220.372570999 257
1396564220.399796715 258
1396564220.422615808 261
1396564220.448624542 214
1396564220.472484968 264
1396564220.498502372 225
1396564220.524447995 269
1396564220.548370360 272
1396564220.574338110 237
1396564220.598331880 276
1396564220.624333522 234
1396564220.648300357 275
1396564220.673218287 286
1396564220.699208637 284
1396564220.723208626 285
1396564220.749215176 284
1396564220.773053969 285
1396564220.798092705 285
1396564220.823072925 284
1396564220.848078369 294
1396564220.874114434 287
1396564220.897978103 291
1396564220.923934257 286
1396564220.947996844 287
1396564220.972956421 300
1396564220.997880492 286
1396564221.022816328 301
1396564221.048828953 289
1396564221.072869055 296
1396564221.097879211 307
1396564221.122679243 285
1396564221.147759816 313
1396564221.172819828 282
1396564221.197743121 309
1396564221.223617566 311
1396564221.248636059 296
1396564221.273567275 328
1396564221.298635546 288
1396564221.323562882 323
1396564221.348618174 322
1396564221.373567158 305
1396564221.398473910 333
1396564221.423429053 309
1396564221.448317176 332
1396564221.473383083 331
1396564221.498359189 319
1396564221.522366756 338
1396564221.548262382 342
1396564221.573202185 345
1396564221.598235875 343
1396564221.623240341 342
1396564221.648243215 342
1396564221.674205457 342
1396564221.698241725 350
1396564221.724037759 349
1396564221.749093629 346
1396564221.774136352 348
1396564221.799124390 344
1396564221.822976063 353
1396564221.848926912 354
1396564221.873011076 354
1396564221.898990180 357
1396564221.922878306 290
1396564221.947842943 360
1396564221.973836966 359
1396564221.997819245 349
1396564222.023860220 319
1396564222.047864213 266
1396564222.073730363 263
1396564222.097741474 341
1396564222.122671233 378
1396564222.148742914 328
1396564222.172636356 317
1396564222.198618806 287
1396564222.222610973 374
1396564222.247455350 373
1396564222.272613880 366
1396564222.297611837 389
1396564222.323465068 301
1396564222.347488280 388
1396564222.373366797 324
1396564222.398300061 380
1396564222.423359300 403
1396564222.449359979 374
1396564222.473364304 401
1396564222.499233605 373
1396564222.523244719 393
1396564222.548172415 401
1396564222.573240473 376
1396564222.598125129 409
1396564222.624126349 351
1396564222.648108954 398
1396564222.673066358 384
1396564222.698114995 379
1396564222.723109629 422
1396564222.747970564 374
1396564222.772985886 410
1396564222.797922382 314
1396564222.823984834 381
1396564222.848844237 432
1396564222.873862318 356
1396564222.898855222 413
1396564222.923875053 356
1396564222.948798844 383
1396564222.972731750 432
1396564222.998700919 369
1396564223.023732894 429
1396564223.048727908 359
1396564223.073546022 384
1396564223.097587744 412
1396564223.123604262 355
1396564223.147603825 442
1396564223.173608143 357
1396564223.198557249 389
1396564223.223480661 407
1396564223.248478639 354
1396564223.272479318 436
1396564223.298339390 376
1396564223.322292926 393
1396564223.348640341 406
1396564223.373353265 377
1396564223.397239385 411
1396564223.423238167 375
1396564223.447228664 419
1396564223.473174363 407
1396564223.497232374 389
1396564223.523106624 388
1396564223.549198703 371
1396564223.573100550 419
1396564223.599106310 410
1396564223.622924456 392
1396564223.648955229 386
1396564223.672980365 386
1396564223.697972238 404
1396564223.723979505 411
1396564223.747802954 399
1396564223.773846835 383
1396564223.797855096 383
1396564223.822720702 384
1396564223.848708261 411
1396564223.872660838 416
1396564223.898709988 398
1396564223.922727330 386
1396564223.948732862 375
1396564223.973599476 415
1396564223.998611780 407
1396564224.023624321 391
1396564224.048590378 388
1396564224.074605571 383
1396564224.098563495 417
1396564224.123542084 399
1396564224.148416643 389
1396564224.173474655 387
1396564224.198465314 374
1396564224.223345734 408
1396564224.248579599 380
1396564224.273316503 377
1396564224.298351570 418
1396564224.323250868 345
1396564224.348218561 407
1396564224.373224732 338
1396564224.398231940 377
1396564224.423170398 405
1396564224.448078148 347
1396564224.473101397 430
1396564224.498045016 365
1396564224.523100243 394
1396564224.547048382 386
1396564224.572977152 369
1396564224.597979772 457
1396564224.622971340 374
1396564224.647920075 409
1396564224.672863629 372
1396564224.698781717 381
1396564224.722845383 469
1396564224.748772389 365
1396564224.773717551 414
1396564224.798640957 370
1396564224.823724428 384
1396564224.847706893 445
1396564224.873730276 378
1396564224.897735385 427
1396564224.923579565 364
1396564224.948567759 387
1396564224.972546772 415
1396564224.998609668 379
1396564225.022601092 440
1396564225.048718558 378
1396564225.072601866 389
1396564225.098424766 409
1396564225.124467889 381
1396564225.148452439 420
1396564225.174345996 379
1396564225.198318081 389
1396564225.224330955 413
1396564225.248297131 377
1396564225.273204779 412
1396564225.299209308 377
1396564225.323218663 393
1396564225.349225923 412
1396564225.373026157 378
1396564225.398080290 388
1396564225.423122226 375
1396564225.448078191 423
1396564225.474101427 413
1396564225.497980211 366
1396564225.523905137 384
1396564225.547994421 340
1396564225.572964423 406
1396564225.597841434 413
1396564225.622852906 402
1396564225.648775935 381
1396564225.672819105 384
1396564225.697740508 382
1396564225.722722825 415
1396564225.747728810 418
1396564225.772648921 379
1396564225.797698774 390
1396564225.823605090 351
1396564225.848608780 417
1396564225.873593236 408
1396564225.898610166 374
1396564225.923540985 390
1396564225.948601932 341
1396564225.973484360 417
1396564225.998467503 392
1396564226.023465289 391
1396564226.048433833 400
1396564226.073372702 386
1396564226.098271715 415
1396564226.122357708 349
1396564226.148344868 390
1396564226.173227563 405
1396564226.198228587 382
1396564226.223215559 407
1396564226.248211100 381
1396564226.274111309 388
1396564226.298109728 401
1396564226.324040159 381
1396564226.349058687 412
1396564226.373969942 381
1396564226.398961315 313
1396564226.422964470 384
1396564226.448963566 263
1396564226.472914545 397
1396564226.498847625 258
1396564226.523838010 371
1396564226.547826865 281
1396564226.573818549 313
1396564226.597799616 384
1396564226.623692868 293
1396564226.647711171 372
1396564226.673715445 291
1396564226.698714470 300
1396564226.722661894 376
1396564226.748543724 295
1396564226.772571011 366
1396564226.798589482 304
1396564226.822586930 354
1396564226.847581069 365
1396564226.873397065 285
1396564226.897442893 362
1396564226.923422078 308
1396564226.947371148 351
1396564226.973323478 354
1396564226.998298370 342
1396564227.023328396 351
1396564227.049219543 343
1396564227.073194146 342
1396564227.099219487 343
1396564227.123209037 342
1396564227.148140551 344
1396564227.173205771 342
1396564227.198102956 343
1396564227.224068875 341
1396564227.248061855 310
1396564227.273033910 304
1396564227.297958434 285
1396564227.322956521 329
1396564227.347960800 330
1396564227.372940810 307
1396564227.398761838 309
1396564227.423780401 306
1396564227.448829632 314
1396564227.473838073 315
1396564227.498861176 309
1396564227.523728245 305
1396564227.548654262 303
1396564227.573691223 309
1396564227.598715170 307
1396564227.623597775 307
1396564227.648586479 299
1396564227.673582366 297
1396564227.697547578 294
1396564227.723513389 297
1396564227.747574366 297
1396564227.773580405 292
1396564227.798438614 295
1396564227.823411800 289
1396564227.848418705 292
1396564227.872283133 290
1396564227.898299346 289
