1396563829.583655810 177.482
1396563829.604530193 477.01
1396563829.618255454 477.01
1396563829.632026264 477.01
1396563829.644472159 477.01
1396563829.657866865 477.009
1396563829.672075615 477.01
1396563829.686812656 477.009
1396563829.699737547 477.01
1396563829.713759334 477.01
1396563829.735247062 477.01
1396563829.748000486 477.009
1396563829.761914511 477.01
1396563829.775966705 477.01
1396563829.789447724 477.01
1396563829.802831311 477.01
1396563829.817966313 477.01
1396563829.831661718 477.01
1396563829.844066217 477.01
1396563829.865709661 477.01
1396563829.879707357 477.01
1396563829.892852285 477.01
1396563829.906374946 477.009
1396563829.919916010 477.01
1396563829.933209657 477.009
1396563829.946083273 477.01
1396563829.959719215 477.009
1396563829.972590774 477.01
1396563829.993245556 477.01
1396563830.007949752 477.01
1396563830.023668256 477.009
1396563830.035578990 477.01
1396563830.049195767 477.01
1396563830.063741500 477.01
1396563830.076608489 477.01
1396563830.090996897 477.01
1396563830.112323125 477.01
1396563830.126807452 477.01
1396563830.140012533 477.01
1396563830.154195540 477.009
1396563830.170083996 477.009
1396563830.182653817 477.009
1396563830.195241029 477.009
1396563830.209960810 477.009
1396563830.224577372 477.009
1396563830.243875240 477.009
1396563830.257351547 477.009
1396563830.272132203 477.009
1396563830.285405194 477.009
1396563830.298665845 477.009
1396563830.313556250 477.009
1396563830.328198636 477.009
1396563830.342329356 477.009
1396563830.354190156 477.009
1396563830.375094879 477.009
1396563830.387278572 477.009
1396563830.401202142 477.009
1396563830.417457578 477.009
1396563830.430610236 477.009
1396563830.443057703 477.009
1396563830.457559754 477.009
1396563830.470705209 477.009
1396563830.483587718 477.009
1396563830.505881707 477.009
1396563830.520333016 477.009
1396563830.533950492 477.009
1396563830.546883724 477.009
1396563830.562350244 477.009
1396563830.575025984 477.009
1396563830.587339838 477.009
1396563830.602968815 477.009
1396563830.624770227 135.254
1396563830.637802729 135.027
1396563830.650922497 134.577
1396563830.667136195 134.128
1396563830.680452354 133.905
1396563830.693711768 133.461
1396563830.706827321 133.019
1396563830.721660734 132.581
1396563830.736055728 132.362
1396563830.754883930 131.712
1396563830.769520204 131.281
1396563830.783663786 131.067
1396563830.796770843 130.64
1396563830.813492372 130.217
1396563830.826815682 129.796
1396563830.841050365 129.378
1396563830.855189268 129.17
1396563830.868036177 128.756
1396563830.890305426 128.14
1396563830.905412069 127.733
1396563830.920035886 127.53
1396563830.933684825 127.127
1396563830.946060647 126.727
1396563830.960932302 126.528
1396563830.973782202 126.132
1396563830.986371278 125.739
1396563831.007369636 125.544
1396563831.021720519 124.961
1396563831.034689302 124.576
1396563831.049353592 124.195
1396563831.062428244 124.005
1396563831.075914665 123.627
1396563831.089978112 123.252
1396563831.105061826 122.88
1396563831.120176836 122.695
1396563831.140262084 122.144
1396563831.154180588 121.781
1396563831.170278605 121.42
1396563831.183677645 121.241
1396563831.196169463 120.884
1396563831.211285392 120.531
1396563831.225543354 120.18
1396563831.240946319 120.006
1396563831.252309837 119.659
1396563831.273770271 119.145
1396563831.287093131 118.975
1396563831.527536902 118.637
1396563831.549705317 113.77
1396563831.562913783 113.48
1396563831.577264983 113.192
1396563831.592043830 113.05
1396563831.604776698 112.767
1396563831.619251042 112.487
1396563831.633595949 112.21
1396563831.653670463 111.937
1396563831.667230169 111.666
1396563831.682157128 111.398
1396563831.696001740 111.265
1396563831.709865142 111.001
1396563831.721843205 110.74
1396563831.736091667 110.611
1396563831.748227947 110.355
1396563831.762241501 110.101
1396563831.782952347 109.851
1396563831.796084635 109.604
1396563831.811215718 109.359
1396563831.824839699 109.118
1396563831.839117936 108.998
1396563831.851536774 108.761
1396563831.866056025 108.527
1396563831.880233252 108.411
1396563831.893867693 108.182
1396563831.914536579 107.843
1396563831.928069964 107.732
1396563831.941614687 107.511
1396563831.954992169 107.293
1396563831.969850746 107.079
1396563831.983110838 106.973
1396563831.996245203 106.763
1396563832.011088196 106.555
1396563832.033614156 106.25
1396563832.048868254 106.051
1396563832.062460538 105.952
1396563832.075605926 105.757
1396563832.089294384 105.564
1396563832.103092756 105.47
1396563832.115969487 105.282
1396563832.130116106 105.097
1396563832.143912718 105.006
1396563832.162969463 104.737
1396563832.176218094 104.561
1396563832.189839404 104.475
1396563832.202511312 104.304
1396563832.217705004 104.135
1396563832.230592205 104.053
1396563832.243813102 103.889
1396563832.256987681 103.729
1396563832.271740014 103.649
1396563832.290720328 103.417
1396563832.305998630 103.265
1396563832.321208022 103.117
1396563832.334323104 103.044
1396563832.347469482 102.9
1396563832.362107484 102.759
1396563832.377415033 102.621
1396563832.392293549 102.553
1396563832.406067102 102.42
1396563832.425800902 102.226
1396563832.439982708 102.163
1396563832.454444698 102.039
1396563832.473858229 101.858
1396563832.490915357 101.742
1396563832.510432496 101.628
1396563832.527032380 101.518
1396563832.551986338 101.358
1396563832.570818220 101.205
1396563832.588555799 101.106
1396563832.605784968 101.011
1396563832.623881843 100.919
1396563832.641643111 100.787
1396563832.660090788 100.702
1396563832.684177843 100.581
1396563832.703032748 100.504
1396563832.722023487 100.395
1396563832.739545682 100.325
1396563832.756297346 100.259
1396563832.774916800 100.196
1396563832.799181532 100.136
1396563832.818072352 100.025
1396563832.835672063 99.974
1396563832.851902418 99.927
1396563832.869661215 99.882
1396563832.885727731 99.84
1396563832.901760168 99.802
1396563832.926058219 99.766
1396563832.943456248 99.718
1396563832.961570941 99.678
1396563832.978151192 99.654
1396563832.995670784 99.634
1396563833.013677094 99.617
1396563833.030077048 99.603
1396563833.054051766 99.592
1396563833.071771968 99.581
1396563833.089942367 99.577
1396563833.106161242 99.579
1396563833.123646276 99.583
1396563833.141561241 99.59
1396563833.160668875 99.601
1396563833.185899204 99.631
1396563833.203271525 99.65
1396563833.221771198 99.673
1396563833.238049300 99.699
1396563833.255792473 99.728
1396563833.274275834 99.777
1396563833.291696122 99.813
1396563833.314416015 99.874
1396563833.331669611 99.918
1396563833.349142947 99.965
1396563833.367701394 100.015
1396563833.383775407 100.069
1396563833.401789841 100.154
1396563833.419144512 100.216
1396563833.442830225 100.313
1396563833.459792050 100.381
1396563833.477585741 100.453
1396563833.494809463 100.528
1396563833.513162402 100.606
1396563833.530527477 100.728
1396563833.548024942 100.814
1396563833.572451016 100.948
1396563833.589537083 101.041
1396563833.607018579 101.137
1396563833.625532568 101.287
1396563833.643021832 101.39
1396563833.660821694 101.497
1396563833.678042642 101.607
1396563833.701410678 101.778
1396563833.719191942 101.895
1396563833.735532811 102.016
1396563833.753431917 102.202
1396563833.771544947 102.33
1396563833.789154075 102.461
1396563833.805828930 102.596
1396563833.831826036 102.803
1396563833.849168285 103.016
1396563833.866732041 103.163
1396563833.884103168 103.312
1396563833.901523211 103.464
1396563833.921079023 103.699
1396563833.938200752 103.859
1396563833.964663127 104.104
1396563833.981977437 104.272
1396563833.997858123 104.442
1396563834.015022546 104.616
1396563834.032971546 104.882
1396563834.051078633 105.063
1396563834.068724612 105.247
1396563834.092034652 105.529
1396563834.112225434 105.72
1396563834.129836440 106.013
1396563834.148161194 106.212
1396563834.167094697 106.414
1396563834.183976882 106.62
1396563834.210151968 107.039
1396563834.227705876 107.253
1396563834.244327264 107.47
1396563834.263100151 107.69
1396563834.279955324 107.913
1396563834.297643244 108.253
1396563834.317972177 108.484
1396563834.340348658 108.835
1396563834.357856324 109.073
1396563834.376945894 109.435
1396563834.393783967 109.681
1396563834.412607917 109.929
1396563834.430246546 110.18
1396563834.446396617 110.434
1396563834.471717450 110.821
1396563834.490286108 111.215
1396563834.508060913 111.481
1396563834.525980504 111.75
1396563834.542826052 112.022
1396563834.560205637 112.435
1396563834.577648694 112.714
1396563834.603952071 113.139
1396563834.621516362 113.425
1396563834.638661627 113.715
1396563834.656578984 114.007
1396563834.673957186 114.451
1396563834.692082195 114.751
1396563834.709975991 115.054
1396563834.733363572 115.513
1396563834.750186856 115.823
1396563834.766149436 116.136
1396563834.783844073 116.451
1396563834.801460267 116.93
1396563834.819522421 117.253
1396563834.835822787 117.579
1396563834.860599643 118.073
1396563834.878947205 118.406
1396563834.896038021 118.742
1396563834.914978595 119.251
1396563834.933352385 119.595
1396563834.949701126 119.94
1396563834.976098571 120.289
1396563834.993145700 120.995
1396563835.011072358 121.353
1396563835.027692773 121.713
1396563835.045574464 122.076
1396563835.061718225 122.442
1396563835.078941190 122.81
1396563835.105729176 123.556
1396563835.123697525 123.933
1396563835.140051251 124.313
1396563835.157670170 124.696
1396563835.174775303 125.082
1396563835.192030301 125.47
1396563835.211264606 126.058
1396563835.234402426 126.652
1396563835.252648592 127.052
1396563835.271755395 127.454
1396563835.289426463 128.063
1396563835.306656426 128.472
1396563835.325532471 128.884
1396563835.341742932 129.299
1396563835.366012733 129.927
1396563835.384597653 130.348
1396563835.401274984 130.986
1396563835.418551155 131.415
1396563835.435717535 131.846
1396563835.452684087 132.28
1396563835.470232847 132.717
1396563835.493185740 133.378
1396563835.513494261 134.044
1396563835.530120834 134.492
1396563835.547691563 134.942
1396563835.565918134 135.396
1396563835.581958701 135.851
1396563835.598966831 136.31
1396563835.623958800 137.003
1396563835.641440968 137.702
1396563835.659070943 138.171
1396563835.677665379 138.643
1396563835.693899069 139.118
1396563835.710913112 139.595
1396563835.728889147 140.316
1396563835.753954503 141.043
1396563835.772472492 141.531
1396563835.787996827 142.021
1396563835.806901310 142.514
1396563835.825668293 143.01
1396563835.842075163 143.759
1396563835.859553143 144.261
1396563835.883520299 145.019
1396563835.900895227 145.528
1396563835.918897847 146.04
1396563835.937129282 146.812
1396563835.954368304 147.33
1396563835.972126723 147.85
1396563835.989963211 148.373
1396563836.013751463 149.163
1396563836.030445528 149.692
1396563836.048238056 150.224
1396563836.066092726 151.027
1396563836.083588869 151.565
1396563836.100000739 152.106
1396563836.126088013 152.65
1396563836.143090115 153.47
1396563836.161082991 154.295
1396563836.179585721 154.849
1396563836.195758661 155.405
1396563836.213690542 155.963
1396563836.230189268 156.524
1396563836.254108733 157.088
1396563836.272969013 157.938
1396563836.290612639 158.793
1396563836.308053776 159.367
1396563836.325798026 159.943
1396563836.343088423 160.521
1396563836.359813123 161.102
1396563836.385964451 162.27
1396563836.404060283 162.858
1396563836.424109553 163.449
1396563836.441655367 164.339
1396563836.460188163 164.936
1396563836.477958428 165.534
1396563836.496461462 166.136
1396563836.520026253 167.042
1396563836.538198566 167.954
1396563836.554201238 168.565
1396563836.572566311 169.178
1396563836.588214273 169.793
1396563836.605973007 170.411
1396563836.622316255 171.031
1396563836.644827909 171.966
1396563836.661694557 172.592
1396563836.679693652 173.221
1396563836.697821617 174.167
1396563836.716115789 174.801
1396563836.732212280 175.438
1396563836.750265429 176.077
1396563836.772178968 177.039
1396563836.798316694 177.683
1396563836.814012250 178.654
1396563836.835696953 179.304
1396563836.857009831 180.611
1396563836.874253029 181.268
1396563836.898336825 182.258
1396563836.916697838 182.92
1396563836.933764602 183.584
1396563836.951903557 184.251
1396563836.970724602 185.256
1396563836.989355453 185.928
1396563837.006899460 186.603
1396563837.031888138 187.619
1396563837.049119909 188.64
1396563837.068139671 189.323
1396563837.085791377 190.009
1396563837.103159121 190.696
1396563837.121816449 191.732
1396563837.139210625 192.425
1396563837.163831166 193.469
1396563837.181740963 194.168
1396563837.200052255 194.869
1396563837.217432426 195.924
1396563837.234949835 196.63
1396563837.253758392 197.338
1396563837.279661766 198.049
1396563837.297123185 199.476
1396563837.316128253 200.192
1396563837.334161055 200.911
1396563837.349576009 201.631
1396563837.365637701 202.354
1396563837.380678823 203.079
1396563837.406078597 203.806
1396563837.423212357 204.9
1396563837.441431435 205.998
1396563837.458828862 206.733
1396563837.476188998 207.47
1396563837.494898324 208.209
1396563837.513717445 209.321
1396563837.538322227 210.438
1396563837.555555542 211.185
1396563837.574196056 211.933
1396563837.592254646 212.684
1396563837.608866483 213.813
1396563837.627432319 214.569
1396563837.644123668 215.326
1396563837.666516011 216.466
1396563837.683681476 217.228
1396563837.700368133 217.992
1396563837.718154668 218.758
1396563837.736327756 219.91
1396563837.753576581 220.681
1396563837.773658124 221.453
1396563837.796329808 222.615
1396563837.814759902 223.392
1396563837.831799518 224.17
1396563837.850050561 225.342
1396563837.867961017 226.125
1396563837.884009458 226.91
1396563837.902201180 227.697
1396563837.927827215 228.88
1396563837.945055366 230.067
1396563837.964683717 230.861
1396563837.981814830 231.656
1396563837.997705494 232.453
1396563838.015572054 233.252
1396563838.033766715 234.454
1396563838.058237006 235.659
1396563838.078722554 236.464
1396563838.095048694 237.272
1396563838.114294743 238.485
1396563838.130939759 239.296
1396563838.147824636 240.108
1396563838.165654120 240.922
1396563838.190091478 242.145
1396563838.208576043 242.962
1396563838.225762797 244.19
1396563838.243549627 245.01
1396563838.260026842 245.832
1396563838.278928792 246.654
1396563838.304929808 248.303
1396563838.323167998 249.128
1396563838.341004978 249.955
1396563838.357299245 250.783
1396563838.375670411 251.611
1396563838.393322620 252.856
1396563838.411220531 253.687
1396563838.435202331 254.934
1396563838.451804009 255.767
1396563838.469547587 256.6
1396563838.485674785 257.434
1396563838.503119339 258.269
1396563838.522750067 259.522
1396563838.539067510 260.358
1396563838.562068841 261.613
1396563838.580623746 262.45
1396563838.598209973 263.287
1396563838.614576697 264.125
1396563838.632298408 265.383
1396563838.649877220 266.221
1396563838.668180583 267.06
1396563838.693018502 268.318
1396563838.711202042 269.158
1396563838.730326306 270.416
1396563838.747646482 271.256
1396563838.765209932 272.095
1396563838.782126718 272.934
1396563838.798876312 273.773
1396563838.823784585 275.032
1396563838.841240779 276.29
1396563838.859180987 277.129
1396563838.876182937 277.967
1396563838.893700009 278.805
1396563838.911822739 279.642
1396563838.928992423 280.898
1396563838.953987566 282.152
1396563838.972092475 282.988
1396563838.987944447 283.823
1396563839.006050868 284.658
1396563839.310578131 285.492
1396563839.336377858 301.578
1396563839.355227008 302.797
1396563839.373533529 303.608
1396563839.391153299 304.417
1396563839.409731704 305.628
1396563839.428168659 306.434
1396563839.445980446 307.238
1396563839.471046774 308.44
1396563839.489437109 309.639
1396563839.507535033 310.436
1396563839.527823698 311.232
1396563839.545861664 312.421
1396563839.565520761 313.212
1396563839.589464451 314.394
1396563839.608485338 315.18
1396563839.626862706 316.354
1396563839.646616565 317.135
1396563839.665022891 318.302
1396563839.683558249 319.077
1396563839.701506698 319.85
1396563839.727111784 321.006
1396563839.745496461 322.157
1396563839.763879678 322.921
1396563839.781928234 323.684
1396563839.799857978 324.444
1396563839.819067780 325.58
1396563839.842192403 326.712
1396563839.859664037 327.463
1396563839.881057333 328.586
1396563839.899589695 329.332
1396563839.918942102 330.076
1396563839.944215358 331.556
1396563839.970266882 332.66
1396563839.987542553 333.393
1396563840.006691488 334.123
1396563840.026604767 335.215
1396563840.045425015 335.939
1396563840.063715217 336.662
1396563840.083438613 337.741
1396563840.108677061 338.814
1396563840.127664133 339.527
1396563840.145807552 340.591
1396563840.164050742 341.298
1396563840.182812370 342.002
1396563840.200990663 343.053
1396563840.226017404 344.099
1396563840.243953013 344.793
1396563840.261789407 345.485
1396563840.280944392 346.518
1396563840.299666259 347.203
1396563840.318691916 347.886
1396563840.336861282 348.906
1396563840.362046438 349.92
1396563840.380042097 350.593
1396563840.398956296 351.264
1396563840.418058869 352.264
1396563840.436231863 352.929
1396563840.454558352 353.59
1396563840.481188909 354.905
1396563840.499107755 355.559
1396563840.518594795 356.21
1396563840.537054145 357.183
1396563840.556027422 357.827
1396563840.575057968 358.469
1396563840.593185901 359.428
1396563840.619095972 360.38
1396563840.638137556 361.012
1396563840.655067110 361.641
1396563840.673164129 362.58
1396563840.691131693 363.203
1396563840.708351986 363.823
1396563840.726016137 364.44
1396563840.750157152 365.361
1396563840.768550573 365.972
1396563840.785649148 366.884
1396563840.803494187 367.488
1396563840.822702645 368.09
1396563840.842821838 368.988
1396563840.866105507 369.88
1396563840.885062032 370.471
1396563840.903067969 371.06
1396563840.921906110 371.938
1396563840.939924245 372.52
1396563840.958878295 373.099
1396563840.977914636 373.963
1396563841.003933822 374.822
1396563841.023012940 375.391
1396563841.042157725 376.24
1396563841.061456918 376.803
1396563841.079186020 377.363
1396563841.096985133 378.2
1396563841.122227539 379.032
1396563841.139985202 379.584
1396563841.158809998 380.134
1396563841.177675965 380.955
1396563841.195657281 381.5
1396563841.214661019 382.043
1396563841.233599048 382.854
1396563841.259910625 383.661
1396563841.279911368 384.197
1396563841.297749860 384.998
1396563841.316403975 385.53
1396563841.335195002 386.061
1396563841.355178830 386.854
1396563841.386628976 387.907
1396563841.406948216 388.431
1396563841.426292933 389.216
1396563841.444285786 389.738
1396563841.463407556 390.258
1396563841.482368975 391.038
1396563841.508104566 391.814
1396563841.526679144 392.331
1396563841.545084166 393.105
1396563841.563281938 393.621
1396563841.579903682 394.135
1396563841.599035299 394.649
1396563841.617368828 395.419
1396563841.641934702 396.187
1396563841.662105059 396.7
1396563841.681049275 397.467
1396563841.698904914 397.978
1396563841.717591803 398.489
1396563841.735664056 399
1396563841.761716043 400.022
1396563841.785192028 400.532
1396563841.810178140 401.554
1396563841.829791342 402.065
1396563841.847988330 402.577
1396563841.867801021 403.344
1396563841.892236849 404.113
1396563841.911365305 404.626
1396563841.929577832 405.396
1396563841.947406584 405.91
1396563841.969256363 406.425
1396563841.993458889 407.457
1396563842.019949170 408.232
1396563842.038951819 408.751
1396563842.057672691 409.53
1396563842.077717979 410.051
1396563842.095729230 410.572
1396563842.115150093 411.357
1396563842.133235258 411.882
1396563842.158593962 412.671
1396563842.177404266 413.463
1396563842.195828305 413.993
1396563842.214853842 414.525
1396563842.233818938 415.324
1396563842.251469016 415.86
1396563842.276739780 416.666
1396563842.295189925 417.205
1396563842.313539939 418.018
1396563842.332294954 418.562
1396563842.349830611 419.107
1396563842.368884644 419.655
1396563842.387025868 420.481
1396563842.411923573 421.311
1396563842.432949840 421.867
1396563842.451024067 422.706
1396563842.471167505 423.268
1396563842.489674687 424.115
1396563842.507903748 424.683
1396563842.533311840 425.54
1396563842.552160161 426.114
1396563842.570572697 426.98
1396563842.587649975 427.561
1396563842.606771006 428.144
1396563842.625599243 429.025
1396563842.643565921 429.615
1396563842.670924451 430.505
1396563842.689044328 431.401
1396563842.707233253 432.002
1396563842.724564163 432.606
1396563842.742655857 433.212
1396563842.761113129 434.126
1396563842.787259881 435.046
1396563842.803932160 435.662
1396563842.823553401 436.281
1396563842.842097822 437.215
1396563842.859840309 437.841
1396563842.880067980 438.469
1396563842.898523399 439.416
1396563842.923972149 440.37
1396563842.942890071 441.009
1396563843.201849398 441.972
1396563843.235131946 453.294
1396563843.253928009 453.983
1396563843.271022369 454.674
1396563843.297418027 456.064
1396563843.315146564 456.763
1396563843.333548775 457.464
1396563843.349958192 458.168
1396563843.370517772 459.228
1396563843.387794790 459.938
1396563843.407292630 460.65
1396563843.432664050 461.723
1396563843.450335008 462.802
1396563843.469927497 463.524
1396563843.491673241 464.248
1396563843.515327741 465.705
1396563843.532295733 466.436
1396563843.557169133 467.538
1396563843.577778475 468.646
1396563843.596442174 469.387
1396563843.614683960 470.13
1396563843.634519572 471.25
1396563843.652013584 471.999
1396563843.678539771 472.751
1396563843.700139416 474.26
1396563843.723099393 475.398
1396563843.741405185 476.16
1396563843.757771639 476.924
1396563843.776891304 478.072
1396563843.795167995 478.841
1396563843.819943651 479.998
1396563843.838948315 480.772
1396563843.857290982 481.938
1396563843.875484854 482.717
1396563843.895291862 483.499
1396563843.912267683 484.675
1396563843.939182756 485.855
1396563843.954893310 486.645
1396563843.972960428 487.436
1396563843.989545145 488.23
1396563844.007936719 489.025
1396563844.025751755 490.221
1396563844.043537114 491.021
1396563844.066040733 492.224
1396563844.083535823 493.028
1396563844.100355779 493.834
1396563844.119682113 494.641
1396563844.135598660 495.45
1396563844.153267935 496.666
1396563844.171179463 497.478
1396563844.194038897 498.7
1396563844.211893450 499.516
1396563844.231886368 500.333
1396563844.248888416 501.562
1396563844.265962249 502.382
1396563844.284401729 503.204
1396563844.301345434 504.027
1396563844.324868546 505.264
1396563844.342837617 506.089
1396563844.360972836 507.33
1396563844.378016922 508.158
1396563844.395684986 508.987
1396563844.413560486 509.817
1396563844.431140729 510.648
1396563844.455281724 511.896
1396563844.473209581 513.145
1396563844.489695465 513.979
1396563844.507886334 514.814
1396563844.524210020 515.649
1396563844.541817573 516.485
1396563844.559140663 517.322
1396563844.583809344 518.577
1396563844.601394830 519.834
1396563844.619566956 520.672
1396563844.636079028 521.511
1396563844.653556591 522.35
1396563844.669768495 523.189
1396563844.686973128 524.029
1396563844.711412120 525.288
1396563844.729327661 526.548
1396563844.746957138 527.389
1396563844.763639343 528.229
1396563844.781674613 529.069
1396563844.798761260 529.909
1396563844.816140732 531.17
1396563844.841964762 532.43
1396563844.859769810 533.27
1396563844.876010385 534.109
1396563844.891858639 534.949
1396563844.909671685 535.788
1396563844.928021417 537.046
1396563844.946015547 537.884
1396563844.971724151 539.141
1396563844.989711758 539.978
1396563845.006949537 540.815
1396563845.025710218 542.069
1396563845.042899503 542.904
1396563845.059515934 543.739
1396563845.077526829 544.573
1396563845.100017905 545.822
1396563845.117784536 546.655
1396563845.136642589 547.486
1396563845.153687084 548.731
1396563845.171293245 549.56
1396563845.187781625 550.389
1396563845.214041143 551.216
1396563845.232008955 552.455
1396563845.249341157 553.691
1396563845.266758639 554.514
1396563845.284063304 555.336
1396563845.301780307 556.157
1396563845.321153641 557.385
1396563845.346231519 558.611
1396563845.363556708 559.426
1396563845.381525602 560.24
1396563845.397528006 561.053
1396563845.413534440 561.864
1396563845.430881648 562.674
1396563845.447203174 563.482
1396563845.473413086 565.093
1396563845.491036717 565.896
1396563845.508506937 566.698
1396563845.526074447 567.498
1396563845.542831982 568.296
1396563845.561011663 569.49
1396563845.579629566 570.283
1396563845.601981199 571.471
1396563845.620964665 572.26
1396563845.637509391 573.048
1396563845.655660559 573.834
1396563845.671502451 574.618
1396563845.689803210 575.79
1396563845.707904035 576.57
1396563845.731993717 577.736
1396563845.749526014 578.511
1396563845.767024412 579.284
1396563845.785011623 580.44
1396563845.802825195 581.208
1396563845.821270798 581.975
1396563845.837506691 582.74
1396563845.860661674 583.883
1396563845.878858074 584.643
1396563845.894589997 585.401
1396563845.912913053 586.534
1396563845.930308681 587.288
1396563845.947659779 588.039
1396563845.963751722 588.788
1396563845.987950657 589.909
1396563846.005843241 590.653
1396563846.023386377 591.395
1396563846.040894088 592.505
1396563846.057883648 593.243
1396563846.075252520 593.978
1396563846.092005705 594.712
1396563846.116274975 595.808
1396563846.135785000 596.536
1396563846.153548738 597.625
1396563846.171824953 598.348
1396563846.189702079 599.069
1396563846.207149991 599.788
1396563846.225523491 600.863
1396563846.251521621 601.933
1396563846.268025162 602.643
1396563846.286875831 603.352
1396563846.303150672 604.058
1396563846.321896582 605.114
1396563846.338996573 605.815
1396563846.357401388 606.514
1396563846.382826193 607.558
1396563846.401027886 608.597
1396563846.418003834 609.288
1396563846.435521577 609.976
1396563846.452123557 610.661
1396563846.470501100 611.345
1396563846.496170119 612.026
1396563846.513762246 613.382
1396563846.532754273 614.057
1396563846.549499532 614.73
1396563846.565963555 615.4
1396563846.584893048 616.401
1396563846.602086184 617.065
1396563846.626110494 618.058
1396563846.643623428 618.717
1396563846.660129039 619.374
1396563846.679643553 620.029
1396563846.702486094 621.007
1396563846.721123585 621.979
1396563846.739520425 622.625
1396563846.763735233 623.589
1396563846.782134943 624.229
1396563846.799019993 624.867
1396563846.817398817 625.819
1396563846.835456687 626.451
1396563846.853233965 627.08
1396563846.877964231 627.707
1396563846.894891007 628.644
1396563846.913756050 629.575
1396563846.932522789 630.193
1396563846.949248661 630.809
1396563846.965579720 631.422
1396563846.983514767 632.033
1396563847.009048963 633.247
1396563847.027111313 633.851
1396563847.044145949 634.452
1396563847.061942071 635.051
1396563847.078143121 635.648
1396563847.095996774 636.242
1396563847.114002360 637.129
1396563847.138763320 638.01
1396563847.155196638 638.594
1396563847.176147932 639.176
1396563847.193342555 640.045
1396563847.211833554 640.621
1396563847.230018893 641.194
1396563847.247685300 641.765
1396563847.271649097 642.617
1396563847.289008781 643.463
1396563847.305927568 644.024
1396563847.323622890 644.583
1396563847.339828939 645.139
1396563847.356026157 645.693
1396563847.375147476 646.244
1396563847.399833350 647.066
1396563847.418070623 647.882
1396563847.435875256 648.423
1396563847.452492472 648.961
1396563847.469704291 649.497
1396563847.486114054 650.031
1396563847.504540542 650.561
1396563847.527618725 651.353
1396563847.544953854 652.138
1396563847.561748559 652.659
1396563847.580709219 653.177
1396563847.597672125 653.692
1396563847.615821381 654.205
1396563847.633893786 654.97
1396563847.658773273 655.728
1396563847.676565758 656.23
1396563847.693506690 656.73
1396563847.711247787 657.227
1396563847.729112853 657.968
1396563847.747779786 658.459
1396563847.764291834 658.947
1396563847.787996074 659.674
1396563847.807260005 660.155
1396563847.825768532 660.872
1396563847.843993587 661.347
1396563847.861543605 661.819
1396563847.878009632 662.288
1396563847.902027747 662.755
1396563847.924525144 663.45
1396563847.945696518 664.367
1396563847.963456444 664.821
1396563847.981454828 665.273
1396563847.998112900 665.722
1396563848.016331926 666.391
1396563848.043062003 667.054
1396563848.060136129 667.492
1396563848.077512484 667.927
1396563848.094897300 668.36
1396563848.113556541 669.004
1396563848.132456417 669.43
1396563848.158152263 669.853
1396563848.177493436 670.692
1396563848.195448588 671.107
1396563848.213878919 671.519
1396563848.232021470 672.132
1396563848.249866390 672.537
1396563848.267490375 672.939
1396563848.290082761 673.538
1396563848.307369240 673.933
1396563848.325512067 674.326
1396563848.341613350 674.716
1396563848.360738245 675.295
1396563848.378824008 675.678
1396563848.396160679 676.058
1396563848.422764267 676.623
1396563848.731274102 676.996
1396563848.755071217 683.857
1396563848.775509831 684.17
1396563848.801260746 684.787
1396563848.819421198 685.091
1396563848.836358290 685.393
1396563848.851994351 685.691
1396563848.868431907 685.986
1396563848.886055151 686.279
1396563848.903198626 686.568
1396563848.926018855 686.855
1396563848.942751582 687.28
1396563848.960863868 687.697
1396563848.978255813 687.972
1396563848.997451026 688.244
1396563849.015728936 688.513
1396563849.034931732 688.911
1396563849.057951763 689.303
1396563849.075486237 689.56
1396563849.093499729 689.814
1396563849.111378205 690.066
1396563849.129718864 690.437
1396563849.147380454 690.681
1396563849.165383697 690.922
1396563849.188187258 691.278
1396563849.206645956 691.511
1396563849.223361238 691.742
1396563849.241966160 692.082
1396563849.259990842 692.305
1396563849.279904216 692.634
1396563849.297609338 692.85
1396563849.323479902 693.168
1396563849.339758953 693.376
1396563849.357480327 693.581
1396563849.374931395 693.783
1396563849.391134090 693.982
1396563849.409130797 694.275
1396563849.426937888 694.467
1396563849.451634067 694.749
1396563849.468000389 694.933
1396563849.486932376 695.114
1396563849.504497235 695.38
1396563849.522120711 695.554
1396563849.539688715 695.725
1396563849.556359761 695.892
1396563849.582011777 696.138
1396563849.601354379 696.377
1396563849.618693564 696.532
1396563849.635856878 696.685
1396563849.653518203 696.834
1396563849.669496684 696.98
1396563849.693889148 697.124
1396563849.711156801 697.333
1396563849.729181088 697.536
1396563849.745886430 697.667
1396563849.763860744 697.795
1396563849.782384346 697.92
1396563849.799452091 698.042
1396563849.825324579 698.277
1396563849.843888854 698.39
1396563849.861684581 698.5
1396563849.879475491 698.607
1396563849.896996437 698.762
1396563849.914928695 698.861
1396563849.932476753 698.957
1396563849.956770930 699.096
1396563849.974462174 699.184
1396563849.991197955 699.27
1396563850.009696019 699.393
1396563850.027859035 699.47
1396563850.045754414 699.545
1396563850.062478638 699.617
1396563850.087627441 699.719
1396563850.105732088 699.814
1396563850.123605588 699.873
1396563850.140071180 699.93
1396563850.157804118 699.983
1396563850.174985820 700.034
1396563850.191169499 700.081
1396563850.217968041 700.166
1396563850.235357565 700.205
1396563850.252589074 700.24
1396563850.271497192 700.272
1396563850.289127517 700.314
1396563850.305877542 700.338
1396563850.324497451 700.359
1396563850.348423418 700.385
1396563850.366412684 700.399
1396563850.385234575 700.414
1396563850.402013065 700.42
1396563850.419643583 700.422
1396563850.438065602 700.422
1396563850.461875340 700.419
1396563850.479976593 700.403
1396563850.499438216 700.391
1396563850.517349089 700.375
1396563850.534759156 700.356
1396563850.551873415 700.335
1396563850.570996183 700.296
1396563850.595518088 700.251
1396563850.614537249 700.217
1396563850.631144711 700.18
1396563850.648974653 700.119
1396563850.665985885 700.074
1396563850.684565427 700.027
1396563850.701374547 699.976
1396563850.724131012 699.894
1396563850.742748783 699.835
1396563850.759126393 699.774
1396563850.777855254 699.676
1396563850.794854424 699.607
1396563850.811720076 699.535
1396563850.828993187 699.459
1396563850.851970552 699.341
1396563850.871315727 699.258
1396563850.888974488 699.128
1396563850.906977268 699.037
1396563850.923972394 698.944
1396563850.941008200 698.847
1396563850.958739386 698.747
1396563850.983631307 698.592
1396563851.001482262 698.43
1396563851.019613425 698.318
1396563851.036108823 698.203
1396563851.051668584 698.085
1396563851.072024916 697.964
1396563851.089044761 697.777
1396563851.113573855 697.583
1396563851.131341954 697.45
1396563851.148520109 697.313
1396563851.165665899 697.174
1396563851.185300026 697.032
1396563851.201659591 696.813
1396563851.219616182 696.663
1396563851.243352532 696.432
1396563851.259868315 696.275
1396563851.277596164 696.114
1396563851.295165345 695.951
1396563851.313370704 695.7
1396563851.331600166 695.529
1396563851.348997015 695.355
1396563851.374655765 695.088
1396563851.392860435 694.815
1396563851.410928438 694.629
1396563851.427641132 694.44
1396563851.443991899 694.248
1396563851.461996953 694.053
1396563851.487758592 693.653
1396563851.506414522 693.449
1396563851.524565190 693.242
1396563851.541545104 693.032
1396563851.557518309 692.819
1396563851.574370034 692.603
1396563851.591615352 692.384
1396563851.617436835 691.937
1396563851.634857352 691.709
1396563851.652073568 691.478
1396563851.669887361 691.244
1396563851.687618339 691.007
1396563851.705100063 690.646
1396563851.723700759 690.402
1396563851.747870718 690.03
1396563851.766187026 689.778
1396563851.782131804 689.523
1396563851.799830936 689.265
1396563851.817415132 688.873
1396563851.834999154 688.608
1396563851.851722297 688.34
1396563851.876917622 687.933
1396563851.893757479 687.658
1396563851.910963616 687.379
1396563851.929845326 686.956
1396563851.947470893 686.671
1396563851.964054039 686.382
1396563851.983048197 686.091
1396563852.007237972 685.648
1396563852.024901820 685.199
1396563852.042931214 684.896
1396563852.059356478 684.59
1396563852.077591917 684.281
1396563852.095927883 683.969
1396563852.113677008 683.496
1396563852.138115943 683.016
1396563852.155880230 682.693
1396563852.173370325 682.366
1396563852.190786920 682.037
1396563852.209490489 681.538
1396563852.226096604 681.202
1396563852.243515972 680.862
1396563852.267361491 680.348
1396563852.285248371 680.002
1396563852.302624592 679.653
1396563852.321103954 679.123
1396563852.338657979 678.767
1396563852.356469623 678.408
1396563852.373537509 678.046
1396563852.398788959 677.497
1396563852.417117339 676.942
1396563852.437487844 676.569
1396563852.453430838 676.193
1396563852.469411935 675.814
1396563852.486715364 675.432
1396563852.513109767 674.66
1396563852.531364388 674.269
1396563852.547843660 673.876
1396563852.563971549 673.481
1396563852.582803379 673.082
1396563852.598962184 672.68
1396563852.618989716 672.073
1396563852.650112125 671.253
1396563852.667591773 670.84
1396563852.685482389 670.423
1396563852.703091583 670.003
1396563852.721454117 669.369
1396563852.738445149 668.943
1396563852.755699368 668.514
1396563852.779237341 667.865
1396563852.797042614 667.429
1396563852.815054082 666.99
1396563852.833775343 666.327
1396563852.851835556 665.882
1396563852.869484461 665.433
1396563852.895468584 664.983
1396563852.913405378 664.073
1396563852.931606960 663.614
1396563852.948299958 663.152
1396563852.966104090 662.688
1396563852.984487796 662.22
1396563853.001855525 661.515
1396563853.028732313 660.803
1396563853.044155779 660.326
1396563853.061365049 659.845
1396563853.080108195 659.12
1396563853.097351051 658.633
1396563853.115800790 658.143
1396563853.135178258 657.651
1396563853.159628610 656.907
1396563853.176838169 656.158
1396563853.194050696 655.655
1396563853.211692550 655.15
1396563853.230038440 654.642
1396563853.246716145 654.131
1396563853.263088398 653.618
1396563853.289652363 652.584
1396563853.307957947 652.063
1396563853.326764521 651.54
1396563853.344903797 650.75
1396563853.361835130 650.22
1396563853.379419249 649.687
1396563853.396476624 649.152
1396563853.421675978 648.345
1396563853.438384995 647.804
1396563853.455233337 647.26
1396563853.474584932 646.439
1396563853.491710850 645.889
1396563853.509472407 645.336
1396563853.537298231 644.223
1396563853.554726415 643.663
1396563853.573359733 643.1
1396563853.589978406 642.535
1396563853.608835383 641.683
1396563853.626103918 641.112
1396563853.644852562 640.538
1396563853.667850745 639.672
1396563853.688808428 638.802
1396563853.705751772 638.218
1396563853.723834735 637.632
1396563853.741471819 637.044
1396563853.758897572 636.453
1396563853.775500604 635.859
1396563853.799723448 634.965
1396563853.817951650 634.065
1396563853.835861053 633.462
1396563853.853470173 632.857
1396563853.870685848 632.249
1396563853.889726727 631.334
1396563853.907732478 630.72
1396563853.933582988 629.795
1396563853.950192249 629.176
1396563853.967953862 628.554
1396563853.985706501 627.617
1396563854.003733082 626.99
1396563854.019654335 626.36
1396563854.046141710 625.727
1396563854.062674689 624.775
1396563854.081474369 623.817
1396563854.099633320 623.176
1396563854.117478588 622.532
1396563854.135707700 621.886
1396563854.152826965 620.913
1396563854.177649151 619.935
1396563854.195093104 619.28
1396563854.212076896 618.622
1396563854.229366473 617.963
1396563854.246723128 617.301
1396563854.263702799 616.638
1396563854.281586280 615.638
1396563854.306779384 614.633
1396563854.323403191 613.96
1396563854.341507615 613.285
1396563854.359797099 612.608
1396563854.375728348 611.928
1396563854.392895161 610.905
1396563854.409827967 610.22
1396563854.434598573 609.189
1396563854.451646330 608.499
1396563854.467583180 607.806
1396563854.485599044 607.111
1396563854.503104086 606.415
1396563854.521953010 605.365
1396563854.539327134 604.663
1396563854.564718217 603.606
1396563854.582454187 602.898
1396563854.598962612 602.189
1396563854.617024072 601.12
1396563854.634896554 600.406
1396563854.653592593 599.689
1396563854.670699489 598.97
1396563854.695632820 597.887
1396563854.713074970 596.8
1396563854.730235102 596.073
1396563854.747453212 595.344
1396563854.764303612 594.613
1396563854.782702011 593.88
1396563854.800832817 592.776
1396563854.827077450 591.668
1396563854.843942410 590.926
1396563854.861452613 590.183
1396563854.878573334 589.438
1396563854.895351717 588.691
1396563854.913616037 587.567
1396563854.933982768 586.815
1396563854.955582841 585.683
1396563854.973935532 584.927
1396563854.990748668 584.168
1396563855.007948671 583.027
1396563855.027077526 582.263
1396563855.043322504 581.498
1396563855.059941067 580.731
1396563855.087091049 579.577
1396563855.105451901 578.418
1396563855.123521557 577.644
1396563855.139834032 576.868
1396563855.157401553 576.09
1396563855.173466156 575.31
1396563855.197857317 574.528
1396563855.214894606 573.352
1396563855.233407279 572.172
1396563855.250660370 571.384
1396563855.268040065 570.593
1396563855.286615451 569.801
1396563855.304782353 568.609
1396563855.330554408 567.414
1396563855.347270599 566.615
1396563855.365408497 565.814
1396563855.383701955 565.011
1396563855.399719318 564.207
1396563855.417824802 562.998
1396563855.437413245 562.19
1396563855.461046319 560.975
1396563855.478699112 560.163
1396563855.495641027 559.35
1396563855.513035351 558.127
1396563855.529892319 557.311
1396563855.548474172 556.493
1396563855.565463210 555.674
1396563855.591425512 554.443
1396563855.610197021 553.209
1396563855.627801810 552.385
1396563855.645535685 551.56
1396563855.662940846 550.734
1396563855.681905157 549.494
1396563855.699037870 548.665
1396563855.723642737 547.421
1396563855.741027265 546.591
1396563855.757412378 545.759
1396563855.775520513 544.927
1396563855.793409187 543.678
1396563855.811071970 542.844
1396563855.827818037 542.01
1396563855.853477322 540.757
1396563855.872336230 539.921
1396563855.896428362 538.248
1396563855.913968785 537.411
1396563855.931476254 536.573
1396563855.949516610 535.736
1396563855.971938172 534.478
1396563855.990286837 533.639
1396563856.008691610 532.381
1396563856.026855590 531.542
1396563856.043955388 530.703
1396563856.059693584 529.864
1396563856.077667674 529.024
1396563856.100813296 527.765
1396563856.119136257 526.926
1396563856.136892871 525.667
1396563856.153818241 524.828
1396563856.171152371 523.99
1396563856.189468366 523.151
1396563856.207332971 522.313
1396563856.232035785 521.056
1396563856.249694711 519.8
1396563856.267342823 518.963
1396563856.284436013 518.127
1396563856.301566218 517.291
1396563856.318812855 516.455
1396563856.336816912 515.203
1396563856.362570166 513.953
1396563856.382207774 513.12
1396563856.397418476 512.288
1396563856.415705454 511.456
1396563856.446586015 509.796
1396563856.464891876 508.553
1396563856.489897015 507.312
1396563856.510299295 506.486
1396563856.527696547 505.661
1396563856.545940492 504.425
1396563856.564436305 503.603
1396563856.582430145 502.782
1396563856.608714869 501.143
1396563856.625954170 500.325
1396563856.643915048 499.509
1396563856.662695526 498.694
1396563856.680942376 497.474
1396563856.701472552 496.663
1396563856.719811956 495.853
1396563856.745944867 494.238
1396563856.763812926 493.432
1396563856.782567899 492.629
1396563856.801065033 491.427
1396563856.819313836 490.627
1396563856.838956502 489.83
1396563856.864841514 488.24
1396563856.883754001 487.447
1396563856.901323055 486.657
1396563856.919642447 485.869
1396563856.937305726 484.69
1396563856.955933881 483.907
1396563856.974374619 483.126
1396563856.999870654 481.958
1396563857.018652420 480.794
1396563857.036980863 480.022
1396563857.055630946 479.251
1396563857.074283419 478.099
1396563857.094454745 477.333
1396563857.120756637 475.81
1396563857.138899963 475.051
1396563857.155858476 474.294
1396563857.173509566 473.54
1396563857.192733722 472.412
1396563857.210858927 471.663
1396563857.231000576 470.917
1396563857.255497201 469.801
1396563857.273006369 468.69
1396563857.292864227 467.953
1396563857.311929195 467.218
1396563857.331561873 466.12
1396563857.350407389 465.391
1396563857.376103239 463.94
1396563857.395190618 463.218
1396563857.414999792 462.498
1396563857.433189285 461.424
1396563857.451622762 460.71
1396563857.469338061 459.999
1396563857.488086873 459.291
1396563857.514587576 457.881
1396563857.534376812 457.179
1396563857.551111541 456.481
1396563857.568780653 455.437
1396563857.587631019 454.744
1396563857.606837560 454.054
1396563857.632993101 452.681
1396563857.650761097 451.999
1396563857.669422995 451.319
1396563857.688793521 450.303
1396563857.706482990 449.629
1396563857.726445531 448.958
1396563857.745284067 447.956
1396563857.771333702 446.959
1396563857.791896427 446.298
1396563857.810315162 445.311
1396563857.828065719 444.656
1396563857.846591501 444.004
1396563857.864704621 443.03
1396563857.890728038 442.063
1396563857.908828871 441.421
1396563857.926383317 440.782
1396563857.946007389 439.827
1396563857.963474431 439.195
1396563857.982386147 438.565
1396563858.001649376 437.624
1396563858.027640403 436.69
1396563858.046484085 436.07
1396563858.064623286 435.146
1396563858.083620794 434.533
1396563858.102529540 433.922
1396563858.121832215 433.011
1396563858.148484087 432.106
1396563858.165000649 431.506
1396563858.182834334 430.908
1396563858.200697697 430.017
1396563858.217578070 429.426
1396563858.235808697 428.837
1396563858.254297231 428.252
1396563858.280840882 427.378
1396563858.299177437 426.51
1396563858.317126237 425.935
1396563858.337332103 425.077
1396563858.355759730 424.508
1396563858.374750276 423.942
1396563858.401497567 422.817
1396563858.419366232 422.257
1396563858.437587120 421.7
1396563858.455941046 421.145
1396563858.474311558 420.317
1396563858.494513375 419.768
1396563858.512534050 418.947
1396563858.537843223 418.131
1396563858.555645014 417.589
1396563858.574459163 417.049
1396563858.593129771 416.242
1396563858.611741223 415.706
1396563858.630822579 415.172
1396563858.657043212 414.108
1396563858.674616637 413.578
1396563858.692071555 413.05
1396563858.710572066 412.523
1396563858.729428008 411.735
1396563858.747811926 411.211
1396563858.766321259 410.688
1396563858.791818269 409.906
1396563858.810520122 409.127
1396563858.827811316 408.608
1396563858.846323226 408.09
1396563858.865432305 407.316
1396563858.883427057 406.8
1396563858.901515635 406.285
1396563858.926460794 405.513
1396563858.945549061 404.743
1396563858.965008092 404.23
1396563858.982331196 403.718
1396563859.000963071 402.95
1396563859.019827712 402.439
1396563859.047674524 401.672
1396563859.073685347 400.906
1396563859.093327646 400.14
1396563859.111893548 399.629
1396563859.131643906 398.863
1396563859.149329048 398.352
1396563859.173181551 397.585
1396563859.191192760 397.073
1396563859.208874428 396.305
1396563859.227425496 395.793
1396563859.245422755 395.28
1396563859.262569690 394.767
1396563859.280773925 393.995
1396563859.306830395 393.223
1396563859.324069321 392.707
1396563859.342640661 392.19
1396563859.360743121 391.414
1396563859.378821476 390.895
1396563859.397332403 390.375
1396563859.423653754 389.854
1396563859.442496164 388.809
1396563859.461427570 388.285
1396563859.479816953 387.76
1396563859.497069977 386.969
1396563859.515736167 386.441
1396563859.534798150 385.911
1396563859.559826059 385.113
1396563859.577884515 384.311
1396563859.597394590 383.775
1396563859.615801360 383.237
1396563859.634941314 382.427
1396563859.651940495 381.885
1396563859.670094768 381.341
1396563859.695075005 380.521
1396563859.712948934 379.696
1396563859.730921625 379.144
1396563859.749571122 378.59
1396563859.767458361 378.033
1396563859.787099991 377.194
1396563859.810697494 376.35
1396563859.827827328 375.784
1396563859.845672889 375.216
1396563859.862964557 374.646
1396563859.880772032 373.785
1396563859.899415227 373.208
1396563859.917679662 372.628
1396563859.940960650 371.753
1396563859.958703680 371.167
1396563859.976741379 370.282
1396563859.995050840 369.689
1396563860.013443053 369.093
1396563860.032545254 368.494
1396563860.050302962 367.592
1396563860.075593072 366.683
1396563860.094662496 366.074
1396563860.116424534 365.156
1396563860.138968222 364.231
1396563860.158652827 363.612
1396563860.177302377 362.678
1396563860.203309271 361.738
1396563860.222272585 361.108
1396563860.241042311 360.158
1396563860.259525084 359.521
1396563860.275790520 358.882
1396563860.294937258 358.24
1396563860.321696188 356.949
1396563860.339795203 356.299
1396563860.360942223 355.319
1396563860.378314482 354.663
1396563860.397186719 354.005
1396563860.415493291 353.343
1396563860.434660239 352.347
1396563860.459656878 351.344
1396563860.478582066 350.673
1396563860.497522064 349.661
1396563860.515928813 348.983
1396563860.535000809 348.303
1396563860.553714083 347.277
1396563860.578613972 346.246
1396563860.598623237 345.556
1396563860.617653903 344.516
1396563860.635609024 343.819
1396563860.653496706 343.12
1396563860.671603884 342.418
1396563860.690853084 341.361
1396563860.715123166 340.299
1396563860.734847211 339.587
1396563860.752787732 338.515
1396563860.769724228 337.798
1396563860.789213302 337.078
1396563860.807664083 336.355
1396563860.834736097 334.903
1396563860.852791999 334.174
1396563860.870569603 333.442
1396563860.889040166 332.339
1396563860.907800537 331.601
1396563860.926358269 330.861
1396563860.944869862 329.746
1396563860.969571370 328.625
1396563860.989358749 327.876
1396563861.006238443 327.124
1396563861.023429375 326.37
1396563861.041789462 325.235
1396563861.059679842 324.475
1396563861.078435665 323.714
1396563861.103548812 322.567
1396563861.122435479 321.416
1396563861.141343070 320.645
1396563861.158862464 319.873
1396563861.176786149 318.711
1396563861.195811314 317.933
1396563861.220808284 316.763
1396563861.239503895 315.98
1396563861.257061164 314.801
1396563861.274669460 314.014
1396563861.293491920 313.224
1396563861.311813203 312.035
1396563861.329605831 311.241
1396563861.354585592 310.045
1396563861.371779260 309.246
1396563861.391268583 308.445
1396563861.408803339 307.24
1396563861.425545350 306.435
1396563861.443448844 305.629
1396563861.459926318 304.82
1396563861.487076804 303.605
1396563861.504655940 302.386
1396563861.521564589 301.572
1396563861.541498694 300.757
1396563861.558709385 299.94
1396563861.576516831 298.712
1396563861.601791414 297.481
1396563861.619655216 296.659
1396563861.637703553 295.836
1396563861.654529567 295.012
1396563861.670993651 294.186
1396563861.689680439 292.947
1396563861.707784766 292.119
1396563861.732701287 290.875
1396563861.750863277 290.045
1396563861.767865681 288.798
1396563861.786413363 287.966
1396563861.803408497 287.133
1396563861.821302591 286.299
1396563861.838033772 285.465
1396563861.861130348 284.212
1396563861.879606339 283.376
1396563861.898158404 282.121
1396563861.913937761 281.284
1396563861.931425405 280.446
1396563861.949479186 279.608
1396563861.966611016 278.769
1396563861.991195512 277.511
1396563862.009807076 276.252
1396563862.027363270 275.412
1396563862.046571923 274.572
1396563862.063745556 273.732
1396563862.081721512 272.472
1396563862.099238266 271.631
1396563862.122899715 270.371
1396563862.142180527 269.531
1396563862.159446605 268.691
1396563862.176850921 267.431
1396563862.193957543 266.591
1396563862.215243422 265.751
1396563862.240329937 264.073
1396563862.258677166 263.234
1396563862.275482728 262.395
1396563862.292719453 261.557
1396563862.309607202 260.72
1396563862.325489807 259.883
1396563862.343245020 259.046
1396563862.369001726 257.374
1396563862.386952916 256.54
1396563862.404362519 255.705
1396563862.421360054 254.872
1396563862.438720218 254.039
1396563862.455530062 253.207
1396563862.472921130 251.961
1396563862.498558432 250.716
1396563862.515297642 249.888
1396563862.533425957 249.06
1396563862.551673308 248.234
1396563862.567980317 246.996
1396563862.586728783 246.172
1396563862.605053186 245.349
1396563862.631218840 244.117
1396563862.649587993 242.888
1396563862.667343056 242.07
1396563862.684976254 241.253
1396563862.701469777 240.438
1396563862.719341949 239.625
1396563862.737354902 238.407
1396563862.762986028 237.192
1396563862.779319814 236.384
1396563862.798642336 235.578
1396563862.815402345 234.773
1396563862.833922011 233.569
1396563862.851907390 232.769
1396563862.869289782 231.97
1396563862.893406345 230.776
1396563862.910298739 229.981
1396563862.926604241 229.189
1396563862.944590675 228.003
1396563862.961462490 227.215
1396563862.979257938 226.429
1396563862.997397980 225.644
1396563863.021411072 224.47
1396563863.038465259 223.69
1396563863.056493857 222.523
1396563863.073238250 221.748
1396563863.099721681 220.588
1396563863.117154659 219.817
1396563863.140941664 218.664
1396563863.158307828 217.898
1396563863.174676999 217.134
1396563863.192377133 215.991
1396563863.210669837 215.231
1396563863.228373932 214.473
1396563863.246672184 213.717
1396563863.271027216 212.587
1396563863.288997871 211.462
1396563863.306590819 210.714
1396563863.324234040 209.968
1396563863.341731414 209.224
1396563863.359481140 208.481
1396563863.376979619 207.372
1396563863.402732057 206.267
1396563863.420415079 205.533
1396563863.437880545 204.801
1396563863.454556774 204.071
1396563863.473248723 203.343
1396563863.497274903 201.893
1396563863.522651819 200.811
1396563863.539743609 200.093
1396563863.557427000 199.376
1396563863.575736929 198.662
1396563863.592864087 197.594
1396563863.611048069 196.885
1396563863.628399784 196.177
1396563863.651718708 195.121
1396563863.669618080 194.419
1396563863.685392346 193.719
1396563863.704521681 193.022
1396563863.728674496 191.633
1396563863.747272853 190.942
1396563863.765182832 190.254
1396563863.787489317 189.225
1396563863.807654576 188.542
1396563863.829911178 187.521
1396563863.848945265 186.505
1396563863.865885242 185.831
1396563863.883166298 185.159
1396563863.905828098 184.155
1396563863.923255972 183.489
1396563863.942598036 182.824
1396563863.959699060 181.832
1396563863.977585771 181.173
1396563863.996691708 180.517
1396563864.015336650 179.862
1396563864.039312817 178.885
1396563864.056953782 177.913
1396563864.074464027 177.268
1396563864.091762495 176.625
1396563864.109735008 175.984
1396563864.127817969 175.028
1396563864.145555973 174.393
1396563864.171188395 173.445
1396563864.190045436 172.815
1396563864.207444592 172.189
1396563864.224545732 171.253
1396563864.242301538 170.632
1396563864.262207872 170.013
1396563864.292804000 168.783
1396563864.311455258 168.171
1396563864.327545447 167.562
1396563864.345433488 166.652
1396563864.363029804 166.049
1396563864.380369181 165.448
1396563864.397467786 164.849
1396563864.421007484 163.956
1396563864.438651675 163.364
1396563864.456908892 162.479
1396563864.473331987 161.893
1396563864.491688966 161.309
1396563864.509803972 160.727
1396563864.528381771 159.859
1396563864.553771064 158.997
1396563864.571478736 158.425
1396563864.588977758 157.856
1396563864.606483165 157.289
1396563864.623465342 156.725
1396563864.641537883 155.883
1396563864.659190872 155.325
1396563864.683214813 154.492
1396563864.702090167 153.94
1396563864.717316783 153.391
1396563864.734440795 152.844
1396563864.752703475 152.028
1396563864.770460513 151.488
1396563864.789115343 150.949
1396563864.811844438 150.147
1396563864.828838548 149.616
1396563864.845569968 149.086
1396563864.861359097 148.56
1396563864.878600227 148.036
1396563864.896852483 147.255
1396563864.914742932 146.737
1396563864.939361171 145.966
1396563864.958225184 145.455
1396563864.974450405 144.946
1396563864.990984951 144.44
1396563865.009804828 143.686
1396563865.026595140 143.187
1396563865.044279365 142.69
1396563865.069352906 141.95
1396563865.089266463 141.216
1396563865.106770250 140.73
1396563865.123956708 140.246
1396563865.140187753 139.765
1396563865.157871688 139.287
1396563865.183337577 138.811
1396563865.201334413 137.868
1396563865.219718982 137.401
1396563865.237342940 136.936
1396563865.254450385 136.474
1396563865.271733097 136.014
1396563865.289492743 135.33
1396563865.314460784 134.652
1396563865.331285917 134.203
1396563865.349401819 133.757
1396563865.365598907 133.314
1396563865.382534696 132.873
1396563865.401936925 132.218
1396563865.419136397 131.784
1396563865.442336973 131.138
1396563865.459259809 130.712
1396563865.476218023 130.287
1396563865.494481636 129.866
1396563865.512646029 129.239
1396563865.530155386 128.825
1396563865.548248047 128.413
1396563865.573591995 127.801
1396563865.590612851 127.396
1396563865.607341328 126.994
1396563865.625826526 126.396
1396563865.643342092 126.001
1396563865.660719193 125.609
1396563865.678526139 125.22
1396563865.703509773 124.641
1396563865.721200781 124.068
1396563865.739576642 123.69
1396563865.758324297 123.315
1396563865.774938385 122.942
1396563865.793793964 122.389
1396563865.812249897 122.023
1396563865.835705041 121.48
1396563865.853348134 121.122
1396563865.870449426 120.767
1396563865.887448569 120.414
1396563865.905213658 119.89
1396563865.924190456 119.545
1396563865.941341354 119.202
1396563865.965892052 118.694
1396563865.981393396 118.358
1396563865.998642166 118.026
1396563866.015006501 117.696
1396563866.033489723 117.207
1396563866.050493590 116.884
1396563866.069283311 116.564
1396563866.093384742 116.091
1396563866.110949923 115.778
1396563866.128881684 115.315
1396563866.147281760 115.01
1396563866.164490507 114.708
1396563866.181715214 114.408
1396563866.207341810 114.112
1396563866.225474933 113.528
1396563866.242945682 113.24
1396563866.260195900 112.956
1396563866.277215757 112.674
1396563866.295702858 112.395
1396563866.315880091 111.982
1396563866.340591585 111.576
1396563866.358578610 111.309
1396563866.375533244 111.045
1396563866.392779158 110.654
1396563866.410778978 110.398
1396563866.427512941 110.144
1396563866.443637502 109.893
1396563866.467785310 109.522
1396563866.485217584 109.279
1396563866.503143027 109.038
1396563866.520755814 108.683
1396563866.538797841 108.45
1396563866.555755645 108.22
1396563866.572123553 107.993
1396563866.596103949 107.658
1396563866.613676205 107.438
1396563866.631017402 107.222
1396563866.649420366 106.902
1396563866.667217623 106.693
1396563866.899762029 103.998
1396563866.917337988 103.835
1396563866.933215149 103.676
1396563866.951820629 103.519
1396563866.977668143 103.215
1396563866.995381660 103.068
1396563867.013502601 102.924
1396563867.030452707 102.782
1396563867.047687336 102.576
1396563867.065568140 102.442
1396563867.083003368 102.312
1396563867.109425775 102.121
1396563867.125338430 101.998
1396563867.142510229 101.878
1396563867.159911474 101.761
1396563867.177332536 101.591
1396563867.195550900 101.482
1396563867.213706922 101.375
1396563867.236830936 101.221
1396563867.254582479 101.123
1396563867.271313099 101.027
1396563867.289124629 100.889
1396563867.307319080 100.801
1396563867.325130580 100.716
1396563867.341827009 100.634
1396563867.364735619 100.517
1396563867.382527966 100.443
1396563867.400704784 100.337
1396563867.417874815 100.27
1396563867.434875513 100.207
1396563867.453712013 100.146
1396563867.470333046 100.088
1396563867.495331751 100.008
1396563867.512689637 99.934
1396563867.530011062 99.889
1396563867.548189669 99.847
1396563867.565206869 99.808
1396563867.582593011 99.772
1396563867.599374551 99.739
1396563867.623175855 99.695
1396563867.641375031 99.658
1396563867.658894376 99.637
1396563867.677085442 99.62
1396563867.694849186 99.605
1396563867.713247803 99.589
1396563867.729377353 99.582
1396563867.755248258 99.577
1396563867.773966370 99.578
1396563867.789203793 99.582
1396563867.806711725 99.589
1396563867.824316139 99.605
1396563867.842438454 99.619
1396563867.859593727 99.637
1396563867.883381085 99.669
1396563867.903319718 99.694
1396563867.920973737 99.738
1396563867.937839645 99.771
1396563867.955196220 99.807
1396563867.973794727 99.846
1396563867.997983330 99.888
1396563868.014486129 99.957
1396563868.032779562 100.033
1396563868.051272524 100.087
1396563868.067115428 100.145
1396563868.085400498 100.205
1396563868.104047794 100.302
1396563868.129690091 100.405
1396563868.148466236 100.478
1396563868.165520742 100.553
1396563868.181931563 100.632
1396563868.199552473 100.714
1396563868.217692615 100.843
1396563868.235253130 100.932
1396563868.259902187 101.072
1396563868.277687735 101.169
1396563868.295524122 101.27
1396563868.313697555 101.426
1396563868.331873375 101.533
1396563868.350474585 101.644
1396563868.367415218 101.758
1396563868.391083474 101.935
1396563868.409016390 102.118
1396563868.427117936 102.244
1396563868.445354249 102.374
1396563868.461394430 102.506
1396563868.477465924 102.641
1396563868.495940877 102.849
1396563868.522514882 103.065
1396563868.541942250 103.212
1396563868.558470818 103.362
1396563868.575884565 103.594
1396563868.593512756 103.751
1396563868.611642736 103.912
1396563868.629329775 104.076
1396563868.654992772 104.328
1396563868.671799836 104.586
1396563868.690721392 104.762
1396563868.709388972 104.942
1396563868.726621927 105.124
1396563868.742773926 105.309
1396563868.769125376 105.688
1396563868.786307326 105.882
1396563868.803864937 106.079
1396563868.821272298 106.279
1396563868.837690114 106.482
1396563868.855119618 106.688
1396563868.873204406 107.003
1396563868.898577819 107.325
1396563868.915740924 107.543
1396563868.933329207 107.764
1396563868.950139178 107.988
1396563868.968238785 108.329
1396563868.985773968 108.561
1396563869.003218953 108.795
1396563869.025704461 109.153
1396563869.043705379 109.394
1396563869.061243179 109.639
1396563869.078372866 109.887
1396563869.096739958 110.264
1396563869.114616627 110.52
1396563869.131426072 110.778
1396563869.153696479 111.17
1396563869.171324620 111.436
1396563869.187694979 111.705
1396563869.207767888 111.976
1396563869.223363078 112.25
1396563869.242700489 112.667
1396563869.259490135 112.949
1396563869.281759060 113.377
1396563869.299187158 113.666
1396563869.318272585 113.958
1396563869.335333778 114.253
1396563869.352760009 114.701
1396563869.369780806 115.003
1396563869.387136842 115.308
1396563869.412777973 115.771
1396563869.431488739 116.083
1396563869.448956823 116.557
1396563869.466509601 116.877
1396563869.483361262 117.199
1396563869.502264537 117.524
1396563869.518819609 117.853
1396563869.543521488 118.35
1396563869.561232258 118.854
1396563869.579315047 119.194
1396563869.597034812 119.537
1396563869.614885042 119.882
1396563869.632850021 120.406
1396563869.650588735 120.758
1396563869.675244299 121.293
1396563869.693195158 121.652
1396563869.710625710 122.015
1396563869.728740949 122.564
1396563869.745275359 122.934
1396563869.763341203 123.306
1396563869.781300944 123.681
1396563869.807322239 124.25
1396563869.824466611 124.824
1396563869.842464356 125.211
1396563869.859468313 125.6
1396563869.876220453 125.992
1396563869.893718251 126.387
1396563869.917844081 126.785
1396563869.934370336 127.387
1396563869.953129680 127.995
1396563869.969989264 128.403
1396563869.987738710 128.815
1396563870.005385038 129.23
1396563870.021282122 129.647
1396563870.045692091 130.067
1396563870.062488021 130.702
1396563870.079737724 131.343
1396563870.097868513 131.774
1396563870.117485687 132.207
1396563870.135029188 132.644
1396563870.152514282 133.304
1396563870.177609273 133.969
1396563870.195359175 134.417
1396563870.215074785 134.867
1396563870.232477963 135.547
1396563870.251803284 136.004
1396563870.267492889 136.463
1396563870.285176556 136.925
1396563870.312119862 137.623
1396563870.329502624 138.328
1396563870.347195002 138.8
1396563870.364377821 139.276
1396563870.381240688 139.754
1396563870.398912647 140.235
1396563870.416837621 140.961
1396563870.441779471 141.693
1396563870.459108964 142.185
1396563870.475484475 142.679
1396563870.493042648 143.175
1396563870.509360683 143.675
1396563870.526869433 144.177
1396563870.546091830 144.934
1396563870.569280715 145.698
1396563870.587165915 146.21
1396563870.605179978 146.725
1396563870.621212395 147.243
1396563870.637212117 147.763
1396563870.654915187 148.285
1396563870.672988293 149.074
1396563870.699205499 149.869
1396563870.716621358 150.402
1396563870.733227166 150.937
1396563870.750333523 151.475
1396563870.769178936 152.287
1396563870.786700985 152.831
1396563870.805176600 153.378
1396563870.828239606 154.203
1396563870.846298891 154.756
1396563870.863326791 155.312
1396563870.880669066 156.15
1396563870.897913442 156.712
1396563870.917357172 157.276
1396563870.941552843 157.843
1396563870.960302911 158.984
1396563870.977358997 159.558
1396563870.995510521 160.135
1396563871.014020024 160.714
1396563871.030749754 161.295
1396563871.048870797 162.172
1396563871.074185872 163.055
1396563871.092374188 163.646
1396563871.110483180 164.239
1396563871.127852850 165.134
1396563871.144954302 165.734
1396563871.162995714 166.336
1396563871.179496058 166.941
1396563871.204891217 167.852
1396563871.222173390 168.462
1396563871.463629843 169.075
1396563871.493510210 179.195
1396563871.510973187 179.847
1396563871.528839129 180.829
1396563871.545299127 181.487
1396563871.563577335 182.147
1396563871.588756267 183.141
1396563871.606434886 183.806
1396563871.624563322 184.808
1396563871.642474224 185.479
1396563871.659283949 186.152
1396563871.675544071 186.827
1396563871.694604298 187.505
1396563871.719618472 188.525
1396563871.736316567 189.551
1396563871.753571152 190.237
1396563871.772616101 190.926
1396563871.975956989 191.616
1396563872.002602799 201.15
1396563872.020043616 201.871
1396563872.037040826 202.595
1396563872.054984747 203.32
1396563872.071344870 204.048
1396563872.096732227 205.509
1396563872.114956709 206.243
1396563872.131412103 206.978
1396563872.148685480 207.716
1396563872.165325080 208.455
1396563872.182410827 209.197
1396563872.200675245 210.313
1396563872.226163290 211.433
1396563872.243803196 212.183
1396563872.261264447 212.934
1396563872.279912966 213.687
1396563872.294965353 214.442
1396563872.312940266 215.579
1396563872.330248741 216.338
1396563872.354144978 217.482
1396563872.371223706 218.246
1396563872.387681557 219.013
1396563872.407303674 219.781
1396563872.425119646 220.937
1396563872.443818104 221.71
1396563872.459474118 222.485
1396563872.482578774 223.65
1396563872.500689271 224.43
1396563872.517346276 225.211
1396563872.534489986 225.994
1396563872.550758158 226.778
1396563872.569947200 227.958
1396563872.587167541 228.747
1396563872.610307116 229.934
1396563872.626929030 230.728
1396563872.645654393 231.523
1396563872.667652632 232.32
1396563872.687758476 233.518
1396563872.714309633 235.122
1396563872.738764626 236.329
1396563872.755041946 237.136
1396563872.772637519 237.945
1396563872.791741179 238.754
1396563872.809165833 239.972
1396563872.827269889 240.785
1396563872.846565946 241.6
1396563872.870932670 242.825
1396563872.889173505 244.053
1396563872.907156964 244.873
1396563872.923407538 245.694
1396563872.941288513 246.516
1396563872.958571305 247.34
1396563872.976196659 248.577
1396563873.001652047 249.816
1396563873.019160827 250.644
1396563873.035784338 251.472
1396563873.054407650 252.302
1396563873.071156970 253.132
1396563873.088408839 254.379
1396563873.106783928 255.211
1396563873.131676497 256.461
1396563873.148779561 257.294
1396563873.165186964 258.129
1396563873.181179691 258.964
1396563873.201308648 259.8
1396563873.217596785 261.054
1396563873.235462336 261.891
1396563873.614004899 263.147
1396563873.643488526 283.266
1396563873.660711014 284.101
1396563873.677168714 284.935
1396563873.694599441 285.769
1396563873.713746145 287.018
1396563873.729707630 287.85
1396563873.747185673 288.682
1396563873.786540369 290.756
1396563873.806973483 291.585
1396563873.825690455 292.825
1396563873.844143341 293.651
1396563873.862033686 294.476
1396563873.888267190 295.712
1396563873.907048341 296.944
1396563873.926217470 297.765
1396563873.944529596 298.993
1396563873.961683535 299.81
1396563873.980360262 300.627
1396563873.998534314 301.441
1396563874.025306202 302.661
1396563874.042901663 303.877
1396563874.061283452 304.686
1396563874.078527908 305.493
1396563874.097570532 306.701
1396563874.116150885 307.505
1396563874.142178609 308.306
1396563874.159731992 309.904
1396563874.178461184 310.701
1396563874.198668994 311.496
1396563874.217150841 312.684
1396563874.234649264 313.474
1396563874.253244558 314.262
1396563874.276825659 315.44
1396563874.294797620 316.223
1396563874.313022564 317.394
1396563874.330897159 318.172
1396563874.347702128 318.947
1396563874.366477314 319.721
1396563874.384542906 320.877
1396563874.409957890 322.028
1396563874.427614517 322.793
1396563874.448588877 323.937
1396563874.465967553 324.696
1396563874.483088002 325.454
1396563874.503481849 326.209
1396563874.529313006 327.712
1396563874.547968651 328.461
1396563874.566244807 329.207
1396563874.584523869 330.322
1396563874.603330336 331.063
1396563874.622587327 331.801
1396563874.641292372 332.904
1396563874.666583168 334.001
1396563874.685354986 334.73
1396563874.704311123 335.818
1396563874.722208387 336.541
1396563874.739399779 337.261
1396563874.757379710 337.979
1396563874.784490478 339.408
1396563874.804087688 340.118
1396563874.822457703 340.826
1396563874.842460157 341.884
1396563874.860657335 342.586
1396563874.878313725 343.285
1396563874.897459480 344.33
1396563874.923416775 345.369
1396563874.942336644 346.059
1396563874.962023947 347.089
1396563874.979376011 347.772
1396563874.998464902 348.453
1396563875.017028622 349.47
1396563875.044752212 350.481
1396563875.061327855 351.152
1396563875.079729048 351.82
1396563875.098953133 352.818
1396563875.117398828 353.479
1396563875.137155648 354.467
1396563875.155335583 355.123
1396563875.181362207 356.101
1396563875.200913051 357.074
1396563875.218830674 357.719
1396563875.237205864 358.362
1396563875.256830221 359.321
1396563875.274852431 359.957
1396563875.299627749 360.907
1396563875.318599571 361.536
1396563875.337275654 362.476
1396563875.354892691 363.099
1396563875.375468183 363.719
1396563875.393394149 364.645
1396563875.422170477 365.259
1396563875.440451284 366.479
1396563875.458577945 367.085
1396563875.477158327 367.688
1396563875.495582009 368.289
1396563875.514334001 369.186
1396563875.532203276 369.78
1396563875.556735727 370.667
1396563875.575091102 371.255
1396563875.592931622 372.132
1396563875.611698403 372.713
1396563875.630236793 373.291
1396563875.648916708 374.154
1396563875.666899129 374.726
1396563875.693531011 375.579
1396563875.712786866 376.427
1396563875.730608516 376.989
1396563875.747778238 377.549
1396563875.766578729 378.107
1396563875.784515033 378.939
1396563875.810475871 379.767
1396563875.829327622 380.316
1396563875.848451119 381.136
1396563875.866948677 381.68
1396563875.886242896 382.223
1396563875.905538813 383.033
1396563875.924995835 383.571
1396563875.949326920 384.375
1396563875.967644462 384.909
1396563875.985702103 385.706
1396563876.005199608 386.236
1396563876.022496716 386.765
1396563876.041198163 387.556
1396563876.066421155 388.343
1396563876.082971493 388.867
1396563876.103597553 389.389
1396563876.122039001 390.171
1396563876.140078205 390.691
1396563876.158466089 391.21
1396563876.176574579 391.986
1396563876.201469563 392.761
1396563876.219292478 393.277
1396563876.239460209 393.792
1396563876.258469777 394.563
1396563876.276022054 395.076
1396563876.294657190 395.589
1396563876.321164338 396.614
1396563876.584423947 397.125
1396563876.612809444 405.824
1396563876.630572200 406.339
1396563876.649077046 407.112
1396563876.667447390 407.628
1396563876.683726030 408.146
1396563876.708642741 408.923
1396563876.727692558 409.443
1396563876.745757208 410.224
1396563876.763664817 410.746
1396563876.781346261 411.269
1396563876.800638837 412.056
1396563876.818963861 412.583
1396563876.843529482 413.375
1396563876.861156557 413.904
1396563876.878438632 414.435
1396563876.897693983 415.235
1396563876.917339668 415.77
1396563876.935566415 416.307
1396563876.961478793 417.385
1396563876.978715951 417.927
1396563876.998607358 418.47
1396563877.016659846 419.289
1396563877.035068500 419.838
1396563877.056683037 420.664
1396563877.074508954 421.218
1396563877.101073150 422.053
1396563877.119569184 422.612
1396563877.138171979 423.455
1396563877.155745878 424.02
1396563877.174613270 424.588
1396563877.194911420 425.444
1396563877.218362493 426.305
1396563877.237139705 426.883
1396563877.257413550 427.755
1396563877.275444433 428.339
1396563877.294344052 428.926
1396563877.312690587 429.812
1396563877.330445693 430.405
1396563877.354975526 431.301
1396563877.374035128 431.901
1396563877.392685939 432.504
1396563877.411804689 433.414
1396563877.431137981 434.023
1396563877.448561315 434.943
1396563877.474020495 435.868
1396563877.494629846 436.488
1396563877.513562590 437.423
1396563877.531600309 438.049
1396563877.549952444 438.679
1396563877.567504711 439.31
1396563877.586064295 440.263
1396563877.610957825 441.222
1396563877.630583386 441.864
1396563877.650058239 442.833
1396563877.667584428 443.482
1396563877.687844244 444.133
1396563877.713065143 445.444
1396563877.739069967 446.433
1396563877.758337452 447.097
1396563877.776587623 448.096
1396563877.794198149 448.765
1396563877.811505309 449.437
1396563877.830267625 450.112
1396563877.857132922 451.469
1396563877.875390854 452.151
1396563877.894374340 452.835
1396563877.913296808 453.867
1396563877.931526944 454.558
1396563877.950175230 455.251
1396563877.968378637 456.296
1396563877.993646575 457.347
1396563878.014178761 458.05
1396563878.032633535 459.109
1396563878.051193081 459.819
1396563878.070345344 460.531
1396563878.088379394 461.603
1396563878.113692457 462.681
1396563878.131568857 463.403
1396563878.150300458 464.127
1396563878.169435325 465.218
1396563878.187026417 465.948
1396563878.207435375 466.68
1396563878.225270485 467.783
1396563878.251521017 468.892
1396563878.270282788 469.634
1396563878.288830646 470.751
1396563878.308829491 471.499
1396563878.326433581 472.249
1396563878.344692620 473.378
1396563878.370320015 474.512
1396563878.388155228 475.271
1396563878.408984633 476.414
1396563878.426682243 477.177
1396563878.444768520 477.943
1396563878.463446066 478.712
1396563878.482083139 479.869
1396563878.507609184 481.03
1396563878.526216472 481.807
1396563878.544508490 482.977
1396563878.562639013 483.759
1396563878.580086589 484.543
1396563878.598461597 485.329
1396563878.624653666 486.908
1396563878.642834353 487.7
1396563878.660202122 488.494
1396563878.677181332 489.29
1396563878.694514257 490.088
1396563878.710930682 490.887
1396563878.732476665 492.089
1396563878.761375974 493.699
1396563878.778804116 494.505
1396563878.797210933 495.314
1396563878.813555278 496.124
1396563878.833233394 496.936
1396563878.849592009 498.156
1396563878.867164885 498.971
1396563878.891173003 500.196
1396563878.909011501 501.015
1396563878.924619008 501.835
1396563878.942648094 502.655
1396563878.960120681 503.889
1396563878.977369731 504.713
1396563878.995618235 505.538
1396563879.019439131 506.777
1396563879.038085870 507.605
1396563879.055178763 508.433
1396563879.072706540 509.678
1396563879.089569453 510.509
1396563879.107678930 511.34
1396563879.136087205 512.173
1396563879.159448240 513.84
1396563879.177553311 515.092
1396563879.195448155 515.927
1396563879.213559635 516.763
1396563879.230305214 517.6
1396563879.248588184 518.856
1396563879.273001591 520.112
1396563879.293058730 520.951
1396563879.310398341 521.79
1396563879.328371029 523.048
1396563879.345476945 523.888
