1396563829.368362994 278
1396563829.393414818 249
1396563829.418360125 255
1396563829.443384182 271
1396563829.468212614 283
1396563829.493234045 281
1396563829.519290141 263
1396563829.544243385 269
1396563829.569119492 296
1396563829.594056329 296
1396563829.619103898 296
1396563829.644105984 301
1396563829.668052031 295
1396563829.693979865 296
1396563829.718983165 296
1396563829.743984594 296
1396563829.768974859 297
1396563829.792937202 298
1396563829.818913938 301
1396563829.842801118 297
1396563829.868799347 313
1396563829.893789825 308
1396563829.918643671 312
1396563829.943692526 308
1396563829.967660601 288
1396563829.993670764 317
1396563830.017551049 316
1396563830.043558182 314
1396563830.068532839 319
1396563830.092534083 326
1396563830.118426972 324
1396563830.142403627 321
1396563830.168402059 319
1396563830.192478162 329
1396563830.218326776 307
1396563830.244385079 336
1396563830.268374151 310
1396563830.294253589 306
1396563830.318156983 342
1396563830.344129719 340
1396563830.368195913 344
1396563830.393147211 335
1396563830.419174692 328
1396563830.443029783 349
1396563830.469048681 347
1396563830.493049752 363
1396563830.518055356 347
1396563830.542927140 353
1396563830.567923070 354
1396563830.593939231 353
1396563830.617876369 365
1396563830.643896080 353
1396563830.668974054 359
1396563830.693771207 359
1396563830.718775630 312
1396563830.743659621 370
1396563830.769639558 325
1396563830.793649240 368
1396563830.818670700 371
1396563830.843552023 363
1396563830.868527783 376
1396563830.894564735 283
1396563830.918518311 377
1396563830.943393167 370
1396563830.968406413 368
1396563830.993538838 375
1396563831.018429768 349
1396563831.043301382 384
1396563831.069287887 385
1396563831.093358171 378
1396563831.118291932 357
1396563831.143150969 339
1396563831.168166600 391
1396563831.193171596 392
1396563831.218171046 395
1396563831.243142566 399
1396563831.268043933 346
1396563831.293051749 380
1396563831.318050027 398
1396563831.343080032 403
1396563831.367931033 400
1396563831.394021250 384
1396563831.418923548 385
1396563831.443977739 405
1396563831.468947480 409
1396563831.493919096 389
1396563831.518936261 389
1396563831.542773955 369
1396563831.568773479 390
1396563831.593789351 396
1396563831.618702653 384
1396563831.643720230 401
1396563831.667679563 375
1396563831.693784368 399
1396563831.717720679 358
1396563831.743526569 398
1396563831.767602668 414
1396563831.793596463 312
1396563831.819597759 410
1396563831.843470298 327
1396563831.869477935 396
1396563831.893443160 402
1396563831.919469520 370
1396563831.944362603 423
1396563831.968342942 365
1396563831.994353834 402
1396563832.018333323 335
1396563832.044366287 379
1396563832.068214521 445
1396563832.093198762 368
1396563832.119215502 410
1396563832.143144995 366
1396563832.169211045 380
1396563832.193090511 443
1396563832.219070565 367
1396563832.243147242 425
1396563832.267896806 375
1396563832.293889444 386
1396563832.317951840 426
1396563832.344048929 365
1396563832.368045313 462
1396563832.393044994 367
1396563832.417908166 387
1396563832.442963842 397
1396563832.468893592 380
1396563832.492763114 462
1396563832.518646785 378
1396563832.543728661 400
1396563832.568725300 398
1396563832.593577733 376
1396563832.618510670 438
1396563832.644513939 370
1396563832.668517124 389
1396563832.693534908 390
1396563832.718398582 376
1396563832.743387184 414
1396563832.768396494 376
1396563832.793248542 406
1396563832.818335088 391
1396563832.843276364 381
1396563832.868247687 387
1396563832.893275386 376
1396563832.918155360 416
1396563832.943687596 399
1396563832.969158606 384
1396563832.994014991 391
1396563833.019036145 377
1396563833.043997189 397
1396563833.069033907 404
1396563833.093915468 389
1396563833.117924103 392
1396563833.143873990 376
1396563833.168943110 396
1396563833.193896574 404
1396563833.218905858 414
1396563833.242758044 395
1396563833.268779759 373
1396563833.292659316 383
1396563833.318651715 405
1396563833.343662194 415
1396563833.368656143 388
1396563833.393534574 393
1396563833.417532919 379
1396563833.443515885 408
1396563833.467508460 397
1396563833.493396475 381
1396563833.518404499 405
1396563833.542480410 378
1396563833.568400795 412
1396563833.592612168 376
1396563833.618264228 401
1396563833.643270349 413
1396563833.668262272 387
1396563833.694156141 421
1396563833.718158364 369
1396563833.744216596 396
1396563833.768167874 403
1396563833.794110699 384
1396563833.819106366 434
1396563833.843061127 383
1396563833.869089965 401
1396563833.893079169 397
1396563833.918966157 381
1396563833.942937502 445
1396563833.967939102 370
1396563833.993908242 394
1396563834.017969926 369
1396563834.043958481 344
1396563834.067943401 454
1396563834.093819168 339
1396563834.118835242 402
1396563834.143704969 337
1396563834.169714663 355
1396563834.193692827 447
1396563834.219725790 351
1396563834.243562745 429
1396563834.268538148 357
1396563834.293566672 390
1396563834.318579584 426
1396563834.344570286 315
1396563834.368582878 441
1396563834.393400965 339
1396563834.418450776 392
1396563834.443612564 404
1396563834.468435774 378
1396563834.493329690 432
1396563834.519331669 314
1396563834.543187996 400
1396563834.568330156 404
1396563834.593221159 387
1396563834.618267341 411
1396563834.643167772 382
1396563834.668108106 408
1396563834.693204688 405
1396563834.718204697 384
1396563834.743077827 380
1396563834.768074441 380
1396563834.793075796 412
1396563834.817906649 408
1396563834.843910795 386
1396563834.868951208 397
1396563834.893950944 379
1396563834.918931738 411
1396563834.943905670 409
1396563834.968910584 384
1396563834.992777856 393
1396563835.018822941 380
1396563835.043648688 392
1396563835.068677329 397
1396563835.093686336 394
1396563835.117612901 334
1396563835.143651179 279
1396563835.167504274 279
1396563835.193486332 387
1396563835.218526497 392
1396563835.243525143 327
1396563835.269392243 316
1396563835.293392678 300
1396563835.319450741 375
1396563835.343469157 374
1396563835.369392539 357
1396563835.394324365 368
1396563835.418326566 280
1396563835.444217953 375
1396563835.468184372 366
1396563835.494142407 367
1396563835.518197370 374
1396563835.543200139 353
1396563835.569173605 368
1396563835.593009025 302
1396563835.619070219 357
1396563835.643068924 358
1396563835.669073824 354
1396563835.692936210 358
1396563835.717851372 353
1396563835.744053457 354
1396563835.767886262 355
1396563835.793942712 353
1396563835.817872120 358
1396563835.842842695 354
1396563835.867765162 346
1396563835.892766640 335
1396563835.918622657 330
1396563835.945674583 351
1396563835.968593660 341
1396563835.993701914 341
1396563836.018566162 328
1396563836.043665250 332
1396563836.068574031 330
1396563836.094573038 307
1396563836.118428643 325
1396563836.143408171 299
1396563836.168389575 316
1396563836.195155556 322
1396563836.218318115 311
1396563836.243325053 319
1396563836.268320274 318
1396563836.293347757 302
1396563836.318118212 310
1396563836.343174062 297
1396563836.368194521 315
1396563836.393167396 315
1396563836.419065661 304
1396563836.443997088 302
1396563836.469067343 297
1396563836.494068476 302
1396563836.518923157 297
1396563836.543922874 301
1396563836.567945915 297
1396563836.593931382 295
1396563836.618944032 303
1396563836.643963193 295
1396563836.668945530 296
1396563836.692793583 296
1396563836.718742792 295
1396563836.742759255 279
1396563836.768692883 287
1396563836.793684390 296
1396563836.818671402 283
1396563836.843617595 290
1396563836.867487815 274
1396563836.893690958 276
1396563836.917527326 273
1396563836.943495073 271
1396563836.968340707 269
1396563836.992387609 264
1396563837.018384172 282
1396563837.042385977 245
1396563837.068239104 266
1396563837.092334687 265
1396563837.118249226 254
1396563837.144313085 258
1396563837.168315830 237
1396563837.194186606 258
1396563837.218172869 256
1396563837.244147036 237
1396563837.269128318 255
1396563837.293055687 241
1396563837.319036202 251
1396563837.343067171 247
1396563837.368980437 245
1396563837.392923517 245
1396563837.417941103 242
1396563837.443930507 242
1396563837.467917151 219
1396563837.493942723 238
1396563837.517868081 239
1396563837.543813680 234
1396563837.568760039 242
1396563837.593675905 235
1396563837.619675999 238
1396563837.643645960 240
1396563837.669600651 237
1396563837.693575201 238
1396563837.718541375 234
1396563837.743570864 233
1396563837.768571767 234
1396563837.794505805 234
1396563837.818563000 236
1396563837.843426367 234
1396563837.868432802 227
1396563837.893411616 201
1396563837.918390422 198
1396563837.943260176 227
1396563837.969376599 210
1396563837.993308157 217
1396563838.018311100 190
1396563838.043306089 234
1396563838.068180206 216
1396563838.093126134 190
1396563838.118185686 214
1396563838.142190521 189
1396563838.168182456 207
1396563838.193049740 209
1396563838.218040872 208
1396563838.243060413 210
1396563838.268051650 253
1396563838.293914494 206
1396563838.317875596 204
1396563838.343937346 199
1396563838.368928843 204
1396563838.393910257 198
1396563838.418911943 202
1396563838.442860488 200
1396563838.468784256 193
1396563838.492806485 198
1396563838.518689809 172
1396563838.543679055 194
1396563838.567681903 196
1396563838.593689853 178
1396563838.617684549 190
1396563838.643557811 171
1396563838.667552349 201
1396563838.693535003 187
1396563838.719498591 184
1396563838.743542902 184
1396563838.769388281 185
1396563838.793421847 187
1396563838.819355308 186
1396563838.843376346 192
1396563838.868408811 181
1396563838.894282765 182
1396563838.918322394 184
1396563838.944392606 178
1396563838.968281699 178
1396563838.993249200 176
1396563839.018176507 176
1396563839.043100913 175
1396563839.069107377 187
1396563839.093311218 179
1396563839.119180369 176
1396563839.143058631 177
1396563839.168104547 176
1396563839.193028024 174
1396563839.218052461 172
1396563839.243929780 177
1396563839.267924784 178
1396563839.292928003 178
1396563839.317892946 175
1396563839.342928232 171
1396563839.367930488 172
1396563839.392873279 172
1396563839.418825084 172
1396563839.443795813 175
1396563839.468782304 172
1396563839.493678768 171
1396563839.518701140 173
1396563839.543637912 172
1396563839.568651986 175
1396563839.593695000 171
1396563839.618575879 172
1396563839.643526688 171
1396563839.668448702 146
1396563839.693528837 176
1396563839.717425506 142
1396563839.743418705 156
1396563839.768616535 136
1396563839.793384831 150
1396563839.818313470 164
1396563839.843277263 143
1396563839.869284058 160
1396563839.893234214 152
1396563839.919256274 142
1396563839.944152055 158
1396563839.969132174 138
1396563839.994174150 153
1396563840.018175623 149
1396563840.044109392 148
1396563840.068130990 155
1396563840.094010220 170
1396563840.118994675 154
1396563840.142997090 148
1396563840.169029773 152
1396563840.192836788 153
1396563840.218875240 149
1396563840.242858316 149
1396563840.268877399 146
1396563840.293905418 147
1396563840.317886755 148
1396563840.343705332 146
1396563840.367817254 148
1396563840.393662248 146
1396563840.417675630 148
1396563840.442612573 158
1396563840.468586897 145
1396563840.492603586 124
1396563840.518511711 143
1396563840.542563352 145
1396563840.568504286 145
1396563840.593415657 143
1396563840.618448173 143
1396563840.644416955 144
1396563840.668383869 153
1396563840.694346241 145
1396563840.718221649 142
1396563840.743262337 133
1396563840.768269831 137
1396563840.793316457 139
1396563840.819070338 138
1396563840.843089860 139
1396563840.868159911 140
1396563840.893153840 143
1396563840.918036041 132
1396563840.943044204 138
1396563840.968056934 140
1396563840.994037349 135
1396563841.019350010 138
1396563841.043909086 133
1396563841.068917505 139
1396563841.093862517 139
1396563841.118917498 163
1396563841.143843947 139
1396563841.168931297 131
1396563841.193852214 139
1396563841.218807254 138
1396563841.243800835 133
1396563841.268622292 138
1396563841.292661446 121
1396563841.318667859 141
1396563841.343665438 126
1396563841.368541749 134
1396563841.393563654 138
1396563841.418522192 133
1396563841.443558217 139
1396563841.467552409 133
1396563841.493408770 130
1396563841.518444592 131
1396563841.543355821 129
1396563841.568407015 138
1396563841.592428523 128
1396563841.618294031 129
1396563841.642250513 129
1396563841.668281335 128
1396563841.693278039 144
1396563841.718164532 127
1396563841.744169508 128
1396563841.768153209 128
1396563841.794164564 124
1396563841.818129513 134
1396563841.844016746 125
1396563841.869040191 136
1396563841.893041489 129
1396563841.919028550 127
1396563841.942842829 132
1396563841.968827240 127
1396563841.993222854 130
1396563842.017914552 129
1396563842.043912242 134
1396563842.067853717 129
1396563842.093711559 127
1396563842.117756946 131
1396563842.143726486 129
1396563842.168588103 129
1396563842.193585780 129
1396563842.219555276 128
1396563842.243569400 130
1396563842.269755380 129
1396563842.293534111 129
1396563842.318539786 122
1396563842.343531628 122
1396563842.368461975 122
1396563842.394398366 123
1396563842.418384673 124
1396563842.443429812 123
1396563842.468410374 121
1396563842.493356497 123
1396563842.518280219 122
1396563842.543275127 123
1396563842.569285207 123
1396563842.593240270 121
1396563842.618259815 122
1396563842.643154133 122
1396563842.668170422 128
1396563842.693155074 123
1396563842.718138989 123
1396563842.742982954 121
1396563842.767961692 123
1396563842.792971627 121
1396563842.818044854 120
1396563842.843015919 121
1396563842.867923630 119
1396563842.893914889 124
1396563842.918904551 120
1396563842.943903414 122
1396563842.968905109 124
1396563842.993866188 119
1396563843.018864648 122
1396563843.042731124 117
1396563843.068782174 122
1396563843.093769713 122
1396563843.118621523 120
1396563843.143650030 122
1396563843.167605311 117
1396563843.193593097 124
1396563843.217536151 119
1396563843.243565869 118
1396563843.267469018 124
1396563843.293453773 121
1396563843.319515035 116
1396563843.343402674 111
1396563843.369410206 119
1396563843.393412685 120
1396563843.419425792 112
1396563843.444329522 118
1396563843.468274815 115
1396563843.494283756 113
1396563843.518276293 115
1396563843.544250231 113
1396563843.568098774 118
1396563843.593167774 113
1396563843.619147703 113
1396563843.643149936 114
1396563843.669150571 113
1396563843.693031666 125
1396563843.718966138 113
1396563843.742997205 113
1396563843.768020741 114
1396563843.792888470 113
1396563843.817891548 116
1396563843.843840282 113
1396563843.867899598 121
1396563843.892872948 114
1396563843.917898201 112
1396563843.942918734 113
1396563843.967689695 114
1396563843.992678532 116
1396563844.018736395 114
1396563844.043594595 116
1396563844.068596793 113
1396563844.093539375 115
1396563844.118553086 114
1396563844.143597126 114
1396563844.168572201 113
1396563844.193506641 113
1396563844.218528907 113
1396563844.243399501 114
1396563844.268342909 114
1396563844.293394124 114
1396563844.317392620 113
1396563844.343420689 113
1396563844.368395622 112
1396563844.393201297 108
1396563844.418226025 108
1396563844.443290045 107
1396563844.469268726 107
1396563844.493111585 113
1396563844.519171711 108
1396563844.544069778 107
1396563844.569146519 107
1396563844.594047366 107
1396563844.618000189 107
1396563844.644032144 109
1396563844.667979239 108
1396563844.694022441 107
1396563844.718906805 116
1396563844.742884263 107
1396563844.768876549 110
1396563844.792894808 107
1396563844.818842403 107
1396563844.842891930 109
1396563844.868758260 107
1396563844.893750890 110
1396563844.917709664 107
1396563844.943585629 107
1396563844.967637135 107
1396563844.993605762 108
1396563845.017579998 111
1396563845.042497356 108
1396563845.068442431 109
1396563845.092490637 107
1396563845.118427479 114
1396563845.142357499 111
1396563845.168360564 107
1396563845.193385553 108
1396563845.218391482 108
1396563845.244385221 107
1396563845.268281827 107
1396563845.294283139 113
1396563845.318259845 107
1396563845.343211353 107
1396563845.368251793 107
1396563845.393124110 106
1396563845.419151507 107
1396563845.443141939 107
1396563845.468129675 113
1396563845.493116016 107
1396563845.518037230 107
1396563845.542986627 107
1396563845.568027060 107
1396563845.594017042 107
1396563845.618830343 107
1396563845.643886011 107
1396563845.668876926 107
1396563845.693884941 116
1396563845.718841297 107
1396563845.743909008 107
1396563845.768883421 107
1396563845.793766559 107
1396563845.818761488 107
1396563845.843638321 107
1396563845.868636648 116
1396563845.892922992 107
1396563845.918656745 107
1396563845.943627437 107
1396563845.968762224 107
1396563845.993478276 107
1396563846.018458519 101
1396563846.043505233 100
1396563846.066385675 99
1396563846.093392209 321
1396563846.118341005 107
1396563846.143376481 101
1396563846.168868423 100
1396563846.192253198 331
1396563846.218254931 345
1396563846.242258940 325
1396563846.268239508 107
1396563846.293077862 107
1396563846.318092442 349
1396563846.344129315 340
1396563846.368009873 347
1396563846.394130756 101
1396563846.417953085 100
1396563846.444005673 100
1396563846.469002462 100
1396563846.493003110 328
1396563846.518871991 101
1396563846.542879397 100
1396563846.568807804 100
1396563846.592746377 100
1396563846.617845874 107
1396563846.643826448 101
1396563846.667752038 345
1396563846.694140104 107
1396563846.717781011 116
1396563846.743750376 330
1396563846.768637291 107
1396563846.793649224 107
1396563846.819629470 100
1396563846.843497415 101
1396563846.869464578 346
1396563846.893483671 103
1396563846.918507509 347
1396563846.943497268 343
1396563846.968450393 100
1396563846.994377524 344
1396563847.018370746 104
1396563847.043316909 346
1396563847.068375193 102
1396563847.093184208 347
1396563847.118261870 350
1396563847.143247332 101
1396563847.169248959 343
1396563847.192267312 96
1396563847.218189138 330
1396563847.243125104 342
1396563847.267125080 99
1396563847.293121486 313
1396563847.317020155 96
1396563847.342986787 339
1396563847.366972376 94
1396563847.392010942 96
1396563847.418003395 339
1396563847.442891841 103
1396563847.467875685 323
1396563847.493896233 278
1396563847.518872394 101
1396563847.543765434 346
1396563847.568877310 101
1396563847.593874262 349
1396563847.618753620 101
1396563847.641754688 95
1396563847.668752500 320
1396563847.693612780 108
1396563847.718555658 344
1396563847.742729040 95
1396563847.766625704 96
1396563847.793509507 333
1396563847.816499616 94
1396563847.843442367 341
1396563847.868500519 110
1396563847.893405299 101
1396563847.919316261 342
1396563847.942337367 94
1396563847.969374948 342
1396563847.992374373 95
1396563848.018247073 96
1396563848.043196475 95
1396563848.067243807 94
1396563848.094200395 344
1396563848.117102672 94
1396563848.143118752 96
1396563848.167116277 96
1396563848.192121400 94
1396563848.218117822 95
1396563848.243014146 336
1396563848.268000512 96
1396563848.292007626 96
1396563848.318926614 343
1396563848.341815684 94
1396563848.367868639 335
1396563848.391869017 96
1396563848.416869053 95
1396563848.443865301 343
1396563848.466872674 95
1396563848.492864921 328
1396563848.516799762 92
1396563848.542823315 334
1396563848.568796998 286
1396563848.591664666 95
1396563848.618693974 341
1396563848.642672194 97
1396563848.668717184 342
1396563848.693615724 285
1396563848.718442282 109
1396563848.744482764 347
1396563848.767470687 99
1396563848.793494000 341
1396563848.817473150 95
1396563848.842443060 95
1396563848.868366288 340
1396563848.892369510 96
1396563848.917368769 334
1396563848.942248181 90
1396563848.968234339 323
1396563848.993221797 331
1396563849.017219832 96
1396563849.043278008 338
1396563849.068068349 91
1396563849.094085874 339
1396563849.119048864 337
1396563849.143109890 96
1396563849.169136490 338
1396563849.193005057 92
1396563849.217995337 339
1396563849.242921236 90
1396563849.266984732 94
1396563849.293824475 340
1396563849.317872811 93
1396563849.342860771 328
1396563849.367875686 90
1396563849.391800170 91
1396563849.418858813 336
1396563849.441745718 93
1396563849.468734539 329
1396563849.492739244 94
1396563849.516534623 97
1396563849.543576942 342
1396563849.566620952 90
1396563849.593595320 339
1396563849.616609068 95
1396563849.641483510 96
1396563849.668433682 335
1396563849.692474385 349
1396563849.718506287 343
1396563849.741360266 95
1396563849.767370211 92
1396563849.793322765 330
1396563849.818362449 307
1396563849.844172558 320
1396563849.867240558 92
1396563849.893235771 95
1396563849.918218329 348
1396563849.942240186 95
1396563849.968238918 323
1396563849.992114569 95
1396563850.018132955 91
1396563850.042103812 91
1396563850.068043150 302
1396563850.093002332 265
1396563850.118002970 335
1396563850.141982208 95
1396563850.166963633 96
1396563850.193913145 330
1396563850.217890816 95
1396563850.243856007 337
1396563850.267865481 91
1396563850.292852794 91
1396563850.318879623 346
1396563850.342871089 96
1396563850.368738096 343
1396563850.392731219 96
1396563850.417690168 94
1396563850.442731342 90
1396563850.467619115 92
1396563850.491605587 94
1396563850.517604117 97
1396563850.543497384 320
1396563850.567494057 94
1396563850.592437014 96
1396563850.618506223 337
1396563850.642479015 98
1396563850.667362587 343
1396563850.693355300 296
1396563850.717353937 96
1396563850.743343210 341
1396563850.767245584 99
1396563850.792210715 343
1396563850.817203755 90
1396563850.842273250 302
1396563850.868173631 322
1396563850.892101994 92
1396563850.918107956 327
1396563850.943063215 85
1396563850.968102876 280
1396563850.994104053 330
1396563851.016981813 96
1396563851.043974459 339
1396563851.067868555 87
1396563851.092982385 299
1396563851.118891102 329
1396563851.141819514 93
1396563851.168866234 339
1396563851.191821002 97
1396563851.217874828 323
1396563851.242876362 94
1396563851.266849281 95
1396563851.293667805 339
1396563851.316720610 92
1396563851.342604305 90
1396563851.367614651 90
1396563851.392604505 90
1396563851.419603013 275
1396563851.442470033 91
1396563851.468476160 91
1396563851.492504393 90
1396563851.518470872 102
1396563851.543472400 302
1396563851.567466835 95
1396563851.593358730 95
1396563851.617367362 95
1396563851.642343796 91
1396563851.668206354 338
1396563851.693170036 339
1396563851.718170545 342
1396563851.743216800 103
1396563851.768228213 95
1396563851.793116201 285
1396563851.818029311 334
1396563851.842103307 90
1396563851.867093626 91
1396563851.892105804 91
1396563851.916966104 96
1396563851.942991537 332
1396563851.966923563 95
1396563851.991954286 95
1396563852.016828613 95
1396563852.041843898 96
1396563852.067778208 334
1396563852.092796156 95
1396563852.118858607 338
1396563852.142877585 97
1396563852.167715182 91
1396563852.193719229 342
1396563852.217751235 96
1396563852.242595269 343
1396563852.267604743 95
1396563852.292587749 94
1396563852.317607340 95
1396563852.343486931 101
1396563852.367423512 320
1396563852.393569390 101
1396563852.417474729 347
1396563852.443445793 100
1396563852.468326859 102
1396563852.493358702 292
1396563852.518301430 96
1396563852.543338040 337
1396563852.568327441 95
1396563852.592213090 97
1396563852.619203250 320
1396563852.643166978 98
1396563852.668216259 318
1396563852.693220008 91
1396563852.717077890 96
1396563852.744105092 340
1396563852.767094932 97
1396563852.792986077 342
1396563852.817967817 94
1396563852.842962250 266
1396563852.868943339 338
1396563852.891963145 96
1396563852.918912174 339
1396563852.942853314 329
1396563852.968092679 90
1396563852.993840121 338
1396563853.016837270 98
1396563853.043841937 341
1396563853.066774787 96
1396563853.091719586 95
1396563853.117714339 333
1396563853.141596385 95
1396563853.168838722 341
1396563853.191576560 97
1396563853.218668931 100
1396563853.243574312 100
1396563853.267479520 95
1396563853.293459303 328
1396563853.318409800 101
1396563853.344320816 100
1396563853.368350465 101
1396563853.393304491 100
1396563853.418335770 300
1396563853.442285754 95
1396563853.468335563 101
1396563853.493187458 101
1396563853.518212290 102
1396563853.543171633 297
1396563853.568194146 340
1396563853.593034259 101
1396563853.618074704 100
1396563853.643086763 101
1396563853.669064497 292
1396563853.694087470 100
1396563853.718921912 101
1396563853.743925895 109
1396563853.768941026 100
1396563853.793848218 100
1396563853.817885104 345
1396563853.843853651 101
1396563853.868768619 100
1396563853.893835929 100
1396563853.918827392 106
1396563853.942838505 343
1396563853.968690823 101
1396563853.992653372 344
1396563854.018590213 100
1396563854.043599811 101
1396563854.068567811 107
1396563854.093573479 101
1396563854.117529343 346
1396563854.143449039 107
1396563854.167456158 100
1396563854.193435876 346
1396563854.218355410 102
1396563854.242339659 345
1396563854.268280427 101
1396563854.292318204 332
1396563854.318333858 107
1396563854.342181007 107
1396563854.368207358 113
1396563854.394217104 101
1396563854.418190237 345
1396563854.444190186 107
1396563854.468015916 103
1396563854.494089445 337
1396563854.518067800 102
1396563854.543068844 336
1396563854.568954343 100
1396563854.591958545 97
1396563854.618957447 310
1396563854.641960308 98
1396563854.667761684 283
1396563854.691816022 94
1396563854.717835480 101
1396563854.743808167 330
1396563854.767854985 103
1396563854.793794630 337
1396563854.818749603 100
1396563854.843900726 107
1396563854.868717812 108
1396563854.893772762 107
1396563854.919595910 107
1396563854.943500066 110
1396563854.968553560 108
1396563854.993580128 108
1396563855.018451794 107
1396563855.043486413 108
1396563855.068400670 107
1396563855.093454717 108
1396563855.118451427 114
1396563855.143356910 107
1396563855.168332637 107
1396563855.193273928 108
1396563855.218325014 107
1396563855.243273070 107
1396563855.268103007 107
1396563855.293129559 107
1396563855.318148183 107
1396563855.343150115 107
1396563855.368021152 107
1396563855.392082487 107
1396563855.418073000 107
1396563855.443081396 107
1396563855.468027408 108
1396563855.492949463 108
1396563855.517970812 114
1396563855.543945634 108
1396563855.567936855 113
1396563855.593770785 108
1396563855.618765746 107
1396563855.643823001 107
1396563855.668805789 107
1396563855.692753330 107
1396563855.718735180 108
1396563855.742624323 115
1396563855.768606207 107
1396563855.793577463 107
1396563855.817606469 107
1396563855.843579862 109
1396563855.867521148 107
1396563855.893437655 107
1396563855.917472037 110
1396563855.943451585 108
1396563855.969452982 110
1396563855.993469709 107
1396563856.019245530 107
1396563856.043835592 108
1396563856.069318283 107
1396563856.093327217 112
1396563856.118308380 108
1396563856.144213654 114
1396563856.168608473 107
1396563856.194358555 113
1396563856.218144273 114
1396563856.243025465 107
1396563856.269079315 108
1396563856.293017233 107
1396563856.319021087 107
1396563856.342938724 115
1396563856.368969292 113
1396563856.392942211 109
1396563856.417904238 107
1396563856.443836023 108
1396563856.467797735 110
1396563856.493834623 107
1396563856.517832899 110
1396563856.542823384 113
1396563856.567821921 107
1396563856.592815978 109
1396563856.617830312 107
1396563856.642696815 113
1396563856.668698138 108
1396563856.693517211 107
1396563856.718590552 108
1396563856.743586218 108
1396563856.768574444 116
1396563856.794464957 113
1396563856.818455115 113
1396563856.843444664 115
1396563856.868440705 112
1396563856.893332400 115
1396563856.918331866 113
1396563856.943278883 121
1396563856.967287411 115
1396563856.993231502 113
1396563857.018149831 114
1396563857.043110690 112
1396563857.068093280 116
1396563857.093200061 114
1396563857.119000495 120
1396563857.142995590 113
1396563857.168977517 112
1396563857.194001781 115
1396563857.219013110 115
1396563857.244355602 113
1396563857.267840637 113
1396563857.293836141 113
1396563857.318024279 113
1396563857.343915617 114
1396563857.368768440 114
1396563857.392829363 112
1396563857.418815920 112
1396563857.442783686 111
1396563857.468795501 114
1396563857.492819185 115
1396563857.518688535 122
1396563857.543611604 118
1396563857.567591712 113
1396563857.593569090 120
1396563857.617567520 119
1396563857.643510593 112
1396563857.667582687 113
1396563857.692436546 118
1396563857.718439062 121
1396563857.742543898 123
1396563857.768454689 118
1396563857.792262036 120
1396563857.818285028 118
1396563857.844990230 122
1396563857.868320731 118
1396563857.894187737 121
1396563857.918126354 123
1396563857.945901421 121
1396563857.968163239 128
1396563857.993138930 121
1396563858.018984289 121
1396563858.043007995 122
1396563858.068966121 121
1396563858.092994206 131
1396563858.117936306 121
1396563858.142939361 130
1396563858.167944141 121
1396563858.193907804 121
1396563858.217806292 127
1396563858.243819523 118
1396563858.268771632 121
1396563858.293835847 117
1396563858.318731854 122
1396563858.343821771 127
1396563858.369695369 113
1396563858.393657376 120
1396563858.418506917 117
1396563858.443472229 118
1396563858.468641450 128
1396563858.493718912 124
1396563858.518337889 125
1396563858.543357536 107
1396563858.568419065 121
1396563858.593341883 123
1396563858.618362257 121
1396563858.643318438 131
1396563858.668251363 127
1396563858.693319578 129
1396563858.718302990 130
1396563858.743191100 127
1396563858.768195789 129
1396563858.793200573 127
1396563858.818180283 129
1396563858.842130560 131
1396563858.868012385 128
1396563858.893075103 136
1396563858.918056349 128
1396563858.943054841 129
1396563858.968333185 130
1396563858.993864088 128
1396563859.017936820 129
1396563859.043872784 127
1396563859.068834779 130
1396563859.093815152 132
1396563859.118800907 133
1396563859.142776415 129
1396563859.168825663 125
1396563859.192783001 131
1396563859.218814000 132
1396563859.243682318 131
1396563859.267630666 129
1396563859.293522800 130
1396563859.317548981 128
1396563859.343566380 132
1396563859.367513885 132
1396563859.393377896 133
1396563859.419427598 134
1396563859.443430638 127
1396563859.469398349 131
1396563859.493450931 130
1396563859.519305776 138
1396563859.543266021 134
1396563859.568262659 187
1396563859.594327035 136
1396563859.618158009 134
1396563859.644160609 133
1396563859.668130419 134
1396563859.693181597 135
1396563859.718054737 141
1396563859.743052917 171
1396563859.769016178 137
1396563859.793005001 139
1396563859.819200223 136
1396563859.842941396 143
1396563859.867904748 134
1396563859.892872437 138
1396563859.917878442 140
1396563859.945092639 136
1396563859.967756167 146
1396563859.992746715 135
1396563860.017760638 138
1396563860.042748683 137
1396563860.067718015 135
1396563860.092743700 148
1396563860.118629123 134
1396563860.143620931 143
1396563860.168634143 134
1396563860.193598268 135
1396563860.218513808 147
1396563860.243564010 134
1396563860.268546834 140
1396563860.293485311 133
1396563860.318427612 131
1396563860.343352433 145
1396563860.368417131 134
1396563860.393417328 146
1396563860.417403978 138
1396563860.443262069 144
1396563860.468236818 149
1396563860.493290942 124
1396563860.518239704 151
1396563860.543113650 140
1396563860.569118150 143
1396563860.593101238 147
1396563860.619069289 129
1396563860.643984742 149
1396563860.668990684 141
1396563860.694037830 146
1396563860.718253469 153
1396563860.743880485 141
1396563860.767895240 152
1396563860.793910705 148
1396563860.818899975 153
1396563860.842780657 154
1396563860.868782516 149
1396563860.892780716 139
1396563860.918814012 149
1396563860.942779999 153
1396563860.968792795 158
1396563860.993797601 153
1396563861.017702339 154
1396563861.043665926 153
1396563861.067807692 158
1396563861.093541442 158
1396563861.117546604 159
1396563861.142486077 155
1396563861.168531784 154
1396563861.192395007 161
1396563861.218410858 163
1396563861.242407710 164
1396563861.268362629 172
1396563861.293393582 172
1396563861.318275947 171
1396563861.344270023 179
1396563861.368289190 172
1396563861.394287964 171
1396563861.418146803 172
1396563861.443178225 172
1396563861.468161821 172
1396563861.493170282 171
1396563861.519147839 176
1396563861.542969710 173
1396563861.568013083 171
1396563861.593031943 174
1396563861.618039919 171
1396563861.642924646 172
1396563861.667844738 174
1396563861.693915836 177
1396563861.718909774 180
1396563861.743777330 179
1396563861.768764183 177
1396563861.793799866 180
1396563861.818733236 176
1396563861.843905085 181
1396563861.868791028 175
1396563861.893743974 177
1396563861.918650241 178
1396563861.943668364 175
1396563861.968559064 182
1396563861.992436912 176
1396563862.018478958 177
1396563862.043496471 177
1396563862.068484438 176
1396563862.093335973 187
1396563862.118353004 175
1396563862.143411332 182
1396563862.167426110 182
1396563862.193296108 180
1396563862.218218955 193
1396563862.243290746 182
1396563862.268256464 194
1396563862.292151339 191
1396563862.318124879 180
1396563862.342103979 194
1396563862.368108376 187
1396563862.393120267 198
1396563862.417969903 192
1396563862.443978810 192
1396563862.468034324 194
1396563862.493987777 177
1396563862.517988639 196
1396563862.543927312 198
1396563862.568888687 198
1396563862.592936520 202
1396563862.618855013 200
1396563862.642735165 202
1396563862.668739392 207
1396563862.692726948 208
1396563862.717729066 214
1396563862.743725690 204
1396563862.767726216 203
1396563862.793618562 210
1396563862.817650023 212
1396563862.843529954 211
1396563862.868514805 208
1396563862.893474344 210
1396563862.919679591 219
1396563862.943369370 225
1396563862.969338237 219
1396563862.993352008 206
1396563863.018365169 231
1396563863.043231499 216
1396563863.068209532 220
1396563863.094222548 223
1396563863.118282602 233
1396563863.143181013 234
1396563863.168151115 234
1396563863.193101750 234
1396563863.219157766 234
1396563863.243013819 236
1396563863.268944460 233
1396563863.292973730 234
1396563863.317960436 233
1396563863.342849830 247
1396563863.367843933 240
1396563863.393835614 237
1396563863.417851120 241
1396563863.442739386 235
1396563863.467763252 247
1396563863.492768671 242
1396563863.517750190 246
1396563863.542778806 253
1396563863.567713025 257
1396563863.593723307 250
1396563863.618655683 235
1396563863.643652143 253
1396563863.668531787 259
1396563863.693562086 252
1396563863.718456088 259
1396563863.743524774 265
1396563863.768398212 253
1396563863.793422724 258
1396563863.818410614 249
1396563863.843393440 267
1396563863.867297524 254
1396563863.893346096 259
1396563863.918208474 263
1396563863.943203293 255
1396563863.968199374 275
1396563863.993194336 253
1396563864.019086209 270
1396563864.043058756 271
1396563864.069132433 275
1396563864.094572306 282
1396563864.118957617 285
1396563864.143931365 288
1396563864.167928013 269
1396563864.193947053 292
1396563864.217808770 289
1396563864.243791293 293
1396563864.268797217 296
1396563864.292680759 296
1396563864.318701356 301
1396563864.342701864 296
1396563864.368681534 294
1396563864.392676546 303
1396563864.418677582 302
1396563864.443581944 300
1396563864.467576654 301
1396563864.493582167 298
1396563864.517452233 302
1396563864.543552688 306
1396563864.567523508 306
1396563864.592480366 308
1396563864.618319070 304
1396563864.642328975 306
1396563864.668310024 309
1396563864.692291770 312
1396563864.718160519 316
1396563864.743166486 312
1396563864.768179319 318
1396563864.794197434 326
1396563864.818070284 325
1396563864.844063687 323
1396563864.868057262 317
1396563864.893049345 310
1396563864.918071563 330
1396563864.942915274 335
1396563864.969665902 330
1396563864.993046253 326
1396563865.018021592 318
1396563865.042901861 349
1396563865.067838026 329
1396563865.092857450 354
1396563865.117824573 355
1396563865.143828735 353
1396563865.168719965 356
1396563865.193696034 353
1396563865.219175025 357
1396563865.243698542 355
1396563865.268709511 354
1396563865.293581654 363
1396563865.318593182 353
1396563865.343459481 360
1396563865.368466078 357
1396563865.393451309 335
1396563865.418457126 375
1396563865.443331078 308
1396563865.468309289 374
1396563865.493372236 285
1396563865.518390921 322
1396563865.543322872 383
1396563865.568211680 315
1396563865.593194336 382
1396563865.618184072 272
1396563865.643069205 349
1396563865.668097488 387
1396563865.693140550 319
1396563865.718143057 387
1396563865.742086540 321
1396563865.767995927 376
1396563865.793020950 387
1396563865.818030074 329
1396563865.842967794 398
1396563865.867831788 320
1396563865.893822629 365
1396563865.917723061 394
1396563865.943713073 328
1396563865.968775954 415
1396563865.993791442 331
1396563866.018711169 391
1396563866.042766591 402
1396563866.068736045 378
1396563866.092580679 413
1396563866.118653732 376
1396563866.143583600 412
1396563866.167454550 401
1396563866.193439887 370
1396563866.217457902 395
1396563866.243443517 376
1396563866.267316280 420
1396563866.293320956 406
1396563866.319380142 393
1396563866.343384844 390
1396563866.369418588 385
1396563866.393267239 410
1396563866.419185786 411
1396563866.443262346 396
1396563866.468262111 390
1396563866.494159784 384
1396563866.518128362 393
1396563866.544080312 411
1396563866.568120402 409
1396563866.593007142 391
1396563866.618016057 386
1396563866.643014905 340
1396563866.669028259 413
1396563866.693006609 410
1396563866.718882417 387
1396563866.742878152 361
1396563866.767876127 336
1396563866.792869093 397
1396563866.817803872 389
1396563866.843702386 375
1396563866.867684909 391
1396563866.892704638 351
1396563866.917688129 407
1396563866.942593443 382
1396563866.967766955 386
1396563866.992619242 419
1396563867.018640329 375
1396563867.043614041 414
1396563867.068447000 373
1396563867.093514313 384
1396563867.118513022 411
1396563867.143329995 376
1396563867.168339019 426
1396563867.193326986 376
1396563867.218323943 397
1396563867.243324795 396
1396563867.268201357 369
1396563867.293236823 449
1396563867.317184257 373
1396563867.343258367 406
1396563867.368238011 374
1396563867.393235913 385
1396563867.418095520 462
1396563867.443075014 380
1396563867.469076046 414
1396563867.492921643 365
1396563867.518961586 388
1396563867.543948219 456
1396563867.568964303 383
1396563867.593952790 423
1396563867.617809752 382
1396563867.643888003 387
1396563867.667873584 432
1396563867.693960807 381
1396563867.718756458 439
1396563867.742738537 382
1396563867.768697876 389
1396563867.792674734 410
1396563867.818696734 381
1396563867.842699155 424
1396563867.868572619 380
1396563867.893543198 393
1396563867.917674819 406
1396563867.943444275 376
1396563867.967505020 419
1396563867.993470161 371
1396563868.017447999 399
1396563868.043990246 392
1396563868.068387902 366
1396563868.092376711 395
1396563868.118384007 369
1396563868.142328040 423
1396563868.168146109 403
1396563868.193259714 383
1396563868.218291227 381
1396563868.244228804 377
1396563868.268145071 412
1396563868.294082122 406
1396563868.318127895 388
1396563868.343087806 382
1396563868.368112785 377
1396563868.392982691 396
1396563868.418974097 407
1396563868.443002845 400
1396563868.467998430 389
1396563868.493000464 380
1396563868.517942021 365
1396563868.542882672 411
1396563868.567787338 408
1396563868.593868057 386
1396563868.618884599 381
1396563868.643710224 378
1396563868.668748016 413
1396563868.693712652 413
1396563868.718759721 388
1396563868.743708776 344
1396563868.768714379 371
1396563868.793559729 417
1396563868.818628458 393
1396563868.843543007 383
1396563868.868468420 413
1396563868.892507298 359
1396563868.918498212 425
1396563868.943498599 358
1396563868.968470626 373
1396563868.993376609 412
1396563869.018376953 354
1396563869.043349607 435
1396563869.067373541 355
1396563869.093258909 400
1396563869.118195745 396
1396563869.143225791 324
1396563869.168243152 443
1396563869.192244363 356
1396563869.218231469 407
1396563869.242066823 371
1396563869.268093748 389
1396563869.293119498 436
1396563869.318152408 382
1396563869.344079763 409
1396563869.367951488 366
1396563869.393991436 379
1396563869.417995253 428
1396563869.443971468 371
1396563869.468864030 406
1396563869.492904361 375
1396563869.518802978 379
1396563869.542887701 417
1396563869.568768409 375
1396563869.592696871 412
1396563869.617680106 375
1396563869.643668979 360
1396563869.667650866 398
1396563869.693537071 315
1396563869.717512240 409
1396563869.743531298 308
1396563869.768534773 339
1396563869.793407432 392
1396563869.819405247 304
1396563869.843406847 393
1396563869.869419185 303
1396563869.893537702 384
1396563869.918293404 389
1396563869.943306486 278
1396563869.968314130 378
1396563869.994312820 290
1396563870.018158712 377
1396563870.043194132 376
1396563870.068189567 360
1396563870.093034482 350
1396563870.118084755 338
1396563870.143047465 368
1396563870.169066808 367
1396563870.193027941 364
1396563870.217939711 358
1396563870.242915482 360
1396563870.267915087 358
1396563870.292906593 362
1396563870.317781490 359
1396563870.342809485 358
1396563870.367816552 357
1396563870.392815000 352
1396563870.417847166 356
1396563870.442662904 355
1396563870.467666891 354
1396563870.493662241 353
1396563870.518691547 325
1396563870.545818415 350
1396563870.568658704 350
1396563870.593640187 326
1396563870.618524400 330
1396563870.642518437 323
1396563870.668472081 337
1396563870.693463679 331
1396563870.718416266 305
1396563870.743472034 331
1396563870.767554072 327
1396563870.793499564 328
1396563870.817360142 322
1396563870.843393482 313
1396563870.868171681 323
1396563870.893166194 315
1396563870.919180260 321
1396563870.943179724 316
1396563870.969192259 314
1396563870.993091080 317
1396563871.019477740 316
1396563871.044111810 319
1396563871.068110416 280
1396563871.094342066 306
1396563871.117977679 305
1396563871.143919495 299
1396563871.167987057 310
1396563871.192941319 289
1396563871.218876330 296
1396563871.242869924 295
1396563871.268802125 296
1396563871.292850861 299
1396563871.318729137 295
1396563871.342737850 287
1396563871.367721335 288
1396563871.393708590 275
1396563871.417714354 286
1396563871.443723684 265
1396563871.467704136 283
1396563871.492588786 264
1396563871.517590997 268
1396563871.542570662 280
1396563871.568484676 249
1396563871.592488895 279
1396563871.618486529 263
1396563871.643453189 265
1396563871.668306735 272
1396563871.693495748 244
1396563871.718316510 267
1396563871.744356053 258
1396563871.768305616 263
1396563871.793299122 262
1396563871.818283523 246
1396563871.843232114 256
1396563871.868174122 251
1396563871.893232843 256
1396563871.918099261 258
1396563871.943101112 247
1396563871.968112284 235
1396563871.993103617 233
1396563872.018051439 249
1396563872.042972267 245
1396563872.068908289 241
1396563872.093979151 240
1396563872.118920124 242
1396563872.143798866 240
1396563872.168795105 240
1396563872.193783110 239
1396563872.217794753 233
1396563872.243784407 239
1396563872.268707160 239
1396563872.293736061 235
1396563872.318672377 234
1396563872.342680500 234
1396563872.368754427 233
1396563872.392620873 239
1396563872.418627366 235
1396563872.443476475 234
1396563872.468472835 233
1396563872.493479954 234
1396563872.517454992 234
1396563872.543486974 227
1396563872.567347890 226
1396563872.593266859 219
1396563872.618485592 226
1396563872.642316921 212
1396563872.668128997 221
1396563872.692198017 208
1396563872.718133008 213
1396563872.742141102 221
1396563872.768017155 199
1396563872.794017843 220
1396563872.818013681 196
1396563872.846584100 236
1396563872.867980060 218
1396563872.893933828 192
1396563872.917874354 213
1396563872.942878665 194
1396563872.968901561 202
1396563872.992858864 202
1396563873.018761369 223
1396563873.042788663 208
1396563873.067775034 188
1396563873.092652411 198
1396563873.117666701 184
1396563873.143641127 184
1396563873.168312711 203
1396563873.193642045 249
1396563873.218738139 192
1396563873.243628773 192
1396563873.269592635 190
1396563873.293389954 196
1396563873.319541837 188
1396563873.343518066 187
1396563873.368479285 185
1396563873.393377255 184
1396563873.418349012 187
1396563873.444363640 183
1396563873.468313750 188
1396563873.493343874 184
1396563873.518198996 182
1396563873.543161651 190
1396563873.568206502 181
1396563873.593211249 184
1396563873.618084774 177
1396563873.643093035 176
1396563873.668098594 178
1396563873.693023299 176
1396563873.718111072 178
1396563873.742951112 177
1396563873.767982876 185
1396563873.791972512 179
1396563873.817902237 176
1396563873.842917121 171
1396563873.867779971 172
1396563873.892790258 174
1396563873.917782192 178
1396563873.943764762 177
1396563873.968645869 171
1396563873.993694711 172
1396563874.018644962 172
1396563874.043651381 171
1396563874.068657560 172
1396563874.092544455 171
1396563874.118534277 172
1396563874.143525259 172
1396563874.168485834 180
1396563874.193398979 173
1396563874.217413940 171
1396563874.243394347 172
1396563874.267283940 171
1396563874.293297164 172
1396563874.318284426 172
1396563874.343167462 169
1396563874.369158494 172
1396563874.393230520 177
1396563874.419204305 162
1396563874.443076384 162
1396563874.469069226 143
1396563874.494037628 163
1396563874.518069457 146
1396563874.544086695 162
1396563874.567970775 162
1396563874.593950219 149
1396563874.617898098 165
1396563874.642966132 149
1396563874.668940046 157
1396563874.692804472 146
1396563874.718838096 149
1396563874.742816927 156
1396563874.768784269 147
1396563874.792690809 164
1396563874.817694789 146
1396563874.843671835 150
1396563874.867689197 149
1396563874.893670475 140
1396563874.917715916 154
1396563874.942528283 142
1396563874.967585614 150
1396563874.992571007 143
1396563875.018524840 139
1396563875.042426887 151
1396563875.068420371 138
1396563875.093393818 144
1396563875.118299531 144
1396563875.143296980 140
1396563875.168261504 148
1396563875.194293557 136
1396563875.218188969 145
1396563875.243191000 145
1396563875.268163559 143
1396563875.293141431 145
1396563875.318140896 143
1396563875.343168140 145
1396563875.368036321 144
1396563875.393062913 142
1396563875.418086762 143
1396563875.443075960 136
1396563875.468072788 140
1396563875.492955724 138
1396563875.518966754 135
1396563875.543944009 134
1396563875.568899978 123
1396563875.593837486 139
1396563875.618808441 140
1396563875.643815351 137
1396563875.667806837 138
1396563875.693760672 134
1396563875.718828618 135
1396563875.743703118 135
1396563875.768706539 141
1396563875.792702867 135
1396563875.818709306 131
1396563875.842722990 132
1396563875.868582370 135
1396563875.892596480 136
1396563875.918476268 135
1396563875.943464618 139
1396563875.967397518 133
1396563875.993475425 135
1396563876.017453776 135
1396563876.043456033 134
1396563876.068290609 135
1396563876.092250559 132
1396563876.118310717 135
1396563876.142293764 131
1396563876.168139783 139
1396563876.192183850 136
1396563876.218197425 127
1396563876.244131113 132
1396563876.268083040 126
1396563876.294072985 130
1396563876.318031826 131
1396563876.344078421 129
1396563876.367990565 133
1396563876.392948972 142
1396563876.418957314 130
1396563876.443085724 129
1396563876.468964262 134
1396563876.492757558 136
1396563876.517873668 129
1396563876.542844655 131
1396563876.567868986 125
1396563876.593818184 129
1396563876.617684035 137
1396563876.643620769 126
1396563876.668711170 130
1396563876.693700594 126
1396563876.718703913 127
1396563876.743680018 128
1396563876.769524211 120
1396563876.793597368 125
1396563876.818577686 120
1396563876.843458396 122
1396563876.868456154 125
1396563876.893380626 120
1396563876.918426518 138
1396563876.943338062 120
1396563876.968341867 121
1396563876.993323913 123
1396563877.018327168 120
1396563877.043279628 128
1396563877.068172019 120
1396563877.093150024 129
1396563877.118218306 123
1396563877.143196043 119
1396563877.168145461 124
1396563877.193011818 120
1396563877.218079536 124
1396563877.242061636 123
1396563877.268069285 121
1396563877.292053007 122
1396563877.318068937 122
1396563877.342913748 125
1396563877.367946294 120
1396563877.393810574 119
1396563877.417825057 122
1396563877.443764183 122
1396563877.468794060 123
1396563877.493819614 124
1396563877.518966384 122
1396563877.542670092 127
1396563877.568711869 121
1396563877.592632417 119
1396563877.618637202 120
1396563877.642654645 120
1396563877.667571354 119
1396563877.693544423 118
1396563877.717513086 124
1396563877.743441445 120
1396563877.767387035 120
1396563877.793425026 117
1396563877.819460929 117
1396563877.843338701 117
1396563877.869270877 120
1396563877.893244640 120
1396563877.919263079 112
1396563877.943135455 118
1396563877.968188342 111
1396563877.994138480 115
1396563878.018147611 113
1396563878.044200265 118
1396563878.068048361 120
1396563878.093098932 117
1396563878.118014088 116
1396563878.143063805 111
1396563878.169012131 112
1396563878.192941195 115
1396563878.218905025 117
1396563878.242952993 122
1396563878.267933170 118
1396563878.292920838 119
1396563878.317764311 119
1396563878.343817195 116
1396563878.367771095 121
1396563878.392759748 111
1396563878.417763332 115
1396563878.442697274 111
1396563878.467724908 112
1396563878.492697058 118
1396563878.517693910 118
1396563878.543689108 115
1396563878.568692422 112
1396563878.593566132 113
1396563878.618548480 118
1396563878.643559326 113
1396563878.668382077 111
1396563878.692515084 113
1396563878.718433048 107
1396563878.743455741 112
1396563878.768438910 107
1396563878.793308384 112
1396563878.817327806 107
1396563878.843330513 107
1396563878.867116684 108
1396563878.893116729 108
1396563878.918122298 123
1396563878.943135291 113
1396563878.969138681 108
1396563878.993004860 114
1396563879.019052139 113
1396563879.043062480 110
1396563879.069082493 107
1396563879.094059207 114
1396563879.117894737 108
1396563879.143937713 107
1396563879.167939181 108
1396563879.193948069 108
1396563879.217740673 109
1396563879.242818032 108
1396563879.268804865 113
1396563879.292746492 107
1396563879.318758328 113
1396563879.342600167 109
