1396563829.375312756 275
1396563829.400357010 285
1396563829.425403046 284
1396563829.451336607 285
1396563829.475204552 286
1396563829.501167274 285
1396563829.526269069 285
1396563829.551169269 284
1396563829.576052722 285
1396563829.601038217 291
1396563829.627056409 291
1396563829.651139908 290
1396563829.676066770 290
1396563829.700912267 291
1396563829.725983788 289
1396563829.750998196 291
1396563829.775905843 297
1396563829.800992457 291
1396563829.826003605 306
1396563829.850783006 269
1396563829.875777026 305
1396563829.900776092 313
1396563829.925647242 294
1396563829.950683487 310
1396563829.975690044 264
1396563830.000697590 308
1396563830.025590268 320
1396563830.050537257 279
1396563830.075543069 321
1396563830.099615117 270
1396563830.125433425 319
1396563830.150425398 295
1396563830.175387614 274
1396563830.200492002 332
1396563830.225280657 298
1396563830.251357728 329
1396563830.275343069 290
1396563830.301254944 317
1396563830.326160347 341
1396563830.351157543 314
1396563830.376187376 346
1396563830.400156409 342
1396563830.426065644 343
1396563830.450054010 345
1396563830.476053963 342
1396563830.501016193 351
1396563830.524902227 342
1396563830.550896450 348
1396563830.574925761 348
1396563830.600914378 345
1396563830.624908055 366
1396563830.653106120 350
1396563830.676790366 361
1396563830.700797984 363
1396563830.727021282 350
1396563830.750686864 372
1396563830.776635820 329
1396563830.800681338 370
1396563830.825663237 370
1396563830.851561237 338
1396563830.875527003 380
1396563830.901545500 294
1396563830.925606386 378
1396563830.950443996 321
1396563830.976448548 268
1396563831.000420365 340
1396563831.026453155 269
1396563831.050337551 391
1396563831.076504073 381
1396563831.100305827 368
1396563831.125354575 381
1396563831.151187630 278
1396563831.175167038 399
1396563831.201174759 392
1396563831.225140502 394
1396563831.250084612 392
1396563831.275052079 380
1396563831.300032794 385
1396563831.326105192 393
1396563831.350025854 408
1396563831.375970243 385
1396563831.400966396 382
1396563831.425982289 366
1396563831.450970093 400
1396563831.475917152 405
1396563831.500934891 393
1396563831.525761237 387
1396563831.550782487 382
1396563831.575803618 403
1396563831.600788512 386
1396563831.625692217 396
1396563831.651082753 397
1396563831.674733311 383
1396563831.700772558 407
1396563831.725596390 366
1396563831.750570889 395
1396563831.775526091 419
1396563831.800590762 370
1396563831.826480565 417
1396563831.851470499 363
1396563831.876436668 391
1396563831.901468657 409
1396563831.926416355 360
1396563831.951350136 429
1396563831.975369319 357
1396563832.001339922 408
1396563832.025348182 390
1396563832.051251351 348
1396563832.076203200 450
1396563832.100216278 359
1396563832.126203770 417
1396563832.150225021 332
1396563832.176072895 378
1396563832.200096482 450
1396563832.226097518 366
1396563832.251115492 405
1396563832.274974228 371
1396563832.300985061 382
1396563832.325352693 433
1396563832.351051345 376
1396563832.375088017 436
1396563832.400032313 375
1396563832.426045359 387
1396563832.449743306 404
1396563832.475770865 378
1396563832.499764821 455
1396563832.525615546 377
1396563832.551795788 388
1396563832.575657550 400
1396563832.601498824 380
1396563832.625499978 428
1396563832.651493210 378
1396563832.675550242 391
1396563832.700414238 401
1396563832.726393568 377
1396563832.750385466 418
1396563832.776391780 375
1396563832.800257448 413
1396563832.825260105 400
1396563832.850284755 375
1396563832.875243126 393
1396563832.901131381 374
1396563832.925159608 422
1396563832.951118910 405
1396563832.976164395 391
1396563833.001003994 389
1396563833.026016951 384
1396563833.051040572 409
1396563833.077042194 410
1396563833.100908701 395
1396563833.125910192 388
1396563833.150921077 384
1396563833.175869558 390
1396563833.200903918 410
1396563833.225892200 409
1396563833.250782041 402
1396563833.275759355 385
1396563833.300655917 376
1396563833.325686190 411
1396563833.350654709 409
1396563833.375670236 394
1396563833.400531535 377
1396563833.425529945 366
1396563833.450498855 394
1396563833.475510391 401
1396563833.500387049 375
1396563833.525356853 381
1396563833.549426953 375
1396563833.575407368 405
1396563833.600280514 381
1396563833.625253859 387
1396563833.650277812 419
1396563833.675272104 376
1396563833.701138395 413
1396563833.726200953 373
1396563833.751148635 379
1396563833.776161556 410
1396563833.801084447 373
1396563833.826113129 426
1396563833.850071192 374
1396563833.876060156 397
1396563833.900982865 392
1396563833.925965589 381
1396563833.950972370 447
1396563833.974947402 368
1396563834.000957754 405
1396563834.024901381 370
1396563834.050931399 384
1396563834.075832721 457
1396563834.100803350 380
1396563834.126858438 410
1396563834.150704353 335
1396563834.176636933 384
1396563834.200680392 450
1396563834.226685878 379
1396563834.251599264 423
1396563834.275598639 382
1396563834.301513873 387
1396563834.325576031 430
1396563834.351582450 369
1396563834.375448635 435
1396563834.400464683 371
1396563834.426482422 388
1396563834.450454187 410
1396563834.476342738 369
1396563834.500333568 438
1396563834.526321272 306
1396563834.550347481 342
1396563834.575273715 390
1396563834.601181092 293
1396563834.625181668 415
1396563834.651181246 292
1396563834.675208067 401
1396563834.700145699 400
1396563834.725051809 381
1396563834.750086624 393
1396563834.775093206 326
1396563834.800077401 416
1396563834.825936222 402
1396563834.850902703 383
1396563834.875953962 385
1396563834.900948209 377
1396563834.925958379 405
1396563834.950952077 402
1396563834.975801983 388
1396563835.001534364 375
1396563835.025806295 378
1396563835.050827154 391
1396563835.075700528 400
1396563835.100682308 395
1396563835.125641942 389
1396563835.150708405 336
1396563835.175504234 307
1396563835.200519599 386
1396563835.225517977 385
1396563835.250508592 372
1396563835.276377890 328
1396563835.301389034 333
1396563835.326451350 378
1396563835.351443464 373
1396563835.376325977 349
1396563835.401255883 362
1396563835.425332574 324
1396563835.451301672 370
1396563835.476158513 363
1396563835.501225806 349
1396563835.526121461 365
1396563835.550194728 321
1396563835.576052950 367
1396563835.600087717 332
1396563835.626071440 354
1396563835.651077394 355
1396563835.676017987 332
1396563835.700939684 354
1396563835.724912826 342
1396563835.750885552 349
1396563835.774941922 343
1396563835.800887568 345
1396563835.824855795 354
1396563835.849818162 345
1396563835.875748929 306
1396563835.899762931 286
1396563835.925638589 282
1396563835.949591053 341
1396563835.975591583 291
1396563836.001660004 330
1396563836.025592236 303
1396563836.051552318 285
1396563836.075479510 332
1396563836.101569266 273
1396563836.125408608 320
1396563836.150402625 276
1396563836.176448629 305
1396563836.200425175 320
1396563836.226338002 288
1396563836.250295336 313
1396563836.275297412 283
1396563836.300283793 299
1396563836.325440710 312
1396563836.351129659 274
1396563836.375173813 310
1396563836.401211989 286
1396563836.426072609 300
1396563836.451026461 306
1396563836.476091991 286
1396563836.501003407 299
1396563836.526941468 286
1396563836.550916224 296
1396563836.575961985 297
1396563836.600943705 289
1396563836.625896312 290
1396563836.650890674 285
1396563836.675959653 287
1396563836.700818400 286
1396563836.725819926 285
1396563836.750597757 285
1396563836.775624731 284
1396563836.800667389 277
1396563836.825700442 278
1396563836.850663514 273
1396563836.875471819 237
1396563836.900487528 245
1396563836.925538665 266
1396563836.950489954 273
1396563836.977664609 252
1396563836.999402881 227
1396563837.025384071 253
1396563837.050364818 244
1396563837.075223064 261
1396563837.100296520 260
1396563837.125278650 248
1396563837.151260530 241
1396563837.175199574 227
1396563837.201198123 250
1396563837.226170437 251
1396563837.251107987 240
1396563837.276119330 244
1396563837.300129716 227
1396563837.326003348 246
1396563837.349987527 244
1396563837.375884638 240
1396563837.400865963 238
1396563837.424848609 232
1396563837.450869136 237
1396563837.474894753 230
1396563837.500871873 232
1396563837.524869595 231
1396563837.550745622 225
1396563837.576737313 234
1396563837.600617238 225
1396563837.626599070 228
1396563837.650684037 230
1396563837.676662192 228
1396563837.701488203 230
1396563837.725554297 223
1396563837.751557122 223
1396563837.775540152 223
1396563837.801557531 223
1396563837.825348014 225
1396563837.850530896 223
1396563837.876438194 215
1396563837.900417831 186
1396563837.926434918 210
1396563837.950259257 217
1396563837.976321650 203
1396563838.000304216 215
1396563838.025305690 203
1396563838.051195353 199
1396563838.075161374 214
1396563838.101113358 209
1396563838.125156952 210
1396563838.150189823 181
1396563838.175068389 199
1396563838.200056498 207
1396563838.224982548 180
1396563838.250054119 205
1396563838.276056043 177
1396563838.300922457 176
1396563838.325929865 197
1396563838.350877256 176
1396563838.375893136 194
1396563838.400931627 187
1396563838.425934811 191
1396563838.450787940 193
1396563838.475802273 175
1396563838.500801905 188
1396563838.525656849 183
1396563838.550677043 184
1396563838.574683948 184
1396563838.600617923 181
1396563838.625639759 179
1396563838.650660642 180
1396563838.675546860 185
1396563838.700564506 184
1396563838.726534167 181
1396563838.750490555 180
1396563838.776419534 175
1396563838.801596638 177
1396563838.826486093 177
1396563838.851389726 175
1396563838.875387058 175
1396563838.901254388 175
1396563838.925230080 172
1396563838.951236558 174
1396563838.976304099 173
1396563839.000176618 172
1396563839.026100988 167
1396563839.050093094 166
1396563839.076090836 169
1396563839.100188438 169
1396563839.126168364 166
1396563839.151058540 167
1396563839.175004937 168
1396563839.201029803 173
1396563839.225097482 167
1396563839.250922082 168
1396563839.274928660 166
1396563839.299867592 160
1396563839.325947052 162
1396563839.349911802 161
1396563839.375882570 160
1396563839.399927304 162
1396563839.425747591 160
1396563839.450762966 163
1396563839.475672467 160
1396563839.501671725 160
1396563839.525671033 161
1396563839.551677630 161
1396563839.575619430 161
1396563839.600676004 161
1396563839.625753521 161
1396563839.650539405 152
1396563839.676550523 148
1396563839.700480868 156
1396563839.725422909 127
1396563839.750420727 151
1396563839.775428041 147
1396563839.800406041 144
1396563839.825397002 152
1396563839.851296548 143
1396563839.876261614 147
1396563839.901299431 146
1396563839.926253338 144
1396563839.951336614 151
1396563839.976170338 143
1396563840.001185469 147
1396563840.026152953 145
1396563840.051129393 144
1396563840.076030064 147
1396563840.100970502 143
1396563840.126007592 147
1396563840.150001061 144
1396563840.176013344 143
1396563840.200924548 152
1396563840.225902278 111
1396563840.250949574 144
1396563840.275856927 137
1396563840.300879655 131
1396563840.324748983 136
1396563840.350748657 131
1396563840.375706882 138
1396563840.400753551 135
1396563840.425651692 137
1396563840.449634437 137
1396563840.475596252 133
1396563840.499579182 136
1396563840.525497707 135
1396563840.550558476 135
1396563840.575506274 133
1396563840.601457316 132
1396563840.625437928 130
1396563840.651485051 133
1396563840.675410378 135
1396563840.701195551 134
1396563840.726302065 133
1396563840.750353663 128
1396563840.776226850 133
1396563840.800267700 128
1396563840.826079116 129
1396563840.850177243 128
1396563840.875168469 127
1396563840.901144617 128
1396563840.925041608 115
1396563840.951039527 129
1396563840.975004292 129
1396563841.001026265 127
1396563841.025923174 129
1396563841.051073530 127
1396563841.076934775 124
1396563841.100892649 125
1396563841.126893786 123
1396563841.150916860 126
1396563841.175861407 122
1396563841.200806201 125
1396563841.225713282 124
1396563841.251613936 123
1396563841.275590110 128
1396563841.300595464 122
1396563841.325584722 129
1396563841.350597301 118
1396563841.375470155 118
1396563841.400475323 124
1396563841.425582452 98
1396563841.450487581 122
1396563841.475588412 114
1396563841.500406437 119
1396563841.525389154 121
1396563841.550431922 108
1396563841.575393963 123
1396563841.600257305 116
1396563841.625304802 118
1396563841.650300093 119
1396563841.675280246 117
1396563841.700173134 128
1396563841.725103715 110
1396563841.751161317 119
1396563841.776294119 119
1396563841.801186583 118
1396563841.826051798 126
1396563841.850939753 118
1396563841.876053096 120
1396563841.900034914 119
1396563841.926033362 118
1396563841.950904295 121
1396563841.975850935 118
1396563842.000907712 119
1396563842.024910564 119
1396563842.050861292 118
1396563842.074866816 119
1396563842.100720930 118
1396563842.125733660 120
1396563842.150598128 119
1396563842.176612525 118
1396563842.200577388 119
1396563842.226557352 117
1396563842.250813710 120
1396563842.276463683 119
1396563842.301530491 118
1396563842.325530766 124
1396563842.351534810 118
1396563842.375436237 112
1396563842.401363741 117
1396563842.425418457 117
1396563842.450385474 115
1396563842.476348122 110
1396563842.500370027 110
1396563842.526247092 118
1396563842.550277802 114
1396563842.576280169 111
1396563842.600289679 111
1396563842.625185535 110
1396563842.651177420 109
1396563842.675077346 112
1396563842.701152000 111
1396563842.725130737 111
1396563842.750034650 109
1396563842.775005480 112
1396563842.799975505 111
1396563842.826014362 112
1396563842.849922064 110
1396563842.875913620 108
1396563842.900878339 113
1396563842.925908865 110
1396563842.950849418 108
1396563842.975864889 110
1396563843.000862503 108
1396563843.025739539 110
1396563843.050744726 108
1396563843.075599192 109
1396563843.100658311 103
1396563843.125681595 101
1396563843.150646333 109
1396563843.174663244 101
1396563843.200601500 104
1396563843.225535657 101
1396563843.250555166 102
1396563843.275508591 111
1396563843.300527907 102
1396563843.326420633 106
1396563843.351327391 102
1396563843.376403055 102
1396563843.401400457 107
1396563843.426395376 102
1396563843.451253857 112
1396563843.475226295 105
1396563843.501277561 106
1396563843.525268622 100
1396563843.550242775 96
1396563843.576145928 106
1396563843.600127190 102
1396563843.626095805 102
1396563843.650112218 103
1396563843.676151355 100
1396563843.700019710 111
1396563843.726023638 100
1396563843.750943055 102
1396563843.775024106 103
1396563843.800919679 102
1396563843.824899735 106
1396563843.850880233 101
1396563843.874840162 103
1396563843.899881227 103
1396563843.925897975 103
1396563843.949881733 103
1396563843.975727050 102
1396563843.999728241 105
1396563844.025714106 103
1396563844.050598049 102
1396563844.076021757 103
1396563844.100559873 96
1396563844.125551410 104
1396563844.151537626 103
1396563844.174550486 96
1396563844.199503678 98
1396563844.224518372 96
1396563844.250405290 104
1396563844.276373912 104
1396563844.300324431 103
1396563844.325279843 103
1396563844.350394616 102
1396563844.375269137 102
1396563844.399270069 98
1396563844.424205436 99
1396563844.450267272 96
1396563844.475274333 97
1396563844.500164946 96
1396563844.525145526 97
1396563844.550142164 98
1396563844.576087630 102
1396563844.601026831 102
1396563844.626015537 101
1396563844.651016205 102
1396563844.675019656 97
1396563844.700892913 101
1396563844.724892613 95
1396563844.748921908 96
1396563844.774867655 97
1396563844.799877988 96
1396563844.824871394 96
1396563844.849759258 99
1396563844.874769917 96
1396563844.899747188 97
1396563844.923642738 97
1396563844.949688946 97
1396563844.974593634 97
1396563844.999619502 96
1396563845.024627863 95
1396563845.048534662 97
1396563845.074523188 96
1396563845.098436147 96
1396563845.124493999 89
1396563845.149347164 94
1396563845.174410714 90
1396563845.200367248 91
1396563845.224360066 92
1396563845.250316571 89
1396563845.274401637 96
1396563845.300251812 97
1396563845.325264772 97
1396563845.349258136 96
1396563845.375083144 96
1396563845.399136118 96
1396563845.425137355 96
1396563845.449140687 93
1396563845.475116314 280
1396563845.499978953 97
1396563845.524031055 96
1396563845.550974312 316
1396563845.574054010 93
1396563845.600988482 308
1396563845.624884623 93
1396563845.649837568 96
1396563845.676894593 314
1396563845.699859118 92
1396563845.726887022 300
1396563845.749880317 96
1396563845.774760777 96
1396563845.799744863 96
1396563845.824760491 96
1396563845.850759113 96
1396563845.874580250 96
1396563845.899597419 96
1396563845.924743081 96
1396563845.949526240 97
1396563845.974524007 96
1396563845.999481958 91
1396563846.025510999 91
1396563846.049459502 85
1396563846.073377353 85
1396563846.099395839 84
1396563846.124386514 86
1396563846.149359999 86
1396563846.174366545 96
1396563846.199240275 96
1396563846.225236971 281
1396563846.249122311 90
1396563846.274151087 86
1396563846.299134716 87
1396563846.324062499 85
1396563846.352399391 312
1396563846.375124530 90
1396563846.399966134 96
1396563846.424985803 96
1396563846.449967067 96
1396563846.474998464 96
1396563846.498892651 96
1396563846.524882699 86
1396563846.549831976 85
1396563846.574858277 85
1396563846.599821634 97
1396563846.623832704 96
1396563846.649848956 87
1396563846.674750443 290
1396563846.699729668 81
1396563846.724684182 82
1396563846.749612142 80
1396563846.775632813 84
1396563846.800646591 310
1396563846.825608449 84
1396563846.849686151 82
1396563846.876431224 309
1396563846.900506920 98
1396563846.925499029 310
1396563846.950479853 90
1396563846.974404793 90
1396563847.001306061 293
1396563847.024371732 93
1396563847.050376847 299
1396563847.075231434 76
1396563847.100247718 278
1396563847.125184509 75
1396563847.149255535 86
1396563847.176236393 262
1396563847.198245522 77
1396563847.225136577 229
1396563847.250082921 76
1396563847.273129663 81
1396563847.301135355 239
1396563847.323003145 78
1396563847.349012490 75
1396563847.373003415 90
1396563847.397948419 92
1396563847.426007709 294
1396563847.448839819 95
1396563847.474872897 97
1396563847.499879833 90
1396563847.524820440 91
1396563847.550831735 294
1396563847.574887492 83
1396563847.600876772 285
1396563847.624745117 81
1396563847.648668190 82
1396563847.674567199 81
1396563847.699622642 77
1396563847.724603630 74
1396563847.748444353 77
1396563847.772511885 77
1396563847.800502066 312
1396563847.823509240 90
1396563847.850532067 311
1396563847.874498746 78
1396563847.899370291 81
1396563847.926375955 310
1396563847.950321058 304
1396563847.976372699 314
1396563847.999373538 91
1396563848.024247984 96
1396563848.049265095 90
1396563848.073195818 89
1396563848.101209623 285
1396563848.123126698 81
1396563848.149140944 82
1396563848.174140674 76
1396563848.198102918 75
1396563848.225066350 283
1396563848.249937185 287
1396563848.273984235 86
1396563848.298001007 77
1396563848.324969136 75
1396563848.348816671 75
1396563848.373839940 75
1396563848.398883454 78
1396563848.422809570 73
1396563848.449881805 72
1396563848.472779798 85
1396563848.499915688 279
1396563848.523800420 86
1396563848.548798192 84
1396563848.574884471 84
1396563848.597600509 82
1396563848.625588585 285
1396563848.648628128 88
1396563848.675672639 293
1396563848.700669043 80
1396563848.724467755 77
1396563848.750442921 74
1396563848.773491695 81
1396563848.800509773 277
1396563848.823513447 72
1396563848.848364320 72
1396563848.875368576 71
1396563848.898373625 77
1396563848.924368161 73
1396563848.948236390 77
1396563848.974240402 71
1396563849.001238068 310
1396563849.023238228 90
1396563849.051112577 304
1396563849.074113620 81
1396563849.101109900 289
1396563849.126113695 248
1396563849.149061204 82
1396563849.176979132 278
1396563849.199019624 76
1396563849.225974221 271
1396563849.248996244 71
1396563849.273906239 81
1396563849.300864770 205
1396563849.323863231 77
1396563849.349886678 243
1396563849.373859048 71
1396563849.398901646 73
1396563849.425767320 297
1396563849.448730718 88
1396563849.474733657 84
1396563849.498739063 81
1396563849.522608116 82
1396563849.550612224 308
1396563849.573613845 86
1396563849.599608806 84
1396563849.623502072 85
1396563849.647509082 86
1396563849.674485039 72
1396563849.698469868 72
1396563849.724485128 75
1396563849.748358861 74
1396563849.773344328 73
1396563849.800356221 72
1396563849.824350125 71
1396563849.850236619 81
1396563849.873231572 86
1396563849.899228012 86
1396563849.925203426 72
1396563849.948235114 72
1396563849.975137064 72
1396563849.998113066 73
1396563850.024107128 73
1396563850.048105410 85
1396563850.074992550 314
1396563850.100920800 311
1396563850.123969753 84
1396563850.148982063 90
1396563850.172987194 82
1396563850.200852255 264
1396563850.223806603 76
1396563850.250873750 272
1396563850.274874461 85
1396563850.298855324 86
1396563850.326827414 279
1396563850.348786413 72
1396563850.375747213 264
1396563850.398702213 72
1396563850.423570271 72
1396563850.450632582 189
1396563850.473604416 73
1396563850.499525718 258
1396563850.523607640 73
1396563850.550507323 243
1396563850.573485567 80
1396563850.598460781 87
1396563850.626490120 305
1396563850.648459460 83
1396563850.675316077 295
1396563850.699351605 85
1396563850.723364454 77
1396563850.749378779 75
1396563850.773357482 77
1396563850.800251127 278
1396563850.823234971 67
1396563850.849222511 67
1396563850.874227890 72
1396563850.898041230 78
1396563850.924106733 72
1396563850.949079363 72
1396563850.975122438 72
1396563850.999957680 72
1396563851.023959003 86
1396563851.049907323 80
1396563851.073980050 85
1396563851.099974827 312
1396563851.125863767 310
1396563851.147861786 93
1396563851.175854293 304
1396563851.198827915 86
1396563851.223850188 80
1396563851.249851544 268
1396563851.272736671 82
1396563851.300724035 286
1396563851.322727912 79
1396563851.348574963 75
1396563851.374595213 70
1396563851.398617814 72
1396563851.426595466 272
1396563851.448424474 78
1396563851.474484524 75
1396563851.499472523 85
1396563851.524497547 85
1396563851.551494893 295
1396563851.573343932 76
1396563851.599272545 75
1396563851.623364788 85
1396563851.648349784 85
1396563851.675352422 85
1396563851.700236296 272
1396563851.725173814 85
1396563851.749199852 82
1396563851.774225461 81
1396563851.799091655 76
1396563851.824111056 75
1396563851.849086506 76
1396563851.873099083 81
1396563851.899096185 81
1396563851.923000612 85
1396563851.948970612 84
1396563851.972990831 75
1396563851.997985921 74
1396563852.023849739 77
1396563852.047843469 77
1396563852.074848010 75
1396563852.098848044 77
1396563852.124868548 75
1396563852.148798579 83
1396563852.173720424 87
1396563852.200730098 84
1396563852.223681824 86
1396563852.249608195 87
1396563852.273595747 85
1396563852.298597116 85
1396563852.323962170 88
1396563852.349468244 92
1396563852.375478676 298
1396563852.399415770 75
1396563852.424470711 75
1396563852.449466284 74
1396563852.474370224 80
1396563852.500343450 283
1396563852.524314493 73
1396563852.551274804 280
1396563852.574345888 75
1396563852.599199663 76
1396563852.626231763 289
1396563852.649234855 83
1396563852.675177981 301
1396563852.699099455 85
1396563852.723011955 83
1396563852.750085935 80
1396563852.774094434 81
1396563852.799977721 294
1396563852.823927525 76
1396563852.848961175 76
1396563852.874980858 76
1396563852.897951209 85
1396563852.924840820 80
1396563852.949778856 81
1396563852.972779871 81
1396563852.999849371 76
1396563853.022835481 83
1396563853.049791393 80
1396563853.072631839 82
1396563853.097703160 81
1396563853.124695569 90
1396563853.147524292 92
1396563853.174598736 84
1396563853.197575216 92
1396563853.224636595 91
1396563853.250579104 90
1396563853.273476879 91
1396563853.301458265 264
1396563853.324461850 88
1396563853.350286719 90
1396563853.375335518 311
1396563853.399327594 84
1396563853.426354496 300
1396563853.448322779 81
1396563853.475219731 80
1396563853.499191012 81
1396563853.524190580 81
1396563853.550242903 315
1396563853.574220500 90
1396563853.600094028 85
1396563853.624019586 82
1396563853.650085411 80
1396563853.675086420 80
1396563853.700960779 236
1396563853.724965294 85
1396563853.749959216 91
1396563853.776279625 90
1396563853.799820118 90
1396563853.825853343 308
1396563853.849835156 91
1396563853.874835070 85
1396563853.899763962 85
1396563853.924829154 85
1396563853.949665455 84
1396563853.974701629 96
1396563853.999643007 97
1396563854.024529415 85
1396563854.049561694 81
1396563854.074576514 80
1396563854.099598842 86
1396563854.124582246 84
1396563854.149486025 85
1396563854.174380422 81
1396563854.199462467 80
1396563854.224479671 87
1396563854.248331776 84
1396563854.274354021 91
1396563854.299258154 91
1396563854.324316943 90
1396563854.349201869 94
1396563854.375175128 263
1396563854.400205589 91
1396563854.425206721 265
1396563854.450079799 84
1396563854.475083930 89
1396563854.501074995 311
1396563854.525076332 88
1396563854.549956292 295
1396563854.575893067 297
1396563854.597961793 83
1396563854.625977281 299
1396563854.648954239 87
1396563854.674857597 298
1396563854.698759677 84
1396563854.723796505 86
1396563854.749815233 96
1396563854.773810771 96
1396563854.799710557 96
1396563854.825684798 96
1396563854.849776734 96
1396563854.875708123 96
1396563854.899704618 96
1396563854.925572462 96
1396563854.949576782 91
1396563854.974509297 90
1396563855.000589410 90
1396563855.024453182 91
1396563855.051451508 260
1396563855.074451008 91
1396563855.099376332 91
1396563855.124333373 90
1396563855.149333439 91
1396563855.176322642 274
1396563855.199320374 97
1396563855.225275115 97
1396563855.249136081 96
1396563855.274113060 96
1396563855.300106745 276
1396563855.324202006 97
1396563855.350161983 97
1396563855.374015970 97
1396563855.399086323 96
1396563855.424073715 97
1396563855.449049527 97
1396563855.473963870 96
1396563855.498899909 96
1396563855.524935952 96
1396563855.549953035 97
1396563855.574950290 96
1396563855.600750325 101
1396563855.624744771 97
1396563855.650753943 101
1396563855.675787384 101
1396563855.700721868 100
1396563855.725725279 101
1396563855.749616842 96
1396563855.774628000 96
1396563855.799571820 95
1396563855.823550702 96
1396563855.849556738 96
1396563855.874553613 96
1396563855.899451969 96
1396563855.925792620 97
1396563855.949449574 96
1396563855.975422748 98
1396563855.999426816 96
1396563856.025325049 96
1396563856.050271607 97
1396563856.075318483 96
1396563856.100344222 98
1396563856.124198705 96
1396563856.150207349 97
1396563856.174210065 96
1396563856.200194515 96
1396563856.225067690 99
1396563856.249086862 97
1396563856.275049533 97
1396563856.299070830 97
1396563856.324880690 96
1396563856.348952642 99
1396563856.374969342 97
1396563856.399881586 99
1396563856.423795925 96
1396563856.449769206 96
1396563856.474817814 103
1396563856.499758910 96
1396563856.524823042 102
1396563856.548826725 97
1396563856.574740884 97
1396563856.598815557 99
1396563856.625680644 100
1396563856.649700661 109
1396563856.675676049 101
1396563856.700660040 107
1396563856.725513088 108
1396563856.751567806 104
1396563856.775650108 106
1396563856.801449184 101
1396563856.825445529 102
1396563856.850423857 103
1396563856.876376116 101
1396563856.900362527 104
1396563856.926291788 101
1396563856.950313407 103
1396563856.975263765 103
1396563857.000104222 101
1396563857.025886192 103
1396563857.050128738 101
1396563857.075197845 106
1396563857.101199947 104
1396563857.126126109 102
1396563857.151006998 103
1396563857.175992162 101
1396563857.200976811 104
1396563857.226009590 104
1396563857.250845252 102
1396563857.275880395 102
1396563857.300927342 102
1396563857.325915359 103
1396563857.350854787 104
1396563857.375757411 103
1396563857.399836354 103
1396563857.425885320 102
1396563857.450728866 102
1396563857.475806714 105
1396563857.500693285 111
1396563857.525698226 108
1396563857.551252461 106
1396563857.574692593 108
1396563857.600570044 111
1396563857.625567002 110
1396563857.650489142 108
1396563857.675445038 109
1396563857.699445544 108
1396563857.725419560 111
1396563857.749360970 108
1396563857.775361129 109
1396563857.800292629 111
1396563857.825259718 108
1396563857.851268220 112
1396563857.875186821 107
1396563857.901195863 113
1396563857.926099333 110
1396563857.951103592 111
1396563857.976099350 117
1396563858.000011150 103
1396563858.026008061 111
1396563858.051025425 112
1396563858.076006001 110
1396563858.100867810 119
1396563858.124963832 110
1396563858.150997661 111
1396563858.174946814 110
1396563858.200840820 107
1396563858.225290246 116
1396563858.250823205 107
1396563858.276771840 109
1396563858.300819505 107
1396563858.326800668 110
1396563858.350628337 120
1396563858.376671412 111
1396563858.400604479 113
1396563858.425642737 111
1396563858.451572079 111
1396563858.475467405 123
1396563858.501466597 117
1396563858.525325676 123
1396563858.550397225 117
1396563858.575411202 117
1396563858.600343869 121
1396563858.626428330 117
1396563858.650313841 124
1396563858.676225681 117
1396563858.700237517 119
1396563858.725234890 121
1396563858.750182161 117
1396563858.775200607 120
1396563858.801273401 116
1396563858.825169160 119
1396563858.850089857 125
1396563858.875053525 122
1396563858.900177998 118
1396563858.925062062 111
1396563858.950020204 126
1396563858.976064604 125
1396563859.000883952 117
1396563859.025918213 106
1396563859.050923626 104
1396563859.075818294 121
1396563859.100759212 120
1396563859.125781735 118
1396563859.150822039 116
1396563859.175752332 120
1396563859.200775759 119
1396563859.225692587 121
1396563859.250709787 124
1396563859.274626869 123
1396563859.300498215 122
1396563859.325532444 123
1396563859.350552661 125
1396563859.375556227 126
1396563859.400428002 122
1396563859.426442363 124
1396563859.450443028 121
1396563859.476406835 124
1396563859.501302405 126
1396563859.526311585 122
1396563859.551306301 124
1396563859.575232622 122
1396563859.601335164 125
1396563859.625185460 124
1396563859.651191817 122
1396563859.676158478 129
1396563859.700179092 124
1396563859.726052776 131
1396563859.750059881 124
1396563859.776004359 126
1396563859.800031119 129
1396563859.826045598 124
1396563859.850875130 133
1396563859.874920595 124
1396563859.900882679 128
1396563859.924906924 129
1396563859.950766694 125
1396563859.974717575 135
1396563859.999746263 122
1396563860.025748081 129
1396563860.049720361 127
1396563860.075729076 125
1396563860.099716586 143
1396563860.125755888 111
1396563860.150620467 130
1396563860.175631218 114
1396563860.201561187 128
1396563860.225563572 140
1396563860.251494485 128
1396563860.275529990 137
1396563860.300561702 131
1396563860.325544936 133
1396563860.350440995 142
1396563860.376370950 131
1396563860.400425002 138
1396563860.425311768 132
1396563860.450280057 135
1396563860.475303627 139
1396563860.500295770 138
1396563860.525298358 145
1396563860.551112538 141
1396563860.576114729 139
1396563860.601104636 143
1396563860.626116123 134
1396563860.650988778 144
1396563860.675969346 141
1396563860.701036605 142
1396563860.726052858 143
1396563860.750919412 130
1396563860.775938046 148
1396563860.800908236 146
1396563860.825911097 148
1396563860.849804705 147
1396563860.875808497 145
1396563860.900800149 143
1396563860.925705074 145
1396563860.950797101 153
1396563860.975753959 152
1396563861.000663631 145
1396563861.024651211 143
1396563861.050620263 151
1396563861.075646526 161
1396563861.100520320 161
1396563861.125547705 161
1396563861.149521128 164
1396563861.175504513 161
1396563861.199414304 161
1396563861.225379223 167
1396563861.250422823 167
1396563861.275418398 166
1396563861.301296406 166
1396563861.325290692 165
1396563861.351289875 166
1396563861.375285710 162
1396563861.401266971 164
1396563861.426146553 160
1396563861.450122717 160
1396563861.476175948 160
1396563861.500159741 161
1396563861.526176862 160
1396563861.550045849 161
1396563861.575056303 161
1396563861.601035971 161
1396563861.625047623 161
1396563861.650896047 160
1396563861.674925112 169
1396563861.700893429 165
1396563861.725861149 168
1396563861.750765806 166
1396563861.777399712 165
1396563861.800783379 170
1396563861.826696335 165
1396563861.850740081 173
1396563861.875783820 164
1396563861.900692285 166
1396563861.925686802 174
1396563861.951596791 170
1396563861.975572421 180
1396563862.000854156 169
1396563862.025481584 173
1396563862.050493050 172
1396563862.075353397 172
1396563862.100353418 184
1396563862.126357670 174
1396563862.150372121 182
1396563862.175371792 182
1396563862.200279774 181
1396563862.225281638 188
1396563862.250264035 180
1396563862.275205982 194
1396563862.300113338 181
1396563862.325091193 162
1396563862.350094815 189
1396563862.375106837 178
1396563862.400107156 197
1396563862.424960879 176
1396563862.450968706 152
1396563862.476041776 190
1396563862.501056316 158
1396563862.525854311 199
1396563862.550917800 195
1396563862.575910207 192
1396563862.599879957 196
1396563862.625718058 185
1396563862.650707596 201
1396563862.675729748 199
1396563862.700711802 200
1396563862.724725646 200
1396563862.750600109 169
1396563862.774608316 203
1396563862.800586263 209
1396563862.825613820 212
1396563862.850490182 208
1396563862.876535417 204
1396563862.900525898 197
1396563862.926509100 214
1396563862.950308340 224
1396563862.976351118 223
1396563863.001335599 223
1396563863.025349996 222
1396563863.051212360 223
1396563863.075227585 224
1396563863.101285567 223
1396563863.125254953 224
1396563863.151569134 223
1396563863.176130044 223
1396563863.200096926 222
1396563863.226146137 229
1396563863.250012703 230
1396563863.275972236 228
1396563863.300974963 230
1396563863.324981956 228
1396563863.350836697 229
1396563863.374832246 235
1396563863.400845389 232
1396563863.424905782 237
1396563863.449778613 232
1396563863.475790068 238
1396563863.499723405 236
1396563863.525766528 242
1396563863.549811479 248
1396563863.575771613 239
1396563863.600612357 246
1396563863.625583291 226
1396563863.651655475 210
1396563863.675544699 251
1396563863.701531922 236
1396563863.725458536 256
1396563863.750471453 204
1396563863.775404385 233
1396563863.800395701 256
1396563863.826329430 211
1396563863.850325766 263
1396563863.875370793 223
1396563863.900184959 259
1396563863.925196485 262
1396563863.950225152 235
1396563863.975201679 279
1396563864.001203884 256
1396563864.026079583 272
1396563864.051071531 275
1396563864.076089141 284
1396563864.101070818 289
1396563864.125949373 284
1396563864.150926696 285
1396563864.176004566 285
1396563864.200935178 284
1396563864.225811001 287
1396563864.250798028 285
1396563864.275818282 291
1396563864.300076000 290
1396563864.325670052 288
1396563864.350671763 290
1396563864.375692724 287
1396563864.400680586 298
1396563864.425685338 297
1396563864.450543395 296
1396563864.474573482 299
1396563864.500449318 292
1396563864.525450613 307
1396563864.550561166 306
1396563864.575498768 304
1396563864.599341533 306
1396563864.625311587 283
1396563864.649314248 308
1396563864.675290814 314
1396563864.700308059 322
1396563864.725193615 317
1396563864.751182419 316
1396563864.775181365 297
1396563864.801187965 321
1396563864.825071004 324
1396563864.851066647 307
1396563864.876054099 288
1396563864.900033802 304
1396563864.925945634 332
1396563864.949932836 334
1396563864.976628408 301
1396563865.000002021 342
1396563865.024977708 342
1396563865.050876357 342
1396563865.074907905 342
1396563865.100851691 342
1396563865.124845137 350
1396563865.150705153 343
1396563865.175711929 349
1396563865.200717025 334
1396563865.226707324 351
1396563865.250700376 354
1396563865.276580415 338
1396563865.300565335 359
1396563865.325581182 333
1396563865.351438337 361
1396563865.375436141 362
1396563865.401518967 348
1396563865.425467980 370
1396563865.450310148 322
1396563865.475375041 362
1396563865.500337355 311
1396563865.526381287 324
1396563865.550340309 380
1396563865.576193613 309
1396563865.600174840 374
1396563865.625178491 315
1396563865.650071147 322
1396563865.675084429 389
1396563865.701137329 307
1396563865.725094496 394
1396563865.749982538 312
1396563865.774964625 387
1396563865.800041283 394
1396563865.825009196 372
1396563865.849834209 410
1396563865.875816885 376
1396563865.900834144 392
1396563865.925814030 400
1396563865.950705926 386
1396563865.975759773 412
1396563866.000763421 378
1396563866.025771598 388
1396563866.050704837 395
1396563866.075642069 344
1396563866.100601955 409
1396563866.125615022 323
1396563866.150619047 388
1396563866.174458884 389
1396563866.200448001 359
1396563866.225441840 386
1396563866.250453854 335
1396563866.275343902 415
1396563866.300328597 400
1396563866.326317915 368
1396563866.350389151 386
1396563866.376273357 338
1396563866.401280389 416
1396563866.426287914 405
1396563866.451206619 352
1396563866.475155277 386
1396563866.501140797 339
1396563866.525145798 398
1396563866.551054685 405
1396563866.576138773 404
1396563866.600015624 390
1396563866.625931085 359
1396563866.649994804 355
1396563866.676011350 407
1396563866.700009128 417
1396563866.725819215 378
1396563866.750908587 388
1396563866.774883377 350
1396563866.800825120 408
1396563866.824826008 400
1396563866.850706775 383
1396563866.874687662 399
1396563866.899712369 374
1396563866.925722296 414
1396563866.949685131 380
1396563866.975761324 393
1396563866.999639028 413
1396563867.025608643 382
1396563867.050610529 421
1396563867.075479860 372
1396563867.101503626 391
1396563867.125452830 404
1396563867.151438507 383
1396563867.175323248 433
1396563867.200331391 383
1396563867.225310220 394
1396563867.250330634 401
1396563867.276263845 381
1396563867.300271574 455
1396563867.325235829 380
1396563867.350473480 401
1396563867.375272155 379
1396563867.400249795 382
1396563867.425113164 467
1396563867.451074488 379
1396563867.476038425 405
1396563867.501071655 362
1396563867.525934073 368
1396563867.550939541 461
1396563867.575932345 341
1396563867.600888363 414
1396563867.625885954 371
1396563867.650878875 383
1396563867.675894562 435
1396563867.700858348 361
1396563867.725744474 431
1396563867.749763095 372
1396563867.775667150 386
1396563867.800697869 403
1396563867.825682241 379
1396563867.850569386 435
1396563867.875572042 352
1396563867.900567715 390
1396563867.924448351 404
1396563867.950501952 380
1396563867.975452341 412
1396563868.000420165 378
1396563868.025484360 399
1396563868.049355727 406
1396563868.075273692 383
1396563868.099371495 384
1396563868.125334881 380
1396563868.150269359 416
1396563868.175264233 410
1396563868.201180337 381
1396563868.225251138 388
1396563868.251255302 376
1396563868.275144879 418
1396563868.301143064 413
1396563868.326143070 381
1396563868.350124501 389
1396563868.376014051 375
1396563868.399995146 400
1396563868.426013087 413
1396563868.450004170 406
1396563868.474836872 388
1396563868.500868693 385
1396563868.524889536 378
1396563868.550868674 416
1396563868.574855622 416
1396563868.600874967 384
1396563868.625733984 388
1396563868.650769567 377
1396563868.676750726 419
1396563868.700702154 405
1396563868.726703327 394
1396563868.750688930 394
1396563868.775745018 373
1396563868.800620927 423
1396563868.825643875 388
1396563868.851599889 391
1396563868.875438754 409
1396563868.900457777 317
1396563868.925486303 414
1396563868.950495380 304
1396563868.975497396 328
1396563869.000368063 400
1396563869.026301677 300
1396563869.050375143 423
1396563869.075364325 338
1396563869.100248192 384
1396563869.125246038 403
1396563869.150180505 347
1396563869.175237999 436
1396563869.200262559 345
1396563869.225117250 392
1396563869.250131681 376
1396563869.275062629 360
1396563869.300107354 433
1396563869.325121522 372
1396563869.350987610 403
1396563869.376014989 372
1396563869.400989494 364
1396563869.425923199 425
1396563869.450872818 365
1396563869.475847050 411
1396563869.499872814 369
1396563869.525897186 386
1396563869.550806467 419
1396563869.575745729 343
1396563869.600676925 411
1396563869.624690406 373
1396563869.650668380 392
1396563869.674695665 405
1396563869.700658983 383
1396563869.725509419 406
1396563869.750556239 373
1396563869.776405178 388
1396563869.800404962 402
1396563869.826406492 339
1396563869.850437510 386
1396563869.876418738 341
1396563869.901466260 379
1396563869.925312877 387
1396563869.951319300 336
1396563869.975317835 377
1396563870.001193012 328
1396563870.025167423 372
1396563870.050190561 379
1396563870.076198297 345
1396563870.100016186 301
1396563870.126077061 277
1396563870.150063174 370
1396563870.176067607 372
1396563870.200073924 271
1396563870.224883429 307
1396563870.250938277 293
1396563870.274939946 354
1396563870.300826879 354
1396563870.324807257 347
1396563870.349818739 343
1396563870.374798565 337
1396563870.399780855 344
1396563870.425811824 349
1396563870.449661838 345
1396563870.475657904 342
1396563870.500636548 341
1396563870.525657601 342
1396563870.550677989 344
1396563870.575645300 338
1396563870.601537609 307
1396563870.625541782 324
1396563870.650557416 315
1396563870.675506613 339
1396563870.700430910 325
1396563870.725596349 312
1396563870.750593307 322
1396563870.775360816 289
1396563870.800341077 326
1396563870.825335596 301
1396563870.850376248 315
1396563870.875303263 316
1396563870.900166395 293
1396563870.926162492 314
1396563870.951160164 286
1396563870.976123521 300
1396563871.001043627 307
1396563871.026113833 295
1396563871.051048012 305
1396563871.075061131 293
1396563871.100959805 295
1396563871.126002911 296
1396563871.150989347 287
1396563871.175923383 304
1396563871.199874405 287
1396563871.225857930 290
1396563871.249841103 287
1396563871.275857223 289
1396563871.300783425 295
1396563871.325728168 288
1396563871.350734278 291
1396563871.374712803 288
1396563871.400728361 288
1396563871.424685122 287
1396563871.450738498 285
1396563871.474761258 285
1396563871.499608783 284
1396563871.525542403 259
1396563871.549494723 278
1396563871.575411713 219
1396563871.599480457 274
1396563871.625484806 235
1396563871.651418209 256
1396563871.675306368 266
1396563871.701302146 231
1396563871.725322313 264
1396563871.751370678 252
1396563871.775243183 256
1396563871.800225383 259
1396563871.826225256 239
1396563871.850225932 252
1396563871.876225705 247
1396563871.900199839 250
1396563871.925098295 251
1396563871.950601515 237
1396563871.975041675 240
1396563872.001119305 243
1396563872.024997853 239
1396563872.050966877 239
1396563872.075922721 240
1396563872.100990423 242
1396563872.125921574 236
1396563872.150793674 236
1396563872.176776350 235
1396563872.200797919 229
1396563872.225798242 227
1396563872.250670323 228
1396563872.275698987 228
1396563872.300704169 229
1396563872.325731081 230
1396563872.350727470 228
1396563872.375525334 229
1396563872.400611902 227
1396563872.425438244 224
1396563872.450602763 225
1396563872.475477621 223
1396563872.500400764 223
1396563872.525473038 223
1396563872.550308286 223
1396563872.575355479 214
1396563872.600275954 213
1396563872.625726346 216
1396563872.649255879 214
1396563872.675180342 217
1396563872.700129630 191
1396563872.725120957 173
1396563872.750084630 207
1396563872.775002931 206
1396563872.801004669 211
1396563872.825082729 169
1396563872.851006893 192
1396563872.875884786 203
1396563872.900942700 180
1396563872.925900856 199
1396563872.949903242 183
1396563872.975846154 190
1396563872.999844318 192
1396563873.025756753 184
1396563873.050741119 193
1396563873.074769915 181
1396563873.100649609 186
1396563873.124645431 185
1396563873.150646502 181
1396563873.174548170 197
1396563873.200556038 182
1396563873.226831111 182
1396563873.250552767 183
1396563873.276519141 177
1396563873.300477780 189
1396563873.326401958 176
1396563873.350469975 184
1396563873.375460384 182
1396563873.401356999 178
1396563873.425338642 184
1396563873.451348502 178
1396563873.475303324 184
1396563873.500345722 182
1396563873.525198198 176
1396563873.550231469 176
1396563873.576158802 172
1396563873.600149306 175
1396563873.626092875 173
1396563873.650123048 172
1396563873.675073138 173
1396563873.700073194 166
1396563873.725033604 167
1396563873.750913436 171
1396563873.774951165 171
1396563873.799943449 171
1396563873.824966298 168
1396563873.849737714 166
1396563873.874764746 170
1396563873.899786670 169
1396563873.925793113 166
1396563873.950747867 165
1396563873.975649454 166
1396563874.000645178 160
1396563874.025643337 162
1396563874.050661932 160
1396563874.075626925 160
1396563874.100518322 161
1396563874.125521975 161
1396563874.150515092 161
1396563874.175366573 160
1396563874.200391608 161
1396563874.225262466 160
1396563874.250284492 160
1396563874.275285916 160
1396563874.300266579 160
1396563874.325282198 161
1396563874.350325350 161
1396563874.376191660 152
1396563874.401179663 145
1396563874.426212363 152
1396563874.451107423 153
1396563874.476065504 141
1396563874.501020062 153
1396563874.525015762 140
1396563874.551043247 152
1396563874.576084001 150
1396563874.600966768 150
1396563874.625950579 149
1396563874.649967298 122
1396563874.675909873 148
1396563874.699851553 136
1396563874.725839565 142
1396563874.750841531 145
1396563874.775707593 140
1396563874.800631276 141
1396563874.824676168 130
1396563874.850713141 137
1396563874.874709663 139
1396563874.900705741 135
1396563874.924538509 149
1396563874.949561539 113
1396563874.975540120 136
1396563874.999535058 137
1396563875.025872206 104
1396563875.049426081 143
1396563875.075383869 127
1396563875.101392197 136
1396563875.125393581 136
1396563875.151302167 131
1396563875.175299464 141
1396563875.201252893 129
1396563875.225292241 137
1396563875.250176324 137
1396563875.276143765 132
1396563875.300148180 139
1396563875.326161932 132
1396563875.350168256 133
1396563875.375082568 133
1396563875.400102586 126
1396563875.425091340 133
1396563875.450977446 127
1396563875.474898131 136
1396563875.500938870 133
1396563875.525981197 127
1396563875.550953656 128
1396563875.575848911 123
1396563875.600828085 134
1396563875.626782460 133
1396563875.650840791 128
1396563875.675829376 127
1396563875.700629663 127
1396563875.725799428 127
1396563875.750750881 128
1396563875.775682625 126
1396563875.800705649 124
1396563875.825741692 123
1396563875.850708613 121
1396563875.875525197 128
1396563875.900579026 125
1396563875.925616888 125
1396563875.950450473 124
1396563875.975487760 122
1396563876.000397726 125
1396563876.025465742 119
1396563876.050329178 119
1396563876.075454313 120
1396563876.099301747 118
1396563876.125279489 121
1396563876.150594615 118
1396563876.175141339 128
1396563876.200134375 126
1396563876.225142083 111
1396563876.251138131 126
1396563876.274972280 100
1396563876.301010851 120
1396563876.326014010 121
1396563876.351012828 102
1396563876.375880766 121
1396563876.399863233 115
1396563876.425897843 119
1396563876.449909903 118
1396563876.475896662 117
1396563876.500812116 122
1396563876.524759922 117
1396563876.550756581 119
1396563876.574803639 116
1396563876.600764779 117
1396563876.624625222 124
1396563876.650637544 116
1396563876.676607773 120
1396563876.700683876 116
1396563876.726680123 117
1396563876.750713793 119
1396563876.776573684 110
1396563876.800504910 116
1396563876.825530299 110
1396563876.851461973 111
1396563876.875452055 115
1396563876.901465244 111
1396563876.925396933 118
1396563876.950334219 111
1396563876.975340447 118
1396563877.000297059 119
1396563877.026310860 117
1396563877.050389658 122
1396563877.076119407 118
1396563877.100176697 118
1396563877.125199264 120
1396563877.150206227 118
1396563877.175035748 122
1396563877.201003804 124
1396563877.225076663 117
1396563877.250070379 116
1396563877.275050976 117
1396563877.299924948 118
1396563877.324923375 108
1396563877.349889038 114
1396563877.375923153 113
1396563877.400950202 110
1396563877.425830387 111
1396563877.450820973 106
1396563877.475801441 110
1396563877.500782217 109
1396563877.525697401 108
1396563877.549647037 108
1396563877.575698888 108
1396563877.600665363 109
1396563877.625607563 109
1396563877.650672882 109
1396563877.674570398 108
1396563877.700568543 108
1396563877.725459768 107
1396563877.750389519 110
1396563877.775448195 110
1396563877.800444870 107
1396563877.826417269 108
1396563877.850322152 107
1396563877.876304681 110
1396563877.901265798 109
1396563877.926245504 108
1396563877.951277060 103
1396563877.975147543 101
1396563878.001102955 110
1396563878.025162108 102
1396563878.051150104 102
1396563878.076007953 103
1396563878.100064727 102
1396563878.126017624 105
1396563878.150011934 101
1396563878.176053719 102
1396563878.200205247 105
1396563878.225937679 102
1396563878.250916181 106
1396563878.274943425 102
1396563878.300738166 103
1396563878.324821336 103
1396563878.350832079 102
1396563878.374828441 107
1396563878.399802959 103
1396563878.424624222 103
1396563878.449689405 102
1396563878.475736450 106
1396563878.499659726 105
1396563878.525691065 101
1396563878.550691522 102
1396563878.575639878 101
1396563878.599613298 96
1396563878.625520762 104
1396563878.650519807 96
1396563878.674445198 99
1396563878.699379518 97
1396563878.724460956 97
1396563878.750754354 101
1396563878.774326735 96
1396563878.800314736 106
1396563878.825291945 101
1396563878.850242229 103
1396563878.875130732 103
1396563878.900125539 101
1396563878.925078532 106
1396563878.951084693 104
1396563878.976077620 103
1396563879.001613365 103
1396563879.025003357 97
1396563879.050005949 99
1396563879.075054880 97
1396563879.099895284 97
1396563879.124110577 98
1396563879.149945175 96
1396563879.174930263 96
1396563879.199908350 97
1396563879.224805743 97
1396563879.248743887 98
1396563879.274800279 96
1396563879.298789996 96
1396563879.324593910 96
