0 182
1 182
2 183
3 182
4 183
5 182
6 201
7 181
8 182
9 182
10 182
11 182
12 182
13 202
14 180
15 181
16 181
17 182
18 182
19 183
20 182
21 200
22 180
23 181
24 181
25 182
26 182
27 182
28 202
29 179
30 180
31 181
32 182
33 182
34 181
35 182
36 200
37 180
38 181
39 182
40 181
41 182
42 182
43 201
44 180
45 181
46 181
47 181
48 182
49 181
50 182
51 201
52 180
53 181
54 181
55 182
56 181
57 182
58 202
59 180
60 181
61 181
62 181
63 182
64 182
65 182
66 201
67 180
68 181
69 181
70 182
71 181
72 182
73 202
74 179
75 180
76 181
77 182
78 181
79 182
80 182
81 201
82 180
83 181
84 181
85 181
86 181
87 181
88 202
89 179
90 180
91 181
92 181
93 181
94 182
95 182
96 200
97 180
98 180
99 181
100 181
101 181
102 182
103 202
104 180
105 180
106 181
107 182
108 181
109 182
110 182
111 196
112 181
113 181
114 181
115 181
116 181
117 181
118 202
119 179
120 181
121 181
122 181
123 181
124 182
125 182
126 190
127 180
128 181
129 181
130 181
131 182
132 182
133 201
134 180
135 180
136 181
137 181
138 182
139 182
140 182
141 182
142 180
143 181
144 181
145 182
146 182
147 181
148 202
149 180
150 181
151 182
152 181
153 181
154 181
155 182
156 178
157 180
158 181
159 181
160 182
161 182
162 182
163 201
164 179
165 181
166 181
167 181
168 181
169 181
170 190
171 179
172 180
173 181
174 181
175 181
176 182
177 181
178 201
179 180
180 181
181 181
182 181
183 182
184 182
185 198
186 179
187 180
188 181
189 181
190 181
191 181
192 182
193 201
194 180
195 181
196 181
197 181
198 181
199 182
200 203
201 180
202 180
203 180
204 182
205 182
206 182
207 182
208 201
209 180
210 181
211 181
212 181
213 181
214 182
215 204
216 179
217 181
218 181
219 182
220 181
221 182
222 182
223 201
224 180
225 180
226 181
227 181
228 181
229 182
230 202
231 180
232 180
233 181
234 181
235 182
236 181
237 181
238 201
239 180
240 181
241 181
242 181
243 181
244 182
245 182
246 182
247 181
248 182
249 182
250 182
251 182
252 182
253 182
254 182
255 183
256 182
257 182
258 182
259 182
260 182
261 182
262 182
263 182
264 182
265 182
266 183
267 182
268 182
269 182
270 182
271 182
272 183
273 182
274 182
275 182
276 182
277 182
278 183
279 182
280 182
281 182
282 183
283 182
284 182
285 182
286 183
287 182
288 183
289 183
290 182
291 182
292 183
293 182
294 183
295 183
296 183
297 183
298 182
299 183
300 183
301 183
302 183
303 182
304 183
305 198
306 180
307 181
308 181
309 182
310 183
311 182
312 183
313 201
314 180
315 181
316 182
317 182
318 182
319 182
320 194
321 179
322 180
323 181
324 182
325 182
326 182
327 182
328 202
329 180
330 181
331 181
332 182
333 182
334 182
335 197
336 179
337 180
338 181
339 181
340 182
341 182
342 182
343 201
344 180
345 181
346 181
347 181
348 182
349 182
350 200
351 179
352 181
353 181
354 182
355 181
356 182
357 182
358 201
359 180
360 181
361 181
362 181
363 181
364 182
365 203
366 179
367 180
368 181
369 181
370 181
371 182
372 182
373 201
374 180
375 181
376 181
377 181
378 182
379 182
380 205
381 180
382 181
383 181
384 181
385 182
386 182
387 182
388 201
389 180
390 181
391 181
392 182
393 182
394 181
395 203
396 179
397 180
398 181
399 181
400 181
401 182
402 182
403 200
404 180
405 181
406 181
407 181
408 181
409 181
410 202
411 179
412 180
413 181
414 181
415 181
416 181
417 181
418 201
419 180
420 181
421 181
422 181
423 182
424 182
425 202
426 180
427 180
428 181
429 182
430 182
431 182
432 182
433 200
434 180
435 180
436 182
437 182
438 182
439 182
440 201
441 180
442 180
443 181
444 181
445 181
446 182
447 182
448 200
449 180
450 181
451 181
452 182
453 181
454 182
455 202
456 180
457 181
458 181
459 181
460 181
461 182
462 182
463 201
464 180
465 181
466 182
467 181
468 182
469 182
470 202
471 180
472 181
473 181
474 182
475 182
476 182
477 182
478 200
479 180
480 181
481 181
482 182
483 182
484 182
485 201
486 179
487 181
488 181
489 181
490 181
491 181
492 181
493 196
494 180
495 181
496 181
497 182
498 181
499 182
500 201
501 179
502 180
503 181
504 181
505 182
506 182
507 182
508 188
509 180
510 181
511 181
512 513
513 182
514 201
515 180
516 181
517 181
518 181
519 182
520 181
521 181
522 201
523 180
524 181
525 181
526 181
527 181
528 181
529 202
530 180
531 181
532 181
533 181
534 182
535 182
536 182
537 196
538 180
539 181
540 182
541 182
542 182
543 182
544 201
545 180
546 181
547 182
548 181
549 182
550 182
551 204
552 180
553 180
554 182
555 181
556 181
557 181
558 182
559 201
560 180
561 181
562 182
563 182
564 182
565 182
566 205
567 180
568 181
569 181
570 182
571 181
572 182
573 181
574 200
575 180
576 181
577 181
578 181
579 181
580 182
581 202
582 180
583 180
584 181
585 181
586 181
587 181
588 182
589 191
590 180
591 181
592 182
593 182
594 182
595 182
596 202
597 180
598 181
599 181
600 181
601 182
602 182
603 205
604 179
605 180
606 181
607 181
608 181
609 181
610 182
611 201
612 180
613 180
614 181
615 181
616 181
617 182
618 203
619 179
620 180
621 181
622 182
623 182
624 182
625 182
626 201
627 180
628 181
629 182
630 182
631 182
632 182
633 202
634 180
635 181
636 181
637 181
638 182
639 182
640 182
641 200
642 180
643 181
644 181
645 182
646 181
647 182
648 201
649 180
650 181
651 181
652 181
653 182
654 182
655 182
656 182
657 182
658 182
659 182
660 182
661 182
662 182
663 182
664 183
665 182
666 182
667 182
668 182
669 182
670 182
671 182
672 182
673 182
674 182
675 182
676 183
677 183
678 182
679 182
680 183
681 182
682 183
683 183
684 182
685 183
686 182
687 183
688 183
689 183
690 183
691 183
692 183
693 182
694 183
695 182
696 182
697 183
698 183
699 182
700 183
701 183
702 183
703 182
704 183
705 183
706 183
707 183
708 182
709 183
710 183
711 183
712 183
713 183
714 183
715 205
716 180
717 181
718 182
719 182
720 182
721 182
722 183
723 201
724 181
725 181
726 181
727 182
728 182
729 182
730 202
731 180
732 181
733 181
734 182
735 182
736 182
737 182
738 201
739 180
740 182
741 181
742 182
743 182
744 182
745 202
746 180
747 180
748 181
749 181
750 182
751 182
752 182
753 200
754 180
755 181
756 181
757 181
758 182
759 182
760 201
761 180
762 181
763 181
764 182
765 182
766 182
767 198
768 179
769 180
770 181
771 182
772 182
773 182
774 182
775 201
776 180
777 181
778 181
779 181
780 182
781 182
782 204
783 180
784 181
785 181
786 182
787 182
788 182
789 182
790 201
791 180
792 181
793 181
794 182
795 182
796 182
797 201
798 180
799 181
800 181
801 181
802 181
803 182
804 182
805 201
806 180
807 181
808 181
809 181
810 181
811 182
812 201
813 180
814 181
815 181
816 181
817 181
818 182
819 185
820 181
821 180
822 181
823 181
824 182
825 182
826 182
827 201
828 180
829 181
830 182
831 182
832 181
833 182
834 204
835 179
836 181
837 181
838 181
839 182
840 181
841 181
842 201
843 180
844 181
845 181
846 181
847 181
848 181
849 202
850 179
851 180
852 181
853 181
854 181
855 182
856 182
857 201
858 180
859 181
860 182
861 182
862 182
863 182
864 202
865 179
866 181
867 181
868 181
869 182
870 181
871 182
872 192
873 180
874 182
875 181
876 181
877 182
878 182
879 201
880 180
881 181
882 181
883 181
884 181
885 181
886 198
887 178
888 180
889 181
890 181
891 182
892 182
893 182
894 201
895 180
896 181
897 181
898 181
899 181
900 182
901 202
902 180
903 180
904 181
905 181
906 182
907 182
908 181
909 200
910 180
911 181
912 181
913 181
914 181
915 182
916 201
917 180
918 181
919 181
920 181
921 181
922 182
923 182
924 200
925 180
926 181
927 181
928 181
929 181
930 182
931 202
932 180
933 180
934 181
935 181
936 181
937 182
938 186
939 180
940 180
941 181
942 182
943 180
944 182
945 182
946 202
947 180
948 180
949 182
950 182
951 182
952 182
953 182
954 183
955 182
956 182
957 182
958 182
959 182
960 182
961 182
962 182
963 182
964 182
965 182
966 182
967 182
968 182
969 182
970 183
971 182
972 182
973 182
974 182
975 182
976 183
977 182
978 182
979 183
980 183
981 182
982 183
983 183
984 183
985 183
986 183
987 183
988 182
989 183
990 182
991 183
992 182
993 182
994 182
995 183
996 182
997 183
998 183
999 182
1000 182
1001 183
1002 182
1003 183
1004 183
1005 182
1006 183
1007 183
1008 183
1009 183
1010 183
1011 183
1012 183
1013 203
1014 180
1015 181
1016 182
1017 182
1018 182
1019 182
1020 182
1021 201
1022 181
1023 181
1024 182
1025 513
1026 182
1027 202
1028 180
1029 181
1030 181
1031 181
1032 182
1033 182
1034 182
1035 201
1036 180
1037 182
1038 182
1039 182
1040 181
1041 182
1042 202
1043 180
1044 180
1045 181
1046 181
1047 181
1048 181
1049 190
1050 179
1051 180
1052 181
1053 181
1054 181
1055 182
1056 182
1057 201
1058 179
1059 181
1060 181
1061 181
1062 182
1063 182
1064 182
1065 182
1066 182
1067 182
1068 182
1069 182
1070 182
1071 182
1072 182
1073 182
1074 183
1075 182
1076 182
1077 182
1078 182
1079 182
1080 182
1081 182
1082 182
1083 183
1084 182
1085 182
1086 182
1087 183
1088 182
1089 183
1090 183
1091 183
1092 182
1093 183
1094 183
1095 183
1096 183
1097 183
1098 182
1099 182
1100 183
1101 183
1102 183
1103 183
1104 182
1105 183
1106 183
1107 183
1108 183
1109 182
1110 183
1111 182
1112 183
1113 183
1114 183
1115 183
1116 182
1117 183
1118 183
1119 183
1120 182
1121 183
1122 183
1123 183
1124 203
1125 181
1126 181
1127 182
1128 182
1129 182
1130 183
1131 198
1132 180
1133 181
1134 182
1135 182
1136 182
1137 182
1138 182
1139 202
1140 180
1141 181
1142 181
1143 181
1144 182
1145 182
1146 203
1147 179
1148 181
1149 181
1150 181
1151 182
1152 182
1153 182
1154 201
1155 180
1156 181
1157 181
1158 182
1159 182
1160 182
1161 202
1162 180
1163 181
1164 181
1165 181
1166 181
1167 181
1168 182
1169 201
1170 181
1171 181
1172 181
1173 181
1174 181
1175 182
1176 202
1177 179
1178 181
1179 181
1180 182
1181 182
1182 182
1183 185
1184 182
1185 181
1186 181
1187 182
1188 182
1189 182
1190 182
1191 201
1192 181
1193 181
1194 182
1195 182
1196 181
1197 182
1198 204
1199 180
1200 180
1201 181
1202 181
1203 181
1204 181
1205 182
1206 201
1207 180
1208 181
1209 181
1210 182
1211 182
1212 182
1213 205
1214 180
1215 180
1216 181
1217 182
1218 181
1219 182
1220 182
1221 201
1222 180
1223 181
1224 181
1225 181
1226 181
1227 181
1228 202
1229 179
1230 180
1231 181
1232 181
1233 181
1234 181
1235 182
1236 200
1237 180
1238 181
1239 181
1240 181
1241 182
1242 182
1243 202
1244 180
1245 181
1246 181
1247 181
1248 181
1249 182
1250 203
1251 179
1252 181
1253 181
1254 181
1255 182
1256 182
1257 182
1258 201
1259 180
1260 181
1261 181
1262 181
1263 181
1264 182
1265 202
1266 179
1267 181
1268 181
1269 182
1270 182
1271 182
1272 183
1273 201
1274 181
1275 181
1276 181
1277 182
1278 182
1279 182
1280 201
1281 179
1282 180
1283 181
1284 181
1285 182
1286 181
1287 182
1288 193
1289 180
1290 181
1291 182
1292 181
1293 182
1294 182
1295 201
1296 180
1297 180
1298 181
1299 181
1300 182
1301 182
1302 204
1303 179
1304 180
1305 181
1306 181
1307 181
1308 182
1309 181
1310 201
1311 180
1312 181
1313 181
1314 182
1315 182
1316 182
1317 201
1318 179
1319 181
1320 181
1321 181
1322 182
1323 182
1324 181
1325 201
1326 180
1327 181
1328 181
1329 182
1330 182
1331 181
1332 202
1333 180
1334 180
1335 181
1336 181
1337 181
1338 182
1339 182
1340 200
1341 180
1342 181
1343 181
1344 182
1345 182
1346 181
1347 202
1348 179
1349 181
1350 181
1351 181
1352 182
1353 181
1354 201
1355 179
1356 180
1357 182
1358 182
1359 182
1360 181
1361 182
1362 182
1363 183
1364 181
1365 182
1366 181
1367 182
1368 182
1369 182
1370 182
1371 182
1372 182
1373 182
1374 182
1375 182
1376 182
1377 182
1378 182
1379 183
1380 182
1381 182
1382 183
1383 182
1384 182
1385 182
1386 182
1387 182
1388 182
1389 183
1390 183
1391 183
1392 184
1393 182
1394 183
1395 182
1396 182
1397 182
1398 182
1399 183
1400 183
1401 183
1402 182
1403 183
1404 182
1405 183
1406 182
1407 182
1408 182
1409 183
1410 183
1411 182
1412 183
1413 183
1414 183
1415 183
1416 182
1417 183
1418 183
1419 183
1420 183
1421 184
1422 201
1423 180
1424 182
1425 182
1426 182
1427 182
1428 182
1429 203
1430 180
1431 182
1432 182
1433 181
1434 182
1435 183
1436 182
1437 201
1438 181
1439 181
1440 182
1441 182
1442 181
1443 182
1444 202
1445 180
1446 181
1447 182
1448 181
1449 182
1450 182
1451 182
1452 199
1453 180
1454 181
1455 181
1456 182
1457 182
1458 182
1459 201
1460 180
1461 181
1462 181
1463 181
1464 181
1465 182
1466 205
1467 180
1468 180
1469 181
1470 181
1471 182
1472 182
1473 182
1474 201
1475 180
1476 181
1477 181
1478 182
1479 182
1480 182
1481 202
1482 180
1483 181
1484 181
1485 182
1486 182
1487 181
1488 182
1489 201
1490 180
1491 181
1492 181
1493 182
1494 182
1495 182
1496 202
1497 179
1498 181
1499 181
1500 181
1501 181
1502 181
1503 182
1504 201
1505 180
1506 181
1507 182
1508 181
1509 182
1510 182
1511 201
1512 180
1513 181
1514 182
1515 182
1516 182
1517 182
1518 182
1519 200
1520 180
1521 180
1522 181
1523 181
1524 181
1525 182
1526 202
1527 180
1528 180
1529 181
1530 181
1531 181
1532 182
1533 182
1534 200
1535 180
1536 181
1537 181
1538 513
1539 181
1540 202
1541 180
1542 181
1543 181
1544 182
1545 182
1546 182
1547 189
1548 180
1549 181
1550 181
1551 182
1552 181
1553 182
1554 182
1555 201
1556 180
1557 182
1558 181
1559 182
1560 182
1561 182
1562 204
1563 180
1564 181
1565 181
1566 182
1567 181
1568 182
1569 181
1570 200
1571 180
1572 181
1573 181
1574 182
1575 182
1576 182
1577 202
1578 180
1579 180
1580 181
1581 181
1582 182
1583 182
1584 182
1585 200
1586 180
1587 182
1588 181
1589 182
1590 182
1591 182
1592 202
1593 180
1594 181
1595 182
1596 181
1597 182
1598 182
1599 182
1600 201
1601 180
1602 181
1603 181
1604 181
1605 181
1606 182
1607 202
1608 179
1609 180
1610 181
1611 181
1612 182
1613 182
1614 182
1615 193
1616 181
1617 181
1618 181
1619 181
1620 182
1621 182
1622 202
1623 179
1624 180
1625 181
1626 181
1627 182
1628 181
1629 181
1630 196
1631 180
1632 181
1633 181
1634 181
1635 181
1636 181
1637 201
1638 180
1639 181
1640 181
1641 181
1642 182
1643 182
1644 182
1645 190
1646 181
1647 181
1648 182
1649 182
1650 182
1651 182
1652 202
1653 180
1654 180
1655 181
1656 181
1657 181
1658 182
1659 203
1660 180
1661 180
1662 181
1663 182
1664 182
1665 182
1666 181
1667 201
1668 180
1669 181
1670 182
1671 181
1672 182
1673 182
1674 202
1675 180
1676 180
1677 182
1678 182
1679 182
1680 182
1681 182
1682 200
1683 180
1684 181
1685 181
1686 181
1687 181
1688 182
1689 202
1690 180
1691 181
1692 181
1693 181
1694 181
1695 181
1696 182
1697 200
1698 180
1699 181
1700 181
1701 181
1702 182
1703 182
1704 201
1705 180
1706 181
1707 182
1708 182
1709 181
1710 182
1711 204
1712 180
1713 180
1714 181
1715 181
1716 182
1717 182
1718 181
1719 201
1720 180
1721 181
1722 181
1723 181
1724 182
1725 181
1726 202
1727 179
1728 181
1729 181
1730 181
1731 181
1732 182
1733 182
1734 200
1735 180
1736 181
1737 181
1738 182
1739 182
1740 181
1741 202
1742 179
1743 181
1744 181
1745 181
1746 181
1747 182
1748 182
1749 200
1750 180
1751 180
1752 182
1753 181
1754 182
1755 182
1756 201
1757 180
1758 181
1759 181
1760 181
1761 182
1762 182
1763 204
1764 179
1765 181
1766 181
1767 181
1768 182
1769 181
1770 182
1771 181
1772 182
1773 182
1774 182
1775 182
1776 182
1777 182
1778 182
1779 182
1780 182
1781 182
1782 182
1783 183
1784 182
1785 182
1786 183
1787 182
1788 183
1789 182
1790 182
1791 183
1792 183
1793 183
1794 183
1795 183
1796 183
1797 183
1798 182
1799 182
1800 182
1801 183
1802 182
1803 182
1804 182
1805 182
1806 182
1807 182
1808 182
1809 183
1810 183
1811 182
1812 182
1813 182
1814 183
1815 182
1816 183
1817 183
1818 183
1819 182
1820 183
1821 183
1822 183
1823 183
1824 183
1825 183
1826 182
1827 183
1828 183
1829 182
1830 183
1831 202
1832 182
1833 182
1834 183
1835 183
1836 182
1837 182
1838 203
1839 180
1840 181
1841 182
1842 182
1843 182
1844 182
1845 182
1846 201
1847 181
1848 181
1849 181
1850 182
1851 182
1852 182
1853 202
1854 180
1855 181
1856 182
1857 182
1858 182
1859 182
1860 189
1861 180
1862 181
1863 181
1864 182
1865 182
1866 182
1867 182
1868 202
1869 180
1870 181
1871 181
1872 181
1873 182
1874 182
1875 182
1876 185
1877 180
1878 181
1879 181
1880 181
1881 182
1882 182
1883 201
1884 180
1885 181
1886 181
1887 182
1888 182
1889 182
1890 200
1891 179
1892 180
1893 181
1894 181
1895 181
1896 182
1897 181
1898 201
1899 180
1900 181
1901 181
1902 181
1903 182
1904 182
1905 202
1906 179
1907 181
1908 181
1909 182
1910 182
1911 182
1912 182
1913 201
1914 180
1915 181
1916 181
1917 182
1918 182
1919 182
1920 202
1921 180
1922 181
1923 181
1924 181
1925 182
1926 182
1927 182
1928 201
1929 180
1930 181
1931 181
1932 181
1933 182
1934 182
1935 201
1936 180
1937 181
1938 182
1939 181
1940 181
1941 181
1942 182
1943 200
1944 180
1945 181
1946 181
1947 181
1948 182
1949 182
1950 202
1951 180
1952 181
1953 181
1954 182
1955 182
1956 181
1957 182
1958 196
1959 180
1960 181
1961 181
1962 181
1963 182
1964 182
1965 202
1966 180
1967 181
1968 181
1969 181
1970 181
1971 181
1972 202
1973 179
1974 180
1975 181
1976 181
1977 181
1978 182
1979 182
1980 201
1981 180
1982 181
1983 181
1984 182
1985 182
1986 182
1987 202
1988 179
1989 180
1990 181
1991 181
1992 182
1993 182
1994 182
1995 201
1996 180
1997 181
1998 182
1999 181
2000 182
2001 182
2002 202
2003 179
2004 181
2005 181
2006 181
2007 181
2008 182
2009 182
2010 200
2011 180
2012 180
2013 181
2014 181
2015 181
2016 181
2017 202
2018 179
2019 180
2020 181
2021 181
2022 181
2023 181
2024 182
2025 196
2026 180
2027 181
2028 181
2029 181
2030 182
2031 182
2032 201
2033 180
2034 180
2035 181
2036 182
2037 182
2038 182
2039 182
2040 200
2041 180
2042 181
2043 181
2044 182
2045 182
2046 182
2047 202
2048 179
2049 180
2050 181
2051 513
2052 182
2053 181
2054 200
2055 180
2056 181
2057 181
2058 182
2059 182
2060 181
2061 202
2062 180
2063 181
2064 182
2065 181
2066 182
2067 182
2068 205
2069 180
2070 181
2071 181
2072 181
2073 181
2074 182
2075 182
2076 201
2077 180
2078 181
2079 182
2080 182
2081 181
2082 182
2083 202
2084 180
2085 181
2086 181
2087 181
2088 181
2089 182
2090 182
2091 201
2092 180
2093 181
2094 181
2095 182
2096 182
2097 182
2098 201
2099 180
2100 180
2101 181
2102 181
2103 181
2104 181
2105 181
2106 186
2107 180
2108 181
2109 181
2110 181
2111 182
2112 182
2113 201
2114 179
2115 181
2116 181
2117 181
2118 182
2119 182
2120 182
2121 180
2122 180
2123 181
2124 182
2125 182
2126 181
2127 182
2128 201
2129 180
2130 181
2131 181
2132 182
2133 182
2134 182
2135 203
2136 180
2137 181
2138 180
2139 182
2140 182
2141 181
2142 181
2143 200
2144 180
2145 181
2146 181
2147 182
2148 181
2149 182
2150 202
2151 180
2152 181
2153 181
2154 182
2155 182
2156 182
2157 185
2158 182
2159 181
2160 181
2161 182
2162 181
2163 181
2164 182
2165 201
2166 180
2167 180
2168 181
2169 181
2170 181
2171 181
2172 182
2173 185
2174 180
2175 181
2176 181
2177 182
2178 182
2179 182
2180 182
2181 182
2182 182
2183 182
2184 182
2185 182
2186 182
2187 182
2188 182
2189 182
2190 183
2191 182
2192 182
2193 182
2194 182
2195 182
2196 182
2197 182
2198 182
2199 182
2200 183
2201 183
2202 182
2203 183
2204 182
2205 183
2206 182
2207 183
2208 183
2209 183
2210 183
2211 183
2212 182
2213 182
2214 182
2215 182
2216 182
2217 182
2218 182
2219 182
2220 183
2221 182
2222 182
2223 182
2224 182
2225 182
2226 183
2227 182
2228 183
2229 182
2230 182
2231 183
2232 183
2233 183
2234 184
2235 182
2236 183
2237 183
2238 183
2239 183
2240 201
2241 181
2242 182
2243 182
2244 183
2245 182
2246 182
2247 201
2248 180
2249 181
2250 181
2251 182
2252 182
2253 182
2254 182
2255 200
2256 180
2257 181
2258 182
2259 182
2260 182
2261 182
2262 202
2263 181
2264 181
2265 181
2266 182
2267 182
2268 182
2269 199
2270 178
2271 181
2272 182
2273 181
2274 182
2275 182
2276 181
2277 200
2278 180
2279 181
2280 181
2281 181
2282 182
2283 182
2284 202
2285 179
2286 180
2287 181
2288 182
2289 181
2290 182
2291 182
2292 185
2293 181
2294 181
2295 181
2296 181
2297 181
2298 181
2299 201
2300 180
2301 181
2302 181
2303 181
2304 181
2305 181
2306 181
2307 192
2308 180
2309 181
2310 181
2311 182
2312 182
2313 182
2314 201
2315 180
2316 181
2317 182
2318 182
2319 183
2320 181
2321 205
2322 180
2323 180
2324 182
2325 182
2326 182
2327 181
2328 182
2329 200
2330 180
2331 181
2332 181
2333 181
2334 182
2335 181
2336 202
2337 179
2338 181
2339 181
2340 181
2341 182
2342 182
2343 182
2344 185
2345 180
2346 181
2347 181
2348 182
2349 182
2350 182
2351 202
2352 180
2353 181
2354 181
2355 181
2356 181
2357 182
2358 183
2359 192
2360 180
2361 181
2362 181
2363 182
2364 181
2365 182
2366 201
2367 179
2368 181
2369 182
2370 181
2371 181
2372 182
2373 197
2374 179
2375 180
2376 181
2377 181
2378 181
2379 181
2380 182
2381 201
2382 180
2383 181
2384 181
2385 181
2386 182
2387 182
2388 202
2389 179
2390 180
2391 181
2392 181
2393 182
2394 182
2395 182
2396 201
2397 180
2398 180
2399 182
2400 181
2401 182
2402 182
2403 202
2404 180
2405 181
2406 181
2407 181
2408 182
2409 182
2410 182
2411 200
2412 180
2413 181
2414 181
2415 181
2416 182
2417 182
2418 201
2419 180
2420 181
2421 181
2422 181
2423 182
2424 182
2425 200
2426 179
2427 180
2428 181
2429 181
2430 181
2431 181
2432 181
2433 200
2434 180
2435 181
2436 181
2437 181
2438 181
2439 182
2440 202
2441 180
2442 181
2443 181
2444 181
2445 182
2446 181
2447 182
2448 200
2449 180
2450 181
2451 181
2452 181
2453 181
2454 182
2455 201
2456 179
2457 181
2458 181
2459 182
2460 183
2461 182
2462 182
2463 200
2464 180
2465 181
2466 181
2467 182
2468 182
2469 182
2470 201
2471 180
2472 181
2473 181
2474 182
2475 181
2476 182
2477 182
2478 182
2479 182
2480 182
2481 182
2482 182
2483 182
2484 182
2485 183
2486 182
2487 182
2488 182
2489 182
2490 182
2491 182
2492 183
2493 182
2494 183
2495 183
2496 183
2497 182
2498 183
2499 183
2500 183
2501 182
2502 182
2503 182
2504 183
2505 182
2506 183
2507 182
2508 182
2509 183
2510 183
2511 183
2512 183
2513 182
2514 183
2515 182
2516 183
2517 183
2518 182
2519 183
2520 183
2521 182
2522 183
2523 182
2524 183
2525 182
2526 183
2527 183
2528 183
2529 183
2530 183
2531 183
2532 183
2533 182
2534 183
2535 183
2536 182
2537 205
2538 181
2539 181
2540 182
2541 182
2542 182
2543 182
2544 183
2545 201
2546 180
2547 181
2548 181
2549 182
2550 181
2551 183
2552 202
2553 179
2554 181
2555 181
2556 182
2557 182
2558 181
2559 182
2560 201
2561 180
2562 181
2563 181
2564 513
2565 182
2566 201
2567 180
2568 181
2569 181
2570 181
2571 181
2572 182
2573 187
2574 183
2575 180
2576 181
2577 181
2578 182
2579 182
2580 182
2581 201
2582 180
2583 181
2584 181
2585 181
2586 182
2587 182
2588 182
2589 182
2590 182
2591 182
2592 182
2593 182
2594 182
2595 182
2596 182
2597 182
2598 182
2599 182
2600 182
2601 182
2602 182
2603 182
2604 182
2605 182
2606 182
2607 182
2608 183
2609 182
2610 182
2611 182
2612 183
2613 183
2614 183
2615 182
2616 182
2617 182
2618 182
2619 182
2620 183
2621 182
2622 183
2623 182
2624 182
2625 183
2626 182
2627 182
2628 182
2629 183
2630 183
2631 183
2632 183
2633 182
2634 182
2635 183
2636 183
2637 183
2638 183
2639 183
2640 183
2641 183
2642 183
2643 183
2644 182
2645 183
2646 183
2647 182
2648 205
2649 180
2650 181
2651 182
2652 182
2653 182
2654 182
2655 182
2656 201
2657 180
2658 181
2659 181
2660 182
2661 182
2662 182
2663 204
2664 180
2665 181
2666 182
2667 182
2668 181
2669 182
2670 182
2671 201
2672 180
2673 181
2674 182
2675 182
2676 182
2677 182
2678 202
2679 180
2680 181
2681 181
2682 181
2683 182
2684 182
2685 182
2686 201
2687 180
2688 181
2689 181
2690 181
2691 182
2692 182
2693 202
2694 180
2695 181
2696 181
2697 182
2698 182
2699 182
2700 192
2701 179
2702 180
2703 181
2704 181
2705 182
2706 182
2707 182
2708 202
2709 180
2710 181
2711 181
2712 182
2713 182
2714 182
2715 205
2716 180
2717 180
2718 182
2719 182
2720 182
2721 182
2722 182
2723 202
2724 180
2725 182
2726 182
2727 181
2728 182
2729 182
2730 201
2731 180
2732 181
2733 181
2734 182
2735 181
2736 182
2737 182
2738 200
2739 180
2740 181
2741 181
2742 181
2743 182
2744 182
2745 202
2746 180
2747 180
2748 181
2749 181
2750 182
2751 182
2752 182
2753 188
2754 180
2755 181
2756 182
2757 182
2758 182
2759 182
2760 202
2761 180
2762 181
2763 181
2764 181
2765 182
2766 182
2767 186
2768 180
2769 180
2770 181
2771 181
2772 181
2773 182
2774 181
2775 202
2776 180
2777 180
2778 181
2779 182
2780 182
2781 182
2782 202
2783 179
2784 181
2785 181
2786 181
2787 182
2788 182
2789 182
2790 201
2791 180
2792 181
2793 181
2794 181
2795 182
2796 182
2797 201
2798 180
2799 181
2800 182
2801 182
2802 182
2803 182
2804 181
2805 201
2806 180
2807 181
2808 182
2809 182
2810 182
2811 182
2812 202
2813 180
2814 181
2815 181
2816 182
2817 182
2818 182
2819 182
2820 190
2821 180
2822 180
2823 182
2824 181
2825 181
2826 182
2827 202
2828 180
2829 181
2830 181
2831 181
2832 182
2833 182
2834 204
2835 179
2836 180
2837 181
2838 181
2839 182
2840 182
2841 182
2842 201
2843 180
2844 181
2845 181
2846 181
2847 181
2848 181
2849 203
2850 179
2851 180
2852 180
2853 181
2854 182
2855 181
2856 182
2857 201
2858 180
2859 181
2860 181
2861 181
2862 182
2863 182
2864 204
2865 179
2866 180
2867 181
2868 181
2869 181
2870 182
2871 182
2872 201
2873 180
2874 181
2875 181
2876 181
2877 181
2878 182
2879 202
2880 180
2881 181
2882 181
2883 182
2884 181
2885 182
2886 182
2887 182
2888 182
2889 182
2890 182
2891 182
2892 182
2893 182
2894 182
2895 182
2896 182
2897 182
2898 182
2899 182
2900 183
2901 183
2902 182
2903 183
2904 183
2905 183
2906 182
2907 183
2908 183
2909 182
2910 183
2911 182
2912 183
2913 183
2914 182
2915 182
2916 183
2917 182
2918 183
2919 182
2920 182
2921 183
2922 182
2923 183
2924 182
2925 182
2926 183
2927 183
2928 182
2929 182
2930 183
2931 183
2932 183
2933 183
2934 183
2935 184
2936 182
2937 183
2938 183
2939 183
2940 183
2941 183
2942 183
2943 183
2944 183
2945 182
2946 183
2947 191
2948 181
2949 182
2950 182
2951 182
2952 182
2953 182
2954 202
2955 180
2956 181
2957 181
2958 182
2959 182
2960 182
2961 202
2962 179
2963 181
2964 182
2965 183
2966 182
2967 182
2968 183
2969 202
2970 180
2971 181
2972 181
2973 182
2974 182
2975 182
2976 193
2977 179
2978 180
2979 181
2980 181
2981 181
2982 182
2983 182
2984 201
2985 180
2986 180
2987 181
2988 182
2989 181
2990 182
2991 198
2992 179
2993 180
2994 181
2995 182
2996 182
2997 182
2998 182
2999 201
3000 180
3001 180
3002 181
3003 182
3004 182
3005 182
3006 202
3007 179
3008 180
3009 181
3010 181
3011 181
3012 182
3013 182
3014 200
3015 180
3016 181
3017 181
3018 181
3019 182
3020 181
3021 202
3022 180
3023 181
3024 181
3025 181
3026 182
3027 182
3028 182
3029 200
3030 180
3031 181
3032 181
3033 182
3034 182
3035 182
3036 202
3037 179
3038 181
3039 181
3040 182
3041 182
3042 182
3043 186
3044 182
3045 180
3046 181
3047 181
3048 182
3049 182
3050 182
3051 201
3052 180
3053 181
3054 181
3055 182
3056 182
3057 182
3058 194
3059 179
3060 180
3061 181
3062 181
3063 181
3064 181
3065 181
3066 201
3067 179
3068 180
3069 181
3070 182
3071 182
3072 181
3073 187
3074 180
3075 180
3076 181
3077 513
3078 182
3079 182
3080 201
3081 180
3082 181
3083 181
3084 182
3085 182
3086 182
3087 204
3088 180
3089 181
3090 181
3091 181
3092 182
3093 181
3094 182
3095 201
3096 180
3097 181
3098 181
3099 182
3100 182
3101 182
3102 202
3103 179
3104 181
3105 181
3106 181
3107 182
3108 181
3109 182
3110 193
3111 180
3112 181
3113 181
3114 182
3115 182
3116 182
3117 202
3118 180
3119 181
3120 182
3121 181
3122 182
3123 182
3124 182
3125 197
3126 180
3127 182
3128 182
3129 182
3130 181
3131 181
3132 202
3133 180
3134 181
3135 182
3136 182
3137 182
3138 182
3139 182
3140 189
3141 180
3142 181
3143 182
3144 182
3145 182
3146 182
3147 201
3148 180
3149 181
3150 181
3151 182
3152 182
3153 181
3154 205
3155 179
3156 181
3157 181
3158 181
3159 181
3160 181
3161 181
3162 201
3163 180
3164 181
3165 181
3166 181
3167 182
3168 182
3169 203
3170 180
3171 181
3172 181
3173 181
3174 182
3175 181
3176 182
3177 201
3178 180
3179 181
3180 181
3181 182
3182 182
3183 181
3184 205
3185 179
3186 180
3187 181
3188 181
3189 181
3190 181
3191 181
3192 200
3193 180
3194 181
3195 181
3196 182
3197 182
3198 181
3199 202
3200 180
3201 180
3202 182
3203 182
3204 182
3205 182
3206 186
3207 181
3208 180
3209 181
3210 181
3211 181
3212 182
3213 182
3214 201
3215 180
3216 180
3217 181
3218 181
3219 181
3220 182
3221 197
3222 178
3223 181
3224 181
3225 181
3226 182
3227 182
3228 182
3229 201
3230 180
3231 181
3232 181
3233 181
3234 182
3235 182
3236 202
3237 179
3238 181
3239 181
3240 181
3241 182
3242 181
3243 182
3244 201
3245 180
3246 181
3247 181
3248 181
3249 182
3250 182
3251 202
3252 179
3253 180
3254 181
3255 181
3256 181
3257 181
3258 181
3259 201
3260 180
3261 181
3262 181
3263 181
3264 181
3265 182
3266 201
3267 180
3268 180
3269 181
3270 181
3271 181
3272 182
3273 181
3274 200
3275 180
3276 181
3277 181
3278 182
3279 182
3280 182
3281 201
3282 180
3283 181
3284 181
3285 182
3286 181
3287 182
3288 182
3289 197
3290 181
3291 181
3292 182
3293 182
3294 181
3295 182
3296 181
3297 182
3298 181
3299 182
3300 182
3301 182
3302 182
3303 182
3304 183
3305 182
3306 182
3307 182
3308 183
3309 183
3310 182
3311 182
3312 182
3313 182
3314 182
3315 182
3316 182
3317 182
3318 183
3319 183
3320 183
3321 182
3322 182
3323 182
3324 182
3325 182
3326 182
3327 182
3328 182
3329 182
3330 182
3331 182
3332 182
3333 182
3334 183
3335 182
3336 182
3337 183
3338 183
3339 183
3340 183
3341 183
3342 183
3343 183
3344 183
3345 183
3346 183
3347 183
3348 183
3349 183
3350 182
3351 183
3352 183
3353 182
3354 182
3355 182
3356 202
3357 181
3358 181
3359 181
3360 183
3361 182
3362 183
3363 200
3364 179
3365 181
3366 181
3367 183
3368 183
3369 183
3370 183
3371 201
3372 181
3373 182
3374 182
3375 181
3376 182
3377 182
3378 202
3379 180
3380 181
3381 182
3382 181
3383 182
3384 182
3385 182
3386 201
3387 180
3388 181
3389 182
3390 182
3391 182
3392 182
3393 202
3394 180
3395 181
3396 182
3397 182
3398 182
3399 182
3400 182
3401 197
3402 180
3403 181
3404 181
3405 182
3406 182
3407 182
3408 201
3409 180
3410 181
3411 181
3412 182
3413 182
3414 182
3415 182
3416 192
3417 180
3418 181
3419 181
3420 182
3421 182
3422 182
3423 201
3424 179
3425 181
3426 181
3427 182
3428 182
3429 182
3430 204
3431 180
3432 181
3433 181
3434 181
3435 182
3436 182
3437 182
3438 200
3439 181
3440 181
3441 181
3442 182
3443 182
3444 182
3445 202
3446 179
3447 181
3448 181
3449 182
3450 182
3451 182
3452 182
3453 201
3454 180
3455 180
3456 181
3457 181
3458 181
3459 182
3460 201
3461 180
3462 181
3463 182
3464 182
3465 182
3466 182
3467 182
3468 200
3469 180
3470 181
3471 181
3472 181
3473 181
3474 181
3475 201
3476 180
3477 180
3478 181
3479 181
3480 182
3481 181
3482 197
3483 179
3484 180
3485 181
3486 181
3487 181
3488 182
3489 182
3490 201
3491 180
3492 181
3493 181
3494 182
3495 182
3496 182
3497 202
3498 179
3499 180
3500 181
3501 181
3502 181
3503 182
3504 181
3505 201
3506 180
3507 181
3508 181
3509 181
3510 182
3511 182
3512 202
3513 180
3514 180
3515 181
3516 181
3517 182
3518 182
3519 182
3520 201
3521 180
3522 182
3523 181
3524 182
3525 182
3526 181
3527 202
3528 179
3529 181
3530 182
3531 181
3532 182
3533 182
3534 182
3535 195
3536 180
3537 181
3538 181
3539 182
3540 181
3541 182
3542 201
3543 180
3544 181
3545 181
3546 182
3547 182
3548 181
3549 196
3550 178
3551 180
3552 182
3553 182
3554 182
3555 182
3556 182
3557 202
3558 180
3559 181
3560 181
3561 182
3562 181
3563 181
3564 202
3565 179
3566 180
3567 181
3568 181
3569 181
3570 181
3571 181
3572 201
3573 180
3574 181
3575 181
3576 181
3577 182
3578 182
3579 199
3580 178
3581 181
3582 181
3583 181
3584 181
3585 181
3586 181
3587 201
3588 180
3589 181
3590 513
3591 181
3592 182
3593 205
3594 179
3595 181
3596 181
3597 181
3598 182
3599 181
3600 182
3601 201
3602 180
3603 180
3604 182
3605 182
3606 181
3607 182
3608 201
3609 180
3610 180
3611 181
3612 181
3613 181
3614 182
3615 182
3616 200
3617 181
3618 181
3619 182
3620 182
3621 181
3622 182
3623 201
3624 180
3625 181
3626 181
3627 181
3628 181
3629 181
3630 192
3631 179
3632 180
3633 181
3634 181
3635 181
3636 181
3637 181
3638 201
3639 180
3640 181
3641 181
3642 181
3643 182
3644 181
3645 203
3646 180
3647 181
3648 181
3649 182
3650 181
3651 182
3652 182
3653 201
3654 180
3655 181
3656 181
3657 181
3658 181
3659 181
3660 202
3661 180
3662 181
3663 181
3664 181
3665 181
3666 182
3667 182
3668 201
3669 180
3670 181
3671 181
3672 182
3673 181
3674 181
3675 202
3676 180
3677 181
3678 181
3679 181
3680 182
3681 182
3682 197
3683 178
3684 181
3685 181
3686 182
3687 182
3688 181
3689 182
3690 201
3691 180
3692 181
3693 181
3694 182
3695 182
3696 182
3697 202
3698 179
3699 180
3700 181
3701 181
3702 181
3703 181
3704 181
3705 182
3706 182
3707 182
3708 182
3709 182
3710 182
3711 182
3712 182
3713 182
3714 182
3715 182
3716 182
3717 182
3718 182
3719 183
3720 182
3721 182
3722 182
3723 182
3724 183
3725 182
3726 183
3727 182
3728 182
3729 182
3730 182
3731 182
3732 182
3733 182
3734 182
3735 182
3736 182
3737 183
3738 183
3739 183
3740 183
3741 183
3742 182
3743 183
3744 183
3745 183
3746 183
3747 183
3748 183
3749 182
3750 183
3751 182
3752 183
3753 182
3754 183
3755 182
3756 183
3757 183
3758 182
3759 183
3760 183
3761 183
3762 182
3763 182
3764 183
3765 202
3766 181
3767 182
3768 182
3769 183
3770 183
3771 182
3772 203
3773 180
3774 181
3775 182
3776 182
3777 183
3778 182
3779 182
3780 201
3781 180
3782 181
3783 181
3784 182
3785 182
3786 182
3787 202
3788 180
3789 180
3790 181
3791 181
3792 182
3793 182
3794 182
3795 197
3796 180
3797 182
3798 182
3799 181
3800 182
3801 182
3802 202
3803 180
3804 181
3805 182
3806 182
3807 181
3808 181
3809 182
3810 191
3811 180
3812 181
3813 181
3814 181
3815 181
3816 181
3817 202
3818 180
3819 181
3820 181
3821 181
3822 181
3823 182
3824 204
3825 179
3826 180
3827 181
3828 181
3829 181
3830 182
3831 182
3832 201
3833 180
3834 181
3835 181
3836 182
3837 181
3838 181
3839 202
3840 179
3841 180
3842 181
3843 181
3844 181
3845 182
3846 182
3847 201
3848 180
3849 181
3850 182
3851 181
3852 182
3853 182
3854 205
3855 180
3856 180
3857 182
3858 182
3859 182
3860 182
3861 182
3862 201
3863 180
3864 181
3865 182
3866 181
3867 181
3868 181
3869 201
3870 179
3871 180
3872 181
3873 181
3874 181
3875 182
3876 181
3877 201
3878 180
3879 180
3880 181
3881 182
3882 182
3883 182
3884 202
3885 180
3886 181
3887 181
3888 181
3889 182
3890 182
3891 181
3892 201
3893 180
3894 181
3895 181
3896 182
3897 181
3898 181
3899 201
3900 180
3901 181
3902 181
3903 181
3904 181
3905 182
3906 185
3907 181
3908 180
3909 181
3910 181
3911 182
3912 182
3913 182
3914 201
3915 180
3916 181
3917 181
3918 182
3919 182
3920 182
3921 202
3922 180
3923 181
3924 181
3925 181
3926 181
3927 182
3928 182
3929 201
3930 180
3931 182
3932 182
3933 181
3934 182
3935 182
3936 202
3937 180
3938 181
3939 181
3940 182
3941 181
3942 182
3943 182
3944 200
3945 180
3946 181
3947 182
3948 182
3949 181
3950 181
3951 201
3952 179
3953 181
3954 181
3955 181
3956 182
3957 182
3958 181
3959 190
3960 180
3961 181
3962 181
3963 181
3964 182
3965 182
3966 201
3967 180
3968 180
3969 181
3970 181
3971 181
3972 182
3973 203
3974 179
3975 180
3976 181
3977 182
3978 182
3979 182
3980 182
3981 201
3982 180
3983 181
3984 181
3985 181
3986 181
3987 181
3988 201
3989 180
3990 180
3991 181
3992 181
3993 181
3994 181
3995 182
3996 201
3997 180
3998 181
3999 181
