0 183
1 182
2 182
3 183
4 182
5 183
6 182
7 182
8 182
9 183
10 183
11 182
12 183
13 182
14 183
15 183
16 183
17 199
18 180
19 181
20 182
21 182
22 182
23 183
24 182
25 202
26 180
27 181
28 181
29 181
30 181
31 182
32 197
33 179
34 181
35 182
36 181
37 182
38 182
39 182
40 202
41 180
42 181
43 182
44 182
45 182
46 182
47 199
48 178
49 180
50 181
51 181
52 181
53 182
54 182
55 201
56 180
57 181
58 181
59 182
60 182
61 182
62 202
63 179
64 180
65 181
66 182
67 182
68 181
69 182
70 201
71 180
72 181
73 182
74 181
75 182
76 181
77 204
78 179
79 180
80 181
81 181
82 181
83 182
84 182
85 202
86 180
87 181
88 182
89 182
90 181
91 182
92 205
93 180
94 180
95 181
96 181
97 182
98 181
99 182
100 201
101 180
102 181
103 182
104 181
105 181
106 181
107 204
108 180
109 180
110 181
111 181
112 182
113 182
114 182
115 202
116 180
117 181
118 181
119 181
120 182
121 182
122 203
123 180
124 180
125 181
126 181
127 181
128 182
129 182
130 201
131 180
132 181
133 181
134 181
135 181
136 181
137 202
138 179
139 180
140 181
141 182
142 182
143 181
144 182
145 201
146 180
147 181
148 181
149 181
150 181
151 181
152 202
153 179
154 180
155 181
156 181
157 182
158 181
159 182
160 201
161 180
162 181
163 181
164 181
165 181
166 182
167 202
168 179
169 181
170 181
171 181
172 182
173 182
174 182
175 200
176 180
177 181
178 181
179 181
180 182
181 182
182 202
183 180
184 180
185 181
186 181
187 181
188 182
189 181
190 201
191 180
192 180
193 182
194 181
195 182
196 182
197 202
198 180
199 181
200 181
201 181
202 181
203 182
204 182
205 201
206 180
207 181
208 181
209 181
210 181
211 182
212 201
213 179
214 181
215 181
216 181
217 181
218 181
219 182
220 197
221 180
222 181
223 181
224 181
225 181
226 181
227 202
228 180
229 181
230 181
231 181
232 182
233 182
234 181
235 188
236 180
237 180
238 181
239 182
240 182
241 182
242 201
243 179
244 181
245 181
246 181
247 181
248 182
249 186
250 180
251 180
252 181
253 181
254 181
255 182
256 182
257 182
258 182
259 181
260 181
261 182
262 182
263 182
264 182
265 182
266 182
267 182
268 182
269 182
270 182
271 182
272 183
273 183
274 182
275 182
276 183
277 182
278 183
279 183
280 182
281 182
282 183
283 183
284 183
285 182
286 183
287 183
288 182
289 183
290 183
291 183
292 183
293 182
294 183
295 183
296 182
297 182
298 182
299 182
300 183
301 182
302 183
303 182
304 183
305 183
306 183
307 183
308 183
309 183
310 183
311 183
312 183
313 183
314 183
315 183
316 183
317 203
318 180
319 181
320 182
321 182
322 182
323 182
324 183
325 201
326 180
327 181
328 181
329 182
330 182
331 182
332 202
333 180
334 181
335 182
336 182
337 182
338 182
339 182
340 200
341 180
342 181
343 182
344 182
345 181
346 182
347 202
348 180
349 181
350 181
351 182
352 181
353 181
354 183
355 201
356 181
357 181
358 181
359 182
360 182
361 182
362 202
363 179
364 181
365 181
366 181
367 182
368 182
369 181
370 200
371 180
372 180
373 181
374 182
375 182
376 182
377 202
378 179
379 180
380 181
381 182
382 181
383 182
384 182
385 200
386 180
387 181
388 181
389 181
390 182
391 181
392 201
393 179
394 181
395 181
396 181
397 182
398 182
399 181
400 201
401 180
402 181
403 181
404 182
405 181
406 182
407 202
408 180
409 180
410 181
411 181
412 182
413 182
414 182
415 194
416 180
417 181
418 181
419 181
420 182
421 182
422 201
423 180
424 181
425 181
426 181
427 182
428 182
429 182
430 185
431 180
432 181
433 181
434 182
435 182
436 182
437 202
438 180
439 181
440 181
441 181
442 182
443 182
444 190
445 180
446 180
447 181
448 181
449 182
450 181
451 182
452 201
453 180
454 180
455 181
456 181
457 181
458 181
459 198
460 179
461 180
462 181
463 182
464 182
465 182
466 182
467 201
468 180
469 181
470 181
471 182
472 182
473 182
474 202
475 179
476 180
477 181
478 181
479 181
480 182
481 182
482 201
483 179
484 180
485 181
486 182
487 182
488 181
489 205
490 179
491 180
492 181
493 181
494 181
495 181
496 181
497 202
498 180
499 181
500 181
501 181
502 181
503 182
504 204
505 179
506 180
507 181
508 181
509 181
510 182
511 182
512 513
513 180
514 181
515 181
516 182
517 205
518 179
519 180
520 181
521 182
522 182
523 182
524 182
525 201
526 180
527 181
528 181
529 182
530 182
531 182
532 202
533 179
534 180
535 181
536 181
537 181
538 182
539 182
540 201
541 181
542 181
543 182
544 181
545 182
546 182
547 201
548 180
549 181
550 182
551 181
552 182
553 182
554 181
555 192
556 180
557 181
558 181
559 182
560 182
561 182
562 202
563 180
564 180
565 181
566 182
567 181
568 182
569 197
570 178
571 181
572 181
573 181
574 182
575 181
576 181
577 201
578 180
579 180
580 181
581 181
582 182
583 182
584 202
585 179
586 181
587 181
588 181
589 182
590 182
591 182
592 200
593 180
594 181
595 181
596 181
597 181
598 181
599 202
600 180
601 180
602 181
603 181
604 181
605 181
606 182
607 200
608 180
609 181
610 181
611 182
612 182
613 182
614 202
615 179
616 181
617 181
618 182
619 182
620 182
621 185
622 182
623 181
624 181
625 181
626 182
627 181
628 182
629 202
630 180
631 181
632 181
633 182
634 182
635 182
636 204
637 180
638 181
639 181
640 182
641 182
642 182
643 181
644 201
645 180
646 181
647 182
648 181
649 181
650 181
651 202
652 179
653 180
654 181
655 181
656 181
657 182
658 182
659 200
660 180
661 181
662 181
663 181
664 181
665 182
666 203
667 180
668 181
669 181
670 182
671 182
672 182
673 182
674 182
675 182
676 182
677 182
678 182
679 182
680 182
681 182
682 182
683 182
684 183
685 182
686 183
687 182
688 182
689 182
690 182
691 182
692 182
693 182
694 182
695 183
696 183
697 182
698 183
699 183
700 183
701 183
702 183
703 183
704 183
705 183
706 183
707 182
708 183
709 183
710 183
711 183
712 182
713 183
714 183
715 182
716 183
717 182
718 183
719 182
720 182
721 182
722 182
723 182
724 183
725 182
726 183
727 183
728 184
729 182
730 183
731 183
732 182
733 205
734 181
735 181
736 181
737 182
738 182
739 182
740 183
741 202
742 180
743 182
744 181
745 182
746 182
747 182
748 203
749 180
750 181
751 181
752 181
753 182
754 182
755 182
756 201
757 181
758 181
759 181
760 182
761 182
762 182
763 203
764 181
765 181
766 181
767 182
768 182
769 182
770 181
771 201
772 180
773 181
774 181
775 181
776 182
777 182
778 203
779 180
780 181
781 181
782 182
783 182
784 182
785 182
786 201
787 180
788 182
789 182
790 182
791 182
792 182
793 202
794 180
795 180
796 181
797 181
798 182
799 182
800 205
801 179
802 180
803 181
804 181
805 181
806 181
807 182
808 201
809 180
810 181
811 181
812 182
813 182
814 181
815 202
816 180
817 181
818 181
819 181
820 182
821 182
822 182
823 201
824 180
825 181
826 181
827 181
828 181
829 182
830 203
831 179
832 181
833 181
834 181
835 181
836 181
837 182
838 200
839 180
840 181
841 182
842 182
843 182
844 182
845 202
846 179
847 181
848 181
849 182
850 182
851 182
852 187
853 183
854 180
855 181
856 181
857 181
858 182
859 182
860 202
861 180
862 181
863 182
864 181
865 182
866 182
867 202
868 180
869 180
870 182
871 182
872 182
873 182
874 182
875 201
876 180
877 181
878 181
879 182
880 182
881 182
882 202
883 180
884 180
885 181
886 181
887 181
888 181
889 182
890 201
891 180
892 181
893 181
894 181
895 181
896 182
897 201
898 179
899 180
900 181
901 181
902 182
903 182
904 185
905 183
906 180
907 181
908 182
909 182
910 182
911 182
912 202
913 180
914 181
915 181
916 182
917 181
918 182
919 204
920 179
921 180
922 181
923 181
924 181
925 182
926 181
927 201
928 179
929 181
930 181
931 182
932 182
933 182
934 205
935 179
936 181
937 181
938 182
939 182
940 182
941 182
942 201
943 181
944 181
945 182
946 182
947 182
948 182
949 202
950 179
951 181
952 181
953 182
954 181
955 181
956 182
957 200
958 180
959 181
960 181
961 182
962 182
963 182
964 202
965 180
966 181
967 181
968 181
969 182
970 182
971 182
972 182
973 182
974 182
975 182
976 182
977 181
978 182
979 182
980 182
981 182
982 182
983 182
984 182
985 182
986 182
987 182
988 182
989 182
990 182
991 183
992 183
993 182
994 183
995 183
996 182
997 183
998 182
999 182
1000 182
1001 182
1002 182
1003 183
1004 182
1005 182
1006 182
1007 182
1008 182
1009 182
1010 182
1011 183
1012 182
1013 183
1014 182
1015 183
1016 183
1017 183
1018 183
1019 183
1020 183
1021 183
1022 182
1023 183
1024 183
1025 513
1026 183
1027 181
1028 182
1029 202
1030 179
1031 181
1032 181
1033 181
1034 182
1035 182
1036 182
1037 201
1038 180
1039 181
1040 181
1041 181
1042 181
1043 182
1044 202
1045 179
1046 181
1047 181
1048 181
1049 181
1050 182
1051 182
1052 190
1053 180
1054 181
1055 181
1056 182
1057 182
1058 182
1059 201
1060 180
1061 181
1062 181
1063 181
1064 182
1065 182
1066 205
1067 179
1068 181
1069 181
1070 182
1071 181
1072 181
1073 182
1074 200
1075 180
1076 181
1077 181
1078 182
1079 181
1080 181
1081 202
1082 179
1083 180
1084 181
1085 182
1086 181
1087 182
1088 182
1089 182
1090 182
1091 182
1092 182
1093 182
1094 182
1095 183
1096 182
1097 183
1098 182
1099 182
1100 182
1101 182
1102 182
1103 182
1104 182
1105 182
1106 182
1107 182
1108 183
1109 182
1110 182
1111 182
1112 182
1113 183
1114 182
1115 182
1116 182
1117 183
1118 183
1119 183
1120 183
1121 182
1122 182
1123 183
1124 183
1125 183
1126 183
1127 183
1128 183
1129 183
1130 182
1131 183
1132 183
1133 183
1134 183
1135 182
1136 183
1137 182
1138 183
1139 182
1140 182
1141 183
1142 183
1143 183
1144 182
1145 183
1146 183
1147 182
1148 203
1149 180
1150 181
1151 182
1152 182
1153 183
1154 182
1155 183
1156 202
1157 181
1158 182
1159 181
1160 182
1161 182
1162 182
1163 202
1164 180
1165 181
1166 181
1167 181
1168 182
1169 182
1170 182
1171 201
1172 180
1173 181
1174 181
1175 182
1176 182
1177 181
1178 202
1179 180
1180 181
1181 182
1182 182
1183 182
1184 182
1185 182
1186 197
1187 181
1188 181
1189 181
1190 182
1191 182
1192 182
1193 202
1194 180
1195 181
1196 181
1197 182
1198 182
1199 182
1200 201
1201 179
1202 180
1203 181
1204 181
1205 181
1206 182
1207 182
1208 202
1209 180
1210 181
1211 182
1212 182
1213 182
1214 182
1215 197
1216 181
1217 181
1218 181
1219 181
1220 182
1221 182
1222 182
1223 201
1224 180
1225 181
1226 181
1227 181
1228 181
1229 182
1230 204
1231 179
1232 181
1233 181
1234 181
1235 182
1236 182
1237 182
1238 200
1239 180
1240 181
1241 182
1242 182
1243 182
1244 181
1245 202
1246 179
1247 181
1248 181
1249 181
1250 182
1251 181
1252 186
1253 181
1254 180
1255 181
1256 181
1257 181
1258 182
1259 181
1260 201
1261 180
1262 181
1263 181
1264 182
1265 182
1266 182
1267 202
1268 179
1269 181
1270 181
1271 182
1272 182
1273 182
1274 183
1275 201
1276 180
1277 181
1278 181
1279 182
1280 182
1281 181
1282 202
1283 180
1284 181
1285 181
1286 182
1287 181
1288 182
1289 182
1290 201
1291 180
1292 181
1293 182
1294 182
1295 182
1296 182
1297 202
1298 180
1299 181
1300 181
1301 182
1302 182
1303 182
1304 187
1305 180
1306 180
1307 180
1308 181
1309 181
1310 182
1311 182
1312 201
1313 180
1314 180
1315 181
1316 181
1317 181
1318 182
1319 202
1320 179
1321 180
1322 181
1323 181
1324 181
1325 182
1326 182
1327 201
1328 180
1329 181
1330 181
1331 181
1332 182
1333 181
1334 202
1335 179
1336 180
1337 181
1338 182
1339 182
1340 182
1341 182
1342 201
1343 180
1344 181
1345 181
1346 182
1347 182
1348 181
1349 202
1350 180
1351 180
1352 182
1353 182
1354 182
1355 182
1356 182
1357 192
1358 180
1359 181
1360 181
1361 182
1362 181
1363 182
1364 202
1365 179
1366 181
1367 181
1368 181
1369 181
1370 182
1371 204
1372 179
1373 181
1374 181
1375 181
1376 182
1377 182
1378 182
1379 201
1380 180
1381 181
1382 181
1383 181
1384 182
1385 182
1386 182
1387 182
1388 182
1389 182
1390 182
1391 183
1392 182
1393 182
1394 182
1395 182
1396 182
1397 182
1398 182
1399 182
1400 182
1401 182
1402 182
1403 182
1404 182
1405 182
1406 183
1407 182
1408 183
1409 182
1410 182
1411 182
1412 182
1413 182
1414 183
1415 182
1416 182
1417 183
1418 183
1419 182
1420 183
1421 182
1422 182
1423 182
1424 183
1425 182
1426 182
1427 182
1428 183
1429 182
1430 183
1431 183
1432 183
1433 183
1434 182
1435 183
1436 182
1437 183
1438 183
1439 183
1440 183
1441 183
1442 183
1443 183
1444 183
1445 183
1446 203
1447 181
1448 182
1449 183
1450 182
1451 183
1452 182
1453 183
1454 201
1455 180
1456 182
1457 181
1458 182
1459 182
1460 182
1461 202
1462 180
1463 181
1464 181
1465 182
1466 183
1467 182
1468 186
1469 183
1470 180
1471 181
1472 182
1473 182
1474 182
1475 182
1476 202
1477 180
1478 182
1479 181
1480 181
1481 182
1482 182
1483 205
1484 179
1485 181
1486 181
1487 181
1488 182
1489 181
1490 182
1491 201
1492 180
1493 182
1494 181
1495 181
1496 182
1497 182
1498 202
1499 180
1500 181
1501 181
1502 181
1503 182
1504 182
1505 182
1506 201
1507 180
1508 181
1509 181
1510 182
1511 181
1512 181
1513 202
1514 179
1515 180
1516 181
1517 181
1518 182
1519 182
1520 182
1521 201
1522 180
1523 181
1524 182
1525 182
1526 181
1527 182
1528 203
1529 180
1530 181
1531 181
1532 182
1533 181
1534 182
1535 181
1536 201
1537 180
1538 513
1539 181
1540 183
1541 182
1542 182
1543 183
1544 183
1545 183
1546 183
1547 182
1548 183
1549 183
1550 183
1551 183
1552 182
1553 183
1554 183
1555 183
1556 183
1557 182
1558 183
1559 183
1560 183
1561 183
1562 183
1563 205
1564 180
1565 181
1566 182
1567 182
1568 182
1569 182
1570 183
1571 201
1572 181
1573 181
1574 181
1575 182
1576 182
1577 182
1578 202
1579 179
1580 181
1581 181
1582 182
1583 182
1584 182
1585 182
1586 201
1587 180
1588 181
1589 182
1590 182
1591 182
1592 182
1593 202
1594 180
1595 181
1596 181
1597 182
1598 182
1599 182
1600 183
1601 202
1602 181
1603 181
1604 181
1605 181
1606 181
1607 181
1608 201
1609 179
1610 181
1611 181
1612 181
1613 181
1614 181
1615 182
1616 200
1617 180
1618 181
1619 181
1620 182
1621 182
1622 182
1623 202
1624 180
1625 181
1626 181
1627 181
1628 182
1629 182
1630 182
1631 197
1632 180
1633 182
1634 182
1635 181
1636 182
1637 182
1638 202
1639 180
1640 181
1641 182
1642 181
1643 181
1644 182
1645 181
1646 179
1647 180
1648 181
1649 181
1650 181
1651 182
1652 181
1653 201
1654 180
1655 181
1656 182
1657 181
1658 182
1659 182
1660 204
1661 180
1662 181
1663 181
1664 181
1665 182
1666 182
1667 182
1668 201
1669 180
1670 181
1671 181
1672 181
1673 182
1674 182
1675 202
1676 179
1677 181
1678 181
1679 181
1680 181
1681 181
1682 182
1683 200
1684 181
1685 181
1686 181
1687 181
1688 182
1689 182
1690 202
1691 180
1692 181
1693 181
1694 181
1695 182
1696 182
1697 182
1698 200
1699 180
1700 181
1701 181
1702 181
1703 181
1704 182
1705 201
1706 179
1707 181
1708 182
1709 182
1710 181
1711 182
1712 196
1713 179
1714 181
1715 182
1716 182
1717 182
1718 183
1719 182
1720 201
1721 180
1722 181
1723 182
1724 182
1725 182
1726 181
1727 202
1728 179
1729 180
1730 181
1731 181
1732 181
1733 181
1734 182
1735 201
1736 180
1737 181
1738 181
1739 182
1740 182
1741 182
1742 202
1743 180
1744 180
1745 181
1746 182
1747 181
1748 182
1749 182
1750 200
1751 180
1752 181
1753 182
1754 181
1755 182
1756 182
1757 201
1758 180
1759 181
1760 181
1761 181
1762 181
1763 182
1764 186
1765 178
1766 180
1767 181
1768 181
1769 182
1770 182
1771 181
1772 202
1773 180
1774 181
1775 182
1776 182
1777 182
1778 182
1779 203
1780 179
1781 180
1782 181
1783 181
1784 181
1785 182
1786 182
1787 201
1788 180
1789 181
1790 182
1791 182
1792 182
1793 182
1794 202
1795 179
1796 181
1797 181
1798 182
1799 181
1800 181
1801 182
1802 182
1803 182
1804 182
1805 182
1806 182
1807 182
1808 182
1809 182
1810 182
1811 183
1812 182
1813 182
1814 182
1815 183
1816 182
1817 183
1818 182
1819 183
1820 182
1821 183
1822 182
1823 182
1824 183
1825 182
1826 182
1827 182
1828 182
1829 182
1830 183
1831 182
1832 182
1833 183
1834 182
1835 182
1836 183
1837 183
1838 183
1839 183
1840 182
1841 183
1842 183
1843 183
1844 183
1845 183
1846 183
1847 182
1848 182
1849 182
1850 183
1851 182
1852 182
1853 183
1854 182
1855 183
1856 182
1857 183
1858 182
1859 183
1860 183
1861 183
1862 197
1863 181
1864 181
1865 182
1866 183
1867 183
1868 183
1869 203
1870 180
1871 182
1872 182
1873 182
1874 182
1875 182
1876 183
1877 197
1878 181
1879 182
1880 181
1881 182
1882 182
1883 182
1884 202
1885 180
1886 181
1887 182
1888 182
1889 182
1890 182
1891 182
1892 196
1893 180
1894 181
1895 181
1896 182
1897 182
1898 182
1899 202
1900 180
1901 181
1902 182
1903 182
1904 182
1905 181
1906 202
1907 179
1908 180
1909 181
1910 181
1911 181
1912 181
1913 181
1914 201
1915 180
1916 181
1917 181
1918 181
1919 182
1920 182
1921 205
1922 179
1923 181
1924 181
1925 182
1926 181
1927 182
1928 182
1929 202
1930 180
1931 181
1932 182
1933 182
1934 182
1935 182
1936 202
1937 179
1938 180
1939 181
1940 182
1941 182
1942 182
1943 182
1944 200
1945 180
1946 181
1947 181
1948 181
1949 182
1950 182
1951 202
1952 180
1953 181
1954 181
1955 182
1956 182
1957 182
1958 182
1959 201
1960 180
1961 182
1962 181
1963 181
1964 181
1965 182
1966 202
1967 179
1968 180
1969 181
1970 181
1971 182
1972 181
1973 181
1974 184
1975 180
1976 181
1977 181
1978 181
1979 182
1980 182
1981 202
1982 180
1983 181
1984 181
1985 182
1986 182
1987 182
1988 205
1989 180
1990 181
1991 181
1992 181
1993 181
1994 182
1995 181
1996 201
1997 180
1998 181
1999 181
2000 181
2001 181
2002 182
2003 204
2004 180
2005 180
2006 181
2007 181
2008 181
2009 181
2010 182
2011 201
2012 180
2013 181
2014 182
2015 182
2016 181
2017 182
2018 202
2019 180
2020 180
2021 181
2022 181
2023 181
2024 182
2025 182
2026 201
2027 180
2028 181
2029 182
2030 181
2031 183
2032 182
2033 202
2034 180
2035 180
2036 181
2037 182
2038 181
2039 182
2040 182
2041 201
2042 180
2043 181
2044 181
2045 182
2046 182
2047 182
2048 202
2049 180
2050 180
2051 513
2052 181
2053 182
2054 200
2055 181
2056 182
2057 182
2058 182
2059 181
2060 182
2061 202
2062 180
2063 181
2064 181
2065 182
2066 182
2067 182
2068 198
2069 179
2070 180
2071 181
2072 182
2073 182
2074 182
2075 182
2076 202
2077 180
2078 181
2079 181
2080 182
2081 182
2082 182
2083 202
2084 180
2085 181
2086 181
2087 182
2088 181
2089 182
2090 182
2091 201
2092 180
2093 181
2094 181
2095 181
2096 182
2097 181
2098 202
2099 179
2100 181
2101 181
2102 182
2103 181
2104 182
2105 181
2106 201
2107 180
2108 181
2109 181
2110 182
2111 182
2112 182
2113 202
2114 180
2115 181
2116 181
2117 181
2118 181
2119 182
2120 182
2121 178
2122 180
2123 181
2124 182
2125 181
2126 181
2127 182
2128 201
2129 180
2130 180
2131 181
2132 182
2133 182
2134 181
2135 203
2136 180
2137 181
2138 181
2139 181
2140 182
2141 182
2142 183
2143 201
2144 180
2145 181
2146 182
2147 181
2148 182
2149 182
2150 202
2151 179
2152 181
2153 181
2154 181
2155 181
2156 182
2157 182
2158 201
2159 180
2160 181
2161 181
2162 181
2163 182
2164 182
2165 202
2166 180
2167 181
2168 181
2169 181
2170 182
2171 182
2172 182
2173 200
2174 181
2175 181
2176 181
2177 181
2178 182
2179 182
2180 202
2181 180
2182 181
2183 181
2184 181
2185 181
2186 181
2187 181
2188 187
2189 180
2190 181
2191 181
2192 181
2193 182
2194 181
2195 201
2196 180
2197 181
2198 182
2199 182
2200 182
2201 182
2202 202
2203 180
2204 181
2205 181
2206 181
2207 182
2208 182
2209 181
2210 201
2211 180
2212 181
2213 181
2214 181
2215 182
2216 182
2217 182
2218 182
2219 182
2220 183
2221 182
2222 183
2223 182
2224 182
2225 183
2226 182
2227 183
2228 182
2229 183
2230 182
2231 183
2232 183
2233 183
2234 182
2235 182
2236 182
2237 182
2238 182
2239 183
2240 182
2241 183
2242 182
2243 182
2244 183
2245 182
2246 182
2247 182
2248 182
2249 182
2250 183
2251 182
2252 182
2253 183
2254 183
2255 183
2256 183
2257 183
2258 183
2259 183
2260 183
2261 183
2262 183
2263 183
2264 183
2265 183
2266 183
2267 182
2268 182
2269 183
2270 182
2271 183
2272 183
2273 183
2274 182
2275 182
2276 182
2277 201
2278 180
2279 181
2280 182
2281 182
2282 182
2283 182
2284 203
2285 180
2286 182
2287 182
2288 182
2289 182
2290 182
2291 183
2292 201
2293 181
2294 181
2295 182
2296 182
2297 183
2298 182
2299 202
2300 180
2301 181
2302 182
2303 182
2304 182
2305 182
2306 182
2307 202
2308 180
2309 181
2310 181
2311 182
2312 182
2313 182
2314 202
2315 180
2316 181
2317 181
2318 181
2319 182
2320 182
2321 185
2322 182
2323 180
2324 181
2325 181
2326 182
2327 182
2328 182
2329 201
2330 180
2331 181
2332 181
2333 181
2334 182
2335 182
2336 204
2337 179
2338 180
2339 181
2340 182
2341 182
2342 182
2343 182
2344 201
2345 181
2346 182
2347 181
2348 182
2349 183
2350 181
2351 202
2352 180
2353 180
2354 181
2355 182
2356 181
2357 182
2358 182
2359 201
2360 180
2361 181
2362 181
2363 182
2364 182
2365 182
2366 202
2367 179
2368 181
2369 181
2370 181
2371 182
2372 182
2373 182
2374 201
2375 181
2376 181
2377 182
2378 182
2379 182
2380 182
2381 201
2382 180
2383 181
2384 181
2385 182
2386 182
2387 182
2388 201
2389 179
2390 180
2391 181
2392 181
2393 182
2394 182
2395 182
2396 201
2397 180
2398 181
2399 181
2400 181
2401 182
2402 182
2403 203
2404 179
2405 180
2406 181
2407 181
2408 182
2409 182
2410 182
2411 201
2412 180
2413 181
2414 181
2415 182
2416 181
2417 181
2418 202
2419 179
2420 180
2421 181
2422 181
2423 182
2424 182
2425 182
2426 200
2427 180
2428 181
2429 181
2430 182
2431 182
2432 182
2433 201
2434 180
2435 181
2436 181
2437 182
2438 182
2439 181
2440 201
2441 179
2442 180
2443 181
2444 181
2445 181
2446 181
2447 181
2448 201
2449 180
2450 181
2451 181
2452 181
2453 181
2454 182
2455 202
2456 179
2457 181
2458 182
2459 182
2460 182
2461 182
2462 182
2463 202
2464 180
2465 181
2466 182
2467 182
2468 181
2469 182
2470 202
2471 179
2472 180
2473 181
2474 181
2475 182
2476 182
2477 182
2478 200
2479 180
2480 180
2481 181
2482 182
2483 181
2484 182
2485 202
2486 180
2487 181
2488 181
2489 181
2490 182
2491 182
2492 193
2493 179
2494 181
2495 182
2496 181
2497 181
2498 181
2499 182
2500 201
2501 180
2502 180
2503 181
2504 181
2505 181
2506 182
2507 202
2508 180
2509 180
2510 181
2511 181
2512 182
2513 182
2514 182
2515 182
2516 182
2517 182
2518 182
2519 182
2520 182
2521 182
2522 182
2523 183
2524 183
2525 182
2526 182
2527 182
2528 183
2529 182
2530 182
2531 182
2532 182
2533 183
2534 182
2535 183
2536 183
2537 183
2538 183
2539 183
2540 183
2541 182
2542 183
2543 183
2544 182
2545 183
2546 183
2547 183
2548 183
2549 183
2550 183
2551 182
2552 183
2553 183
2554 182
2555 183
2556 183
2557 182
2558 183
2559 183
2560 182
2561 183
2562 182
2563 183
2564 513
2565 183
2566 180
2567 181
2568 181
2569 182
2570 182
2571 182
2572 203
2573 179
2574 180
2575 181
2576 182
2577 181
2578 182
2579 182
2580 201
2581 180
2582 181
2583 181
2584 182
2585 182
2586 182
2587 202
2588 180
2589 181
2590 181
2591 181
2592 181
2593 182
2594 182
2595 200
2596 180
2597 181
2598 181
2599 181
2600 182
2601 182
2602 201
2603 180
2604 180
2605 182
2606 181
2607 182
2608 181
2609 186
2610 181
2611 180
2612 181
2613 181
2614 182
2615 181
2616 182
2617 202
2618 180
2619 181
2620 181
2621 181
2622 181
2623 182
2624 196
2625 179
2626 180
2627 181
2628 181
2629 181
2630 181
2631 182
2632 182
2633 182
2634 182
2635 182
2636 182
2637 183
2638 182
2639 182
2640 182
2641 183
2642 182
2643 183
2644 183
2645 183
2646 182
2647 183
2648 183
2649 183
2650 183
2651 182
2652 183
2653 182
2654 183
2655 182
2656 183
2657 183
2658 183
2659 182
2660 182
2661 182
2662 183
2663 183
2664 183
2665 183
2666 183
2667 183
2668 183
2669 182
2670 183
2671 183
2672 183
2673 183
2674 183
2675 182
2676 183
2677 183
2678 183
2679 182
2680 182
2681 182
2682 183
2683 182
2684 183
2685 182
2686 182
2687 182
2688 182
2689 183
2690 182
2691 183
2692 202
2693 181
2694 181
2695 182
2696 182
2697 182
2698 182
2699 202
2700 180
2701 181
2702 182
2703 182
2704 182
2705 182
2706 183
2707 201
2708 180
2709 181
2710 181
2711 182
2712 182
2713 182
2714 202
2715 179
2716 181
2717 181
2718 181
2719 182
2720 182
2721 182
2722 201
2723 180
2724 181
2725 182
2726 182
2727 182
2728 182
2729 203
2730 180
2731 181
2732 182
2733 182
2734 182
2735 183
2736 182
2737 195
2738 181
2739 181
2740 181
2741 182
2742 182
2743 182
2744 201
2745 180
2746 180
2747 181
2748 182
2749 182
2750 182
2751 204
2752 180
2753 180
2754 181
2755 181
2756 182
2757 182
2758 182
2759 201
2760 180
2761 181
2762 181
2763 182
2764 182
2765 182
2766 203
2767 180
2768 180
2769 181
2770 181
2771 181
2772 181
2773 182
2774 201
2775 180
2776 181
2777 181
2778 181
2779 181
2780 182
2781 202
2782 180
2783 180
2784 181
2785 181
2786 182
2787 182
2788 182
2789 200
2790 180
2791 181
2792 181
2793 182
2794 182
2795 182
2796 201
2797 180
2798 181
2799 182
2800 181
2801 181
2802 182
2803 201
2804 179
2805 181
2806 181
2807 182
2808 181
2809 182
2810 182
2811 201
2812 180
2813 181
2814 181
2815 182
2816 182
2817 182
2818 205
2819 180
2820 181
2821 181
2822 182
2823 181
2824 182
2825 181
2826 201
2827 180
2828 181
2829 181
2830 182
2831 182
2832 181
2833 202
2834 179
2835 180
2836 181
2837 181
2838 181
2839 182
2840 182
2841 201
2842 180
2843 181
2844 182
2845 181
2846 181
2847 182
2848 202
2849 179
2850 181
2851 181
2852 182
2853 182
2854 182
2855 182
2856 201
2857 180
2858 181
2859 181
2860 181
2861 181
2862 182
2863 202
2864 179
2865 180
2866 181
2867 181
2868 182
2869 182
2870 182
2871 196
2872 181
2873 182
2874 181
2875 181
2876 181
2877 182
2878 202
2879 180
2880 181
2881 182
2882 182
2883 182
2884 182
2885 204
2886 179
2887 181
2888 182
2889 182
2890 182
2891 181
2892 182
2893 202
2894 180
2895 181
2896 181
2897 182
2898 182
2899 181
2900 205
2901 179
2902 181
2903 182
2904 182
2905 181
2906 182
2907 182
2908 201
2909 180
2910 181
2911 181
2912 181
2913 181
2914 181
2915 202
2916 179
2917 180
2918 181
2919 181
2920 181
2921 182
2922 182
2923 200
2924 180
2925 181
2926 181
2927 181
2928 182
2929 181
2930 182
2931 182
2932 182
2933 182
2934 182
2935 182
2936 182
2937 182
2938 182
2939 182
2940 182
2941 182
2942 182
2943 182
2944 182
2945 182
2946 182
2947 182
2948 182
2949 182
2950 183
2951 182
2952 182
2953 183
2954 183
2955 182
2956 182
2957 182
2958 183
2959 182
2960 182
2961 183
2962 183
2963 183
2964 183
2965 183
2966 182
2967 183
2968 183
2969 182
2970 183
2971 183
2972 183
2973 183
2974 183
2975 183
2976 183
2977 183
2978 183
2979 183
2980 183
2981 183
2982 183
2983 182
2984 182
2985 182
2986 183
2987 182
2988 183
2989 183
2990 203
2991 180
2992 181
2993 182
2994 182
2995 182
2996 182
2997 182
2998 202
2999 181
3000 181
3001 182
3002 182
3003 182
3004 182
3005 203
3006 180
3007 181
3008 181
3009 181
3010 182
3011 182
3012 182
3013 179
3014 181
3015 181
3016 181
3017 182
3018 182
3019 182
3020 202
3021 180
3022 181
3023 182
3024 182
3025 182
3026 182
3027 189
3028 180
3029 181
3030 182
3031 181
3032 182
3033 182
3034 182
3035 201
3036 180
3037 181
3038 181
3039 182
3040 182
3041 182
3042 204
3043 179
3044 180
3045 182
3046 181
3047 182
3048 182
3049 182
3050 202
3051 180
3052 181
3053 181
3054 181
3055 183
3056 182
3057 205
3058 180
3059 181
3060 181
3061 182
3062 182
3063 182
3064 182
3065 201
3066 180
3067 181
3068 181
3069 181
3070 182
3071 182
3072 203
3073 179
3074 180
3075 181
3076 181
3077 513
3078 182
3079 182
3080 183
3081 183
3082 183
3083 183
3084 183
3085 183
3086 183
3087 183
3088 182
3089 183
3090 183
3091 183
3092 182
3093 183
3094 183
3095 182
3096 182
3097 182
3098 183
3099 182
3100 183
3101 183
3102 183
3103 183
3104 182
3105 182
3106 183
3107 203
3108 180
3109 182
3110 182
3111 182
3112 183
3113 183
3114 183
3115 196
3116 181
3117 182
3118 182
3119 183
3120 182
3121 182
3122 202
3123 180
3124 181
3125 181
3126 182
3127 181
3128 182
3129 182
3130 201
3131 180
3132 181
3133 181
3134 181
3135 182
3136 182
3137 202
3138 179
3139 180
3140 181
3141 181
3142 182
3143 182
3144 182
3145 201
3146 181
3147 181
3148 182
3149 181
3150 182
3151 181
3152 201
3153 181
3154 180
3155 181
3156 181
3157 182
3158 182
3159 198
3160 179
3161 180
3162 181
3163 182
3164 182
3165 182
3166 182
3167 202
3168 180
3169 180
3170 181
3171 181
3172 182
3173 182
3174 202
3175 179
3176 180
3177 181
3178 181
3179 181
3180 182
3181 182
3182 202
3183 180
3184 181
3185 181
3186 182
3187 181
3188 182
3189 202
3190 180
3191 180
3192 181
3193 181
3194 181
3195 181
3196 182
3197 201
3198 180
3199 181
3200 181
3201 181
3202 182
3203 182
3204 202
3205 180
3206 181
3207 181
3208 181
3209 181
3210 182
3211 187
3212 184
3213 180
3214 181
3215 181
3216 181
3217 181
3218 181
3219 202
3220 179
3221 181
3222 181
3223 182
3224 182
3225 182
3226 190
3227 180
3228 181
3229 181
3230 181
3231 182
3232 182
3233 183
3234 201
3235 181
3236 181
3237 181
3238 182
3239 181
3240 182
3241 204
3242 180
3243 181
3244 181
3245 181
3246 182
3247 182
3248 182
3249 201
3250 180
3251 181
3252 181
3253 181
3254 182
3255 182
3256 204
3257 180
3258 181
3259 181
3260 181
3261 182
3262 182
3263 182
3264 201
3265 181
3266 181
3267 181
3268 182
3269 181
3270 182
3271 203
3272 179
3273 181
3274 181
3275 181
3276 182
3277 181
3278 181
3279 201
3280 180
3281 181
3282 181
3283 181
3284 182
3285 182
3286 202
3287 180
3288 181
3289 181
3290 181
3291 182
3292 182
3293 182
3294 201
3295 180
3296 181
3297 181
3298 182
3299 182
3300 181
3301 202
3302 179
3303 180
3304 181
3305 181
3306 181
3307 182
3308 182
3309 201
3310 180
3311 181
3312 181
3313 181
3314 182
3315 182
3316 202
3317 180
3318 181
3319 182
3320 181
3321 182
3322 181
3323 201
3324 179
3325 180
3326 181
3327 182
3328 181
3329 181
3330 182
3331 201
3332 180
3333 181
3334 181
3335 182
3336 181
3337 181
3338 202
3339 179
3340 181
3341 181
3342 181
3343 181
3344 182
3345 182
3346 182
3347 182
3348 182
3349 182
3350 182
3351 182
3352 182
3353 182
3354 182
3355 182
3356 182
3357 182
3358 183
3359 182
3360 183
3361 183
3362 182
3363 182
3364 182
3365 183
3366 182
3367 182
3368 182
3369 183
3370 182
3371 182
3372 182
3373 182
3374 183
3375 182
3376 182
3377 183
3378 182
3379 183
3380 183
3381 183
3382 182
3383 182
3384 182
3385 183
3386 183
3387 183
3388 183
3389 183
3390 183
3391 183
3392 182
3393 183
3394 183
3395 182
3396 183
3397 182
3398 183
3399 183
3400 183
3401 183
3402 183
3403 183
3404 183
3405 183
3406 198
3407 181
3408 182
3409 182
3410 182
3411 182
3412 182
3413 202
3414 180
3415 181
3416 182
3417 181
3418 181
3419 182
3420 204
3421 179
3422 181
3423 181
3424 181
3425 182
3426 182
3427 182
3428 202
3429 180
3430 181
3431 182
3432 182
3433 183
3434 182
3435 203
3436 180
3437 180
3438 182
3439 181
3440 183
3441 182
3442 182
3443 201
3444 179
3445 181
3446 181
3447 181
3448 182
3449 182
3450 202
3451 180
3452 181
3453 181
3454 181
3455 181
3456 182
3457 182
3458 201
3459 180
3460 181
3461 181
3462 182
3463 182
3464 182
3465 202
3466 180
3467 181
3468 181
3469 182
3470 181
3471 181
3472 182
3473 197
3474 180
3475 181
3476 182
3477 182
3478 182
3479 182
3480 202
3481 180
3482 181
3483 182
3484 182
3485 181
3486 182
3487 182
3488 201
3489 180
3490 181
3491 182
3492 181
3493 182
3494 182
3495 202
3496 180
3497 180
3498 182
3499 181
3500 182
3501 182
3502 182
3503 197
3504 180
3505 181
3506 181
3507 181
3508 181
3509 181
3510 202
3511 180
3512 181
3513 181
3514 181
3515 182
3516 182
3517 204
3518 180
3519 180
3520 181
3521 181
3522 181
3523 182
3524 182
3525 201
3526 180
3527 181
3528 182
3529 181
3530 181
3531 182
3532 202
3533 180
3534 181
3535 181
3536 181
3537 181
3538 181
3539 181
3540 201
3541 180
3542 181
3543 181
3544 181
3545 181
3546 182
3547 202
3548 178
3549 181
3550 181
3551 181
3552 182
3553 182
3554 182
3555 201
3556 181
3557 182
3558 182
3559 181
3560 181
3561 182
3562 202
3563 179
3564 181
3565 181
3566 181
3567 182
3568 182
3569 182
3570 200
3571 180
3572 181
3573 181
3574 181
3575 182
3576 182
3577 202
3578 180
3579 180
3580 181
3581 182
3582 182
3583 181
3584 181
3585 200
3586 180
3587 181
3588 181
3589 182
3590 513
3591 182
3592 181
3593 182
3594 181
3595 182
3596 182
3597 202
3598 179
3599 180
3600 181
3601 182
3602 182
3603 182
3604 182
3605 201
3606 180
3607 181
3608 181
3609 181
3610 182
3611 182
3612 202
3613 180
3614 181
3615 181
3616 182
3617 181
3618 181
3619 182
3620 192
3621 180
3622 181
3623 181
3624 182
3625 181
3626 182
3627 201
3628 180
3629 181
3630 182
3631 181
3632 181
3633 182
3634 204
3635 179
3636 180
3637 181
3638 182
3639 182
3640 182
3641 182
3642 201
3643 180
3644 181
3645 181
3646 182
3647 182
3648 182
3649 202
3650 180
3651 181
3652 181
3653 181
3654 181
3655 181
3656 181
3657 200
3658 180
3659 181
3660 181
3661 182
3662 181
3663 182
3664 202
3665 180
3666 181
3667 181
3668 182
3669 182
3670 182
3671 182
3672 201
3673 181
3674 181
3675 181
3676 182
3677 182
3678 182
3679 201
3680 180
3681 181
3682 181
3683 181
3684 181
3685 181
3686 204
3687 179
3688 181
3689 181
3690 181
3691 182
3692 182
3693 182
3694 201
3695 180
3696 181
3697 181
3698 181
3699 181
3700 182
3701 202
3702 180
3703 180
3704 181
3705 181
3706 182
3707 181
3708 182
3709 201
3710 180
3711 181
3712 181
3713 181
3714 181
3715 182
3716 202
3717 179
3718 180
3719 181
3720 182
3721 182
3722 182
3723 182
3724 201
3725 180
3726 181
3727 181
3728 181
3729 181
3730 182
3731 202
3732 180
3733 180
3734 181
3735 181
3736 181
3737 181
3738 182
3739 195
3740 180
3741 181
3742 181
3743 182
3744 182
3745 182
3746 202
3747 179
3748 181
3749 181
3750 181
3751 182
3752 182
3753 182
3754 186
3755 180
3756 182
3757 182
3758 182
3759 182
3760 182
3761 182
3762 182
3763 182
3764 182
3765 182
3766 182
3767 182
3768 182
3769 182
3770 182
3771 182
3772 182
3773 182
3774 182
3775 182
3776 182
3777 182
3778 182
3779 182
3780 182
3781 182
3782 183
3783 183
3784 182
3785 183
3786 183
3787 182
3788 182
3789 182
3790 183
3791 182
3792 182
3793 183
3794 182
3795 182
3796 182
3797 182
3798 182
3799 183
3800 183
3801 183
3802 183
3803 182
3804 183
3805 183
3806 183
3807 182
3808 183
3809 183
3810 183
3811 182
3812 183
3813 182
3814 183
3815 183
3816 183
3817 183
3818 183
3819 183
3820 183
3821 201
3822 181
3823 182
3824 182
3825 182
3826 182
3827 182
3828 203
3829 180
3830 181
3831 182
3832 182
3833 182
3834 182
3835 182
3836 202
3837 180
3838 181
3839 182
3840 182
3841 182
3842 182
3843 202
3844 180
3845 181
3846 181
3847 182
3848 182
3849 183
3850 181
3851 201
3852 180
3853 181
3854 181
3855 181
3856 182
3857 182
3858 202
3859 179
3860 181
3861 181
3862 181
3863 181
3864 181
3865 182
3866 201
3867 180
3868 181
3869 181
3870 181
3871 182
3872 181
3873 202
3874 180
3875 181
3876 181
3877 182
3878 182
3879 182
3880 182
3881 200
3882 180
3883 181
3884 181
3885 182
3886 182
3887 182
3888 202
3889 179
3890 180
3891 181
3892 181
3893 182
3894 182
3895 186
3896 181
3897 180
3898 181
3899 181
3900 182
3901 182
3902 182
3903 201
3904 180
3905 181
3906 182
3907 182
3908 182
3909 182
3910 202
3911 180
3912 181
3913 181
3914 181
3915 181
3916 182
3917 182
3918 201
3919 180
3920 181
3921 181
3922 181
3923 182
3924 181
3925 202
3926 180
3927 180
3928 181
3929 181
3930 181
3931 181
3932 181
3933 201
3934 180
3935 181
3936 181
3937 182
3938 181
3939 182
3940 202
3941 180
3942 180
3943 181
3944 182
3945 182
3946 182
3947 182
3948 181
3949 180
3950 181
3951 182
3952 181
3953 182
3954 182
3955 201
3956 179
3957 180
3958 181
3959 181
3960 181
3961 182
3962 182
3963 180
3964 181
3965 181
3966 181
3967 181
3968 182
3969 182
3970 201
3971 180
3972 181
3973 182
3974 182
3975 182
3976 181
3977 203
3978 180
3979 180
3980 181
3981 181
3982 182
3983 182
3984 182
3985 201
3986 181
3987 181
3988 181
3989 182
3990 181
3991 182
3992 202
3993 180
3994 181
3995 182
3996 182
3997 182
3998 182
3999 182
