0 180
1 198
2 183
3 182
4 181
5 182
6 178
7 182
8 181
9 178
10 179
11 177
12 177
13 177
14 176
15 179
16 176
17 199
18 200
19 177
20 179
21 177
22 178
23 178
24 178
25 179
26 178
27 182
28 182
29 177
30 177
31 177
32 176
33 182
34 188
35 196
36 197
37 178
38 179
39 178
40 178
41 177
42 182
43 182
44 181
45 181
46 182
47 181
48 177
49 177
50 176
51 183
52 199
53 202
54 182
55 182
56 179
57 178
58 178
59 178
60 178
61 179
62 177
63 177
64 177
65 177
66 183
67 180
68 176
69 178
70 199
71 193
72 178
73 178
74 179
75 178
76 182
77 182
78 181
79 183
80 181
81 182
82 181
83 177
84 183
85 181
86 176
87 178
88 196
89 178
90 178
91 182
92 179
93 177
94 178
95 177
96 177
97 179
98 177
99 178
100 177
101 181
102 178
103 176
104 176
105 176
106 199
107 179
108 177
109 182
110 182
111 182
112 178
113 177
114 178
115 179
116 177
117 177
118 177
119 181
120 183
121 180
122 179
123 198
124 200
125 179
126 178
127 178
128 178
129 177
130 178
131 178
132 177
133 179
134 177
135 178
136 177
137 177
138 179
139 176
140 176
141 174
142 199
143 183
144 182
145 182
146 182
147 178
148 182
149 182
150 177
151 182
152 181
153 178
154 177
155 181
156 183
157 180
158 176
159 176
160 195
161 183
162 182
163 178
164 178
165 177
166 179
167 178
168 178
169 178
170 178
171 178
172 177
173 177
174 178
175 176
176 176
177 176
178 194
179 178
180 197
181 178
182 178
183 178
184 178
185 178
186 177
187 178
188 178
189 178
190 177
191 177
192 179
193 177
194 177
195 176
196 175
197 179
198 195
199 182
200 183
201 178
202 179
203 178
204 178
205 178
206 177
207 179
208 178
209 181
210 183
211 181
212 177
213 176
214 180
215 179
216 195
217 202
218 186
219 182
220 178
221 178
222 178
223 177
224 178
225 179
226 178
227 181
228 182
229 178
230 177
231 176
232 176
233 183
234 178
235 195
236 196
237 178
238 179
239 178
240 182
241 181
242 181
243 179
244 178
245 177
246 178
247 182
248 178
249 176
250 181
251 179
252 176
253 194
254 194
255 195
256 178
257 178
258 178
259 178
260 178
261 179
262 178
263 178
264 178
265 178
266 178
267 177
268 181
269 182
270 176
271 176
272 176
273 194
274 178
275 178
276 182
277 182
278 178
279 182
280 182
281 181
282 181
283 178
284 179
285 177
286 177
287 178
288 177
289 177
290 176
291 175
292 178
293 196
294 183
295 178
296 182
297 183
298 182
299 178
300 178
301 178
302 179
303 177
304 177
305 178
306 181
307 181
308 181
309 176
310 178
311 176
312 196
313 195
314 182
315 182
316 182
317 182
318 181
319 178
320 178
321 178
322 182
323 182
324 181
325 178
326 177
327 177
328 178
329 176
330 176
331 177
332 195
333 183
334 182
335 182
336 182
337 178
338 179
339 178
340 178
341 178
342 181
343 179
344 177
345 181
346 182
347 177
348 177
349 176
350 179
351 182
352 199
353 178
354 177
355 182
356 179
357 178
358 178
359 178
360 177
361 179
362 177
363 177
364 177
365 177
366 177
367 177
368 176
369 178
370 176
371 195
372 195
373 182
374 179
375 178
376 178
377 178
378 181
379 182
380 182
381 182
382 182
383 177
384 182
385 181
386 181
387 182
388 181
389 176
390 175
391 195
392 179
393 197
394 178
395 178
396 182
397 179
398 178
399 182
400 181
401 182
402 179
403 177
404 177
405 178
406 177
407 181
408 180
409 176
410 178
411 176
412 196
413 195
414 177
415 178
416 178
417 178
418 178
419 181
420 183
421 181
422 178
423 178
424 177
425 182
426 181
427 177
428 179
429 176
430 180
431 179
432 194
433 179
434 178
435 182
436 181
437 178
438 179
439 178
440 178
441 178
442 182
443 178
444 177
445 177
446 179
447 176
448 181
449 181
450 180
451 178
452 194
453 195
454 196
455 182
456 178
457 178
458 178
459 178
460 182
461 179
462 178
463 182
464 182
465 181
466 178
467 178
468 177
469 178
470 176
471 176
472 176
473 199
474 183
475 185
476 182
477 182
478 181
479 179
480 177
481 178
482 178
483 178
484 178
485 178
486 177
487 182
488 181
489 177
490 177
491 180
492 182
493 181
494 195
495 195
496 178
497 178
498 177
499 178
500 178
501 178
502 178
503 178
504 177
505 178
506 177
507 182
508 181
509 177
510 182
511 181
512 177
513 176
514 198
515 183
516 200
517 178
518 178
519 182
520 182
521 182
522 182
523 182
524 178
525 178
526 177
527 181
528 178
529 177
530 178
531 177
532 176
533 183
534 180
535 175
536 194
537 195
538 178
539 178
540 182
541 182
542 178
543 179
544 178
545 177
546 182
547 181
548 178
549 177
550 182
551 178
552 176
553 177
554 176
555 176
556 179
557 186
558 196
559 178
560 178
561 179
562 177
563 182
564 179
565 178
566 177
567 177
568 182
569 179
570 177
571 181
572 181
573 177
574 182
575 180
576 176
577 176
578 184
579 179
580 195
581 178
582 179
583 178
584 182
585 181
586 182
587 183
588 181
589 178
590 178
591 177
592 178
593 178
594 181
595 181
596 180
597 183
598 180
599 176
600 179
601 195
602 198
603 182
604 183
605 182
606 181
607 178
608 177
609 178
610 183
611 182
612 178
613 177
614 181
615 179
616 177
617 176
618 177
619 180
620 177
621 175
622 195
623 178
624 200
625 183
626 181
627 182
628 179
629 178
630 178
631 177
632 181
633 179
634 177
635 177
636 178
637 181
638 183
639 181
640 177
641 179
642 176
643 175
644 184
645 200
646 182
647 182
648 182
649 182
650 178
651 183
652 182
653 182
654 181
655 181
656 179
657 177
658 182
659 182
660 181
661 181
662 181
663 176
664 178
665 176
666 198
667 199
668 202
669 182
670 182
671 178
672 178
673 178
674 179
675 178
676 178
677 178
678 177
679 182
680 182
681 177
682 178
683 176
684 177
685 176
686 176
687 179
688 194
689 196
690 196
691 182
692 179
693 178
694 183
695 182
696 177
697 178
698 178
699 178
700 182
701 181
702 177
703 177
704 177
705 179
706 177
707 181
708 180
709 180
710 179
711 194
712 200
713 200
714 181
715 179
716 178
717 178
718 178
719 178
720 178
721 178
722 178
723 179
724 177
725 177
726 177
727 181
728 178
729 177
730 176
731 176
732 176
733 178
734 195
735 196
736 178
737 178
738 178
739 178
740 182
741 183
742 182
743 178
744 177
745 177
746 178
747 177
748 177
749 177
750 181
751 183
752 181
753 180
754 180
755 176
756 195
757 195
758 195
759 179
760 178
761 178
762 178
763 178
764 179
765 177
766 178
767 177
768 181
769 183
770 181
771 177
772 177
773 177
774 177
775 176
776 176
777 178
778 176
779 195
780 194
781 200
782 183
783 182
784 183
785 182
786 178
787 179
788 178
789 178
790 177
791 178
792 183
793 181
794 178
795 178
796 181
797 181
798 181
799 176
800 179
801 176
802 194
803 194
804 200
805 178
806 178
807 178
808 177
809 178
810 182
811 181
812 181
813 182
814 178
815 178
816 177
817 178
818 178
819 177
820 177
821 177
822 180
823 179
824 176
825 174
826 194
827 196
828 183
829 182
830 178
831 178
832 182
833 179
834 178
835 178
836 182
837 181
838 178
839 177
840 177
841 179
842 178
843 177
844 177
845 176
846 179
847 176
848 179
849 179
850 195
851 183
852 202
853 182
854 182
855 178
856 177
857 178
858 178
859 183
860 181
861 177
862 178
863 182
864 179
865 177
866 177
867 178
868 177
869 178
870 176
871 176
872 178
873 198
874 195
875 195
876 182
877 178
878 178
879 178
880 178
881 177
882 178
883 178
884 177
885 178
886 177
887 179
888 177
889 177
890 178
891 181
892 181
893 180
894 177
895 183
896 180
897 199
898 198
899 199
900 178
901 178
902 182
903 182
904 182
905 179
906 177
907 182
908 182
909 178
910 178
911 177
912 181
913 178
914 177
915 177
916 177
917 177
918 179
919 176
920 175
921 175
922 195
923 179
924 197
925 178
926 178
927 177
928 183
929 181
930 182
931 182
932 178
933 182
934 181
935 181
936 179
937 177
938 177
939 177
940 177
941 183
942 181
943 180
944 180
945 179
946 179
947 195
948 195
949 178
950 178
951 182
952 181
953 177
954 178
955 178
956 182
957 182
958 181
959 178
960 178
961 182
962 181
963 177
964 183
965 181
966 180
967 182
968 176
969 176
970 180
971 195
972 179
973 198
974 182
975 182
976 178
977 179
978 177
979 178
980 178
981 178
982 178
983 177
984 177
985 177
986 181
987 182
988 181
989 177
990 178
991 176
992 177
993 176
994 178
995 178
996 194
997 197
998 198
999 178
1000 179
1001 178
1002 182
1003 182
1004 178
1005 179
1006 178
1007 177
1008 178
1009 177
1010 178
1011 177
1012 177
1013 182
1014 181
1015 176
1016 177
1017 176
1018 178
1019 175
1020 198
1021 199
1022 196
1023 179
1024 178
1025 178
1026 178
1027 182
1028 182
1029 181
1030 181
1031 183
1032 182
1033 181
1034 181
1035 177
1036 183
1037 181
1038 178
1039 177
1040 181
1041 183
1042 180
1043 179
1044 183
1045 194
1046 195
1047 195
1048 178
1049 183
1050 182
1051 182
1052 181
1053 181
1054 182
1055 182
1056 182
1057 181
1058 178
1059 183
1060 181
1061 181
1062 182
1063 177
1064 178
1065 177
1066 177
1067 178
1068 176
1069 176
1070 175
1071 194
1072 179
1073 196
1074 182
1075 182
1076 178
1077 178
1078 178
1079 182
1080 182
1081 181
1082 182
1083 181
1084 181
1085 182
1086 181
1087 178
1088 177
1089 181
1090 178
1091 177
1092 177
1093 176
1094 181
1095 179
1096 175
1097 195
1098 195
1099 196
1100 178
1101 178
1102 178
1103 178
1104 178
1105 183
1106 181
1107 178
1108 182
1109 182
1110 178
1111 177
1112 177
1113 183
1114 181
1115 177
1116 177
1117 177
1118 179
1119 177
1120 180
1121 182
1122 187
1123 200
1124 199
1125 201
1126 179
1127 178
1128 182
1129 182
1130 181
1131 179
1132 178
1133 178
1134 178
1135 178
1136 178
1137 178
1138 181
1139 181
1140 181
1141 178
1142 177
1143 181
1144 182
1145 177
1146 176
1147 176
1148 178
1149 183
1150 199
1151 197
1152 188
1153 181
1154 179
1155 178
1156 178
1157 177
1158 178
1159 178
1160 178
1161 177
1162 178
1163 178
1164 177
1165 177
1166 181
1167 179
1168 177
1169 181
1170 180
1171 176
1172 183
1173 180
1174 176
1175 186
1176 195
1177 179
1178 197
1179 182
1180 182
1181 178
1182 178
1183 178
1184 178
1185 182
1186 181
1187 178
1188 178
1189 182
1190 182
1191 181
1192 182
1193 181
1194 181
1195 183
1196 181
1197 177
1198 179
1199 180
1200 176
1201 175
1202 194
1203 179
1204 196
1205 178
1206 178
1207 178
1208 182
1209 182
1210 182
1211 182
1212 181
1213 178
1214 177
1215 177
1216 177
1217 177
1218 182
1219 181
1220 177
1221 179
1222 177
1223 181
1224 181
1225 176
1226 183
1227 180
1228 190
1229 198
1230 195
1231 183
1232 186
1233 178
1234 178
1235 178
1236 179
1237 178
1238 181
1239 179
1240 178
1241 178
1242 177
1243 182
1244 183
1245 182
1246 181
1247 181
1248 181
1249 179
1250 177
1251 177
1252 176
1253 176
1254 176
1255 176
1256 194
1257 178
1258 196
1259 182
1260 181
1261 182
1262 183
1263 181
1264 179
1265 177
1266 181
1267 179
1268 178
1269 181
1270 182
1271 178
1272 179
1273 177
1274 181
1275 179
1276 177
1277 178
1278 177
1279 181
1280 179
1281 176
1282 175
1283 175
1284 199
1285 183
1286 199
1287 178
1288 177
1289 179
1290 178
1291 178
1292 178
1293 178
1294 177
1295 178
1296 177
1297 182
1298 178
1299 178
1300 177
1301 178
1302 177
1303 179
1304 177
1305 181
1306 181
1307 180
1308 183
1309 180
1310 182
1311 178
1312 199
1313 200
1314 201
1315 182
1316 182
1317 182
1318 178
1319 178
1320 182
1321 179
1322 178
1323 178
1324 178
1325 182
1326 183
1327 181
1328 178
1329 177
1330 181
1331 178
1332 177
1333 180
1334 183
1335 180
1336 180
1337 180
1338 179
1339 182
1340 199
1341 203
1342 202
1343 181
1344 179
1345 178
1346 177
1347 178
1348 182
1349 183
1350 182
1351 178
1352 178
1353 178
1354 182
1355 182
1356 181
1357 179
1358 177
1359 181
1360 181
1361 181
1362 178
1363 176
1364 176
1365 176
1366 178
1367 200
1368 199
1369 198
1370 178
1371 178
1372 178
1373 178
1374 178
1375 183
1376 181
1377 182
1378 182
1379 182
1380 183
1381 181
1382 178
1383 177
1384 182
1385 183
1386 181
1387 177
1388 179
1389 180
1390 181
1391 180
1392 176
1393 182
1394 180
1395 199
1396 198
1397 199
1398 179
1399 178
1400 178
1401 178
1402 178
1403 183
1404 182
1405 182
1406 181
1407 182
1408 179
1409 178
1410 181
1411 182
1412 181
1413 177
1414 178
1415 181
1416 178
1417 177
1418 177
1419 176
1420 176
1421 179
1422 176
1423 188
1424 181
1425 195
1426 196
1427 196
1428 182
1429 182
1430 182
1431 178
1432 178
1433 182
1434 179
1435 177
1436 182
1437 181
1438 182
1439 182
1440 182
1441 181
1442 182
1443 181
1444 179
1445 177
1446 177
1447 178
1448 181
1449 177
1450 176
1451 176
1452 182
1453 189
1454 199
1455 199
1456 195
1457 183
1458 181
1459 178
1460 178
1461 182
1462 182
1463 182
1464 181
1465 183
1466 178
1467 178
1468 178
1469 181
1470 179
1471 178
1472 178
1473 178
1474 181
1475 178
1476 177
1477 177
1478 177
1479 180
1480 183
1481 179
1482 198
1483 182
1484 196
1485 197
1486 182
1487 182
1488 179
1489 178
1490 178
1491 178
1492 178
1493 179
1494 178
1495 178
1496 177
1497 182
1498 182
1499 182
1500 182
1501 182
1502 177
1503 181
1504 181
1505 181
1506 183
1507 180
1508 177
1509 176
1510 180
1511 183
1512 199
1513 200
1514 199
1515 193
1516 179
1517 177
1518 182
1519 182
1520 178
1521 181
1522 182
1523 178
1524 182
1525 182
1526 178
1527 178
1528 182
1529 183
1530 182
1531 178
1532 177
1533 178
1534 183
1535 181
1536 176
1537 177
1538 180
1539 181
1540 179
1541 184
1542 178
1543 195
1544 196
1545 196
1546 182
1547 183
1548 182
1549 182
1550 182
1551 178
1552 183
1553 182
1554 182
1555 181
1556 178
1557 178
1558 178
1559 181
1560 182
1561 181
1562 178
1563 177
1564 181
1565 178
1566 176
1567 181
1568 180
1569 176
1570 179
1571 175
1572 198
1573 198
1574 200
1575 182
1576 181
1577 182
1578 183
1579 177
1580 179
1581 178
1582 182
1583 179
1584 178
1585 177
1586 178
1587 181
1588 183
1589 182
1590 178
1591 177
1592 181
1593 183
1594 181
1595 181
1596 182
1597 177
1598 180
1599 181
1600 176
1601 183
1602 178
1603 196
1604 194
1605 200
1606 178
1607 178
1608 178
1609 178
1610 177
1611 179
1612 177
1613 182
1614 182
1615 181
1616 182
1617 181
1618 181
1619 182
1620 182
1621 182
1622 182
1623 181
1624 179
1625 177
1626 177
1627 176
1628 177
1629 179
1630 176
1631 175
1632 176
1633 182
1634 196
1635 196
1636 199
1637 183
1638 182
1639 179
1640 178
1641 178
1642 182
1643 182
1644 181
1645 182
1646 178
1647 179
1648 178
1649 178
1650 178
1651 178
1652 183
1653 182
1654 181
1655 182
1656 181
1657 177
1658 177
1659 181
1660 178
1661 176
1662 176
1663 176
1664 194
1665 179
1666 195
1667 196
1668 196
1669 182
1670 179
1671 178
1672 178
1673 178
1674 177
1675 182
1676 181
1677 182
1678 183
1679 182
1680 181
1681 182
1682 177
1683 183
1684 181
1685 178
1686 177
1687 177
1688 182
1689 181
1690 180
1691 182
1692 180
1693 181
1694 180
1695 192
1696 182
1697 199
1698 200
1699 200
1700 178
1701 183
1702 182
1703 178
1704 178
1705 182
1706 178
1707 178
1708 182
1709 182
1710 178
1711 178
1712 177
1713 178
1714 179
1715 177
1716 177
1717 177
1718 177
1719 182
1720 180
1721 181
1722 180
1723 176
1724 183
1725 180
1726 180
1727 179
1728 194
1729 196
1730 195
1731 181
1732 182
1733 182
1734 178
1735 178
1736 182
1737 183
1738 182
1739 182
1740 181
1741 182
1742 182
1743 182
1744 181
1745 181
1746 177
1747 178
1748 178
1749 181
1750 178
1751 177
1752 181
1753 181
1754 181
1755 178
1756 176
1757 176
1758 176
1759 180
1760 183
1761 199
1762 196
1763 196
1764 178
1765 183
1766 183
1767 182
1768 182
1769 178
1770 183
1771 182
1772 178
1773 178
1774 178
1775 181
1776 182
1777 178
1778 183
1779 181
1780 181
1781 181
1782 177
1783 182
1784 181
1785 180
1786 183
1787 180
1788 181
1789 180
1790 175
1791 182
1792 181
1793 199
1794 199
1795 197
1796 179
1797 178
1798 178
1799 178
1800 178
1801 183
1802 182
1803 182
1804 182
1805 182
1806 182
1807 182
1808 178
1809 179
1810 177
1811 178
1812 177
1813 178
1814 182
1815 182
1816 177
1817 177
1818 181
1819 183
1820 181
1821 177
1822 178
1823 180
1824 180
1825 179
1826 200
1827 182
1828 200
1829 181
1830 179
1831 177
1832 183
1833 181
1834 178
1835 177
1836 182
1837 179
1838 177
1839 178
1840 178
1841 178
1842 178
1843 177
1844 177
1845 178
1846 177
1847 177
1848 177
1849 177
1850 179
1851 177
1852 176
1853 177
1854 180
1855 182
1856 180
1857 180
1858 180
1859 198
1860 196
1861 195
1862 200
1863 182
1864 182
1865 178
1866 178
1867 182
1868 183
1869 182
1870 182
1871 182
1872 178
1873 183
1874 181
1875 178
1876 177
1877 177
1878 178
1879 178
1880 177
1881 183
1882 181
1883 181
1884 181
1885 177
1886 183
1887 180
1888 177
1889 176
1890 179
1891 179
1892 179
1893 195
1894 195
1895 195
1896 203
1897 181
1898 178
1899 178
1900 182
1901 182
1902 182
1903 182
1904 183
1905 182
1906 181
1907 182
1908 181
1909 183
1910 181
1911 178
1912 178
1913 181
1914 182
1915 181
1916 181
1917 178
1918 177
1919 177
1920 177
1921 177
1922 183
1923 180
1924 176
1925 176
1926 188
1927 179
1928 195
1929 200
1930 199
1931 178
1932 179
1933 178
1934 182
1935 182
1936 177
1937 178
1938 178
1939 182
1940 183
1941 181
1942 182
1943 182
1944 181
1945 183
1946 181
1947 182
1948 181
1949 182
1950 178
1951 177
1952 181
1953 182
1954 176
1955 181
1956 180
1957 176
1958 178
1959 175
1960 179
1961 180
1962 195
1963 183
1964 200
1965 182
1966 182
1967 182
1968 183
1969 182
1970 177
1971 178
1972 181
1973 178
1974 177
1975 177
1976 182
1977 181
1978 178
1979 177
1980 177
1981 179
1982 177
1983 177
1984 177
1985 181
1986 182
1987 181
1988 177
1989 177
1990 177
1991 177
1992 176
1993 176
1994 182
1995 179
1996 195
1997 195
1998 200
1999 182
2000 202
2001 182
2002 181
2003 178
2004 179
2005 178
2006 178
2007 178
2008 182
2009 178
2010 178
2011 182
2012 182
2013 181
2014 182
2015 182
2016 181
2017 182
2018 181
2019 177
2020 177
2021 181
2022 182
2023 181
2024 180
2025 181
2026 176
2027 181
2028 180
2029 180
2030 182
2031 198
2032 199
2033 199
2034 200
2035 178
2036 178
2037 178
2038 178
2039 178
2040 179
2041 178
2042 178
2043 178
2044 182
2045 183
2046 181
2047 182
2048 182
2049 178
2050 181
2051 182
2052 177
2053 182
2054 181
2055 181
2056 181
2057 177
2058 182
2059 181
2060 181
2061 180
2062 180
2063 178
2064 176
2065 180
2066 182
2067 180
2068 195
2069 195
2070 196
2071 182
2072 182
2073 182
2074 182
2075 182
2076 179
2077 178
2078 182
2079 181
2080 182
2081 183
2082 182
2083 182
2084 182
2085 181
2086 178
2087 177
2088 181
2089 179
2090 178
2091 177
2092 178
2093 181
2094 183
2095 181
2096 181
2097 181
2098 177
2099 183
2100 180
2101 180
2102 182
2103 195
2104 195
2105 194
2106 199
2107 182
2108 182
2109 182
2110 181
2111 178
2112 182
2113 182
2114 182
2115 181
2116 181
2117 179
2118 178
2119 177
2120 178
2121 181
2122 182
2123 181
2124 181
2125 178
2126 177
2127 182
2128 181
2129 181
2130 182
2131 181
2132 181
2133 180
2134 180
2135 183
2136 180
2137 176
2138 176
2139 179
2140 199
2141 198
2142 200
2143 182
2144 196
2145 182
2146 182
2147 178
2148 183
2149 182
2150 182
2151 181
2152 182
2153 178
2154 178
2155 177
2156 178
2157 181
2158 183
2159 182
2160 181
2161 178
2162 178
2163 182
2164 181
2165 178
2166 178
2167 178
2168 177
2169 177
2170 181
2171 182
2172 180
2173 176
2174 176
2175 179
2176 177
2177 175
2178 199
2179 182
2180 199
2181 197
2182 198
2183 178
2184 179
2185 178
2186 178
2187 178
2188 178
2189 179
2190 178
2191 178
2192 177
2193 178
2194 183
2195 181
2196 177
2197 179
2198 181
2199 178
2200 177
2201 182
2202 179
2203 177
2204 181
2205 181
2206 181
2207 183
2208 180
2209 180
2210 180
2211 180
2212 180
2213 179
2214 183
2215 182
2216 198
2217 200
2218 199
2219 197
2220 183
2221 181
2222 178
2223 178
2224 178
2225 182
2226 182
2227 178
2228 178
2229 181
2230 179
2231 177
2232 182
2233 181
2234 178
2235 182
2236 182
2237 182
2238 183
2239 181
2240 181
2241 182
2242 181
2243 182
2244 181
2245 176
2246 177
2247 177
2248 183
2249 180
2250 180
2251 182
2252 176
2253 195
2254 194
2255 195
2256 179
2257 195
2258 182
2259 182
2260 182
2261 179
2262 178
2263 177
2264 177
2265 178
2266 179
2267 178
2268 178
2269 178
2270 182
2271 183
2272 182
2273 181
2274 182
2275 181
2276 182
2277 182
2278 181
2279 183
2280 180
2281 181
2282 181
2283 177
2284 178
2285 177
2286 180
2287 182
2288 180
2289 180
2290 179
2291 186
2292 183
2293 199
2294 200
2295 200
2296 197
2297 182
2298 182
2299 182
2300 182
2301 178
2302 179
2303 178
2304 181
2305 181
2306 178
2307 178
2308 178
2309 178
2310 179
2311 177
2312 182
2313 182
2314 181
2315 183
2316 181
2317 182
2318 181
2319 181
2320 183
2321 181
2322 181
2323 181
2324 180
2325 183
2326 180
2327 180
2328 182
2329 176
2330 177
2331 176
2332 199
2333 182
2334 200
2335 198
2336 202
2337 178
2338 180
2339 177
2340 178
2341 177
2342 178
2343 183
2344 182
2345 181
2346 179
2347 178
2348 182
2349 182
2350 177
2351 183
2352 181
2353 181
2354 181
2355 182
2356 182
2357 181
2358 181
2359 182
2360 181
2361 183
2362 180
2363 181
2364 181
2365 176
2366 180
2367 180
2368 179
2369 183
2370 178
2371 199
2372 198
2373 195
2374 183
2375 200
2376 182
2377 182
2378 182
2379 183
2380 182
2381 182
2382 183
2383 178
2384 183
2385 181
2386 178
2387 178
2388 178
2389 182
2390 182
2391 181
2392 179
2393 177
2394 178
2395 177
2396 177
2397 182
2398 181
2399 176
2400 178
2401 181
2402 177
2403 176
2404 176
2405 183
2406 180
2407 180
2408 180
2409 180
2410 183
2411 195
2412 195
2413 195
2414 200
2415 183
2416 194
2417 179
2418 177
2419 178
2420 182
2421 182
2422 178
2423 183
2424 182
2425 182
2426 181
2427 182
2428 179
2429 178
2430 182
2431 182
2432 182
2433 179
2434 178
2435 182
2436 182
2437 181
2438 182
2439 181
2440 182
2441 183
2442 181
2443 177
2444 177
2445 176
2446 183
2447 180
2448 180
2449 180
2450 180
2451 183
2452 184
2453 200
2454 182
2455 200
2456 199
2457 198
2458 182
2459 183
2460 182
2461 182
2462 182
2463 182
2464 182
2465 182
2466 177
2467 178
2468 182
2469 179
2470 178
2471 178
2472 178
2473 181
2474 183
2475 181
2476 178
2477 178
2478 178
2479 181
2480 181
2481 181
2482 183
2483 181
2484 181
2485 181
2486 177
2487 183
2488 181
2489 180
2490 180
2491 180
2492 180
2493 179
2494 199
2495 182
2496 199
2497 201
2498 200
2499 182
2500 182
2501 181
2502 182
2503 181
2504 181
2505 182
2506 182
2507 181
2508 182
2509 182
2510 178
2511 178
2512 177
2513 183
2514 181
2515 182
2516 181
2517 177
2518 178
2519 178
2520 181
2521 181
2522 177
2523 179
2524 177
2525 181
2526 181
2527 180
2528 183
2529 180
2530 180
2531 182
2532 176
2533 175
2534 175
2535 199
2536 182
2537 199
2538 202
2539 200
2540 182
2541 179
2542 177
2543 182
2544 182
2545 182
2546 179
2547 178
2548 181
2549 182
2550 182
2551 178
2552 178
2553 182
2554 178
2555 178
2556 181
2557 181
2558 177
2559 182
2560 181
2561 181
2562 181
2563 181
2564 183
2565 181
2566 177
2567 178
2568 181
2569 181
2570 180
2571 180
2572 182
2573 180
2574 180
2575 179
2576 179
2577 183
2578 199
2579 199
2580 199
2581 197
2582 178
2583 178
2584 181
2585 182
2586 182
2587 183
2588 182
2589 182
2590 183
2591 182
2592 178
2593 179
2594 182
2595 183
2596 182
2597 182
2598 182
2599 178
2600 183
2601 181
2602 178
2603 177
2604 178
2605 182
2606 181
2607 178
2608 183
2609 181
2610 181
2611 181
2612 181
2613 183
2614 180
2615 181
2616 181
2617 180
2618 182
2619 180
2620 189
2621 182
2622 195
2623 200
2624 200
2625 194
2626 183
2627 181
2628 182
2629 182
2630 182
2631 182
2632 182
2633 181
2634 182
2635 182
2636 183
2637 182
2638 178
2639 178
2640 182
2641 182
2642 181
2643 181
2644 178
2645 177
2646 182
2647 182
2648 181
2649 183
2650 181
2651 181
2652 181
2653 177
2654 183
2655 181
2656 177
2657 177
2658 181
2659 180
2660 180
2661 180
2662 182
2663 180
2664 199
2665 192
2666 199
2667 179
2668 195
2669 182
2670 195
2671 178
2672 183
2673 182
2674 178
2675 178
2676 181
2677 178
2678 178
2679 178
2680 178
2681 177
2682 178
2683 178
2684 182
2685 183
2686 181
2687 181
2688 181
2689 181
2690 183
2691 181
2692 181
2693 181
2694 181
2695 182
2696 181
2697 177
2698 178
2699 181
2700 181
2701 181
2702 181
2703 183
2704 180
2705 180
2706 180
2707 180
2708 183
2709 179
2710 198
2711 198
2712 200
2713 196
2714 196
2715 177
2716 183
2717 182
2718 178
2719 178
2720 182
2721 179
2722 178
2723 182
2724 182
2725 183
2726 183
2727 182
2728 181
2729 182
2730 181
2731 179
2732 178
2733 182
2734 182
2735 178
2736 182
2737 182
2738 177
2739 179
2740 177
2741 178
2742 177
2743 177
2744 183
2745 181
2746 181
2747 181
2748 180
2749 182
2750 180
2751 180
2752 182
2753 179
2754 199
2755 198
2756 199
2757 182
2758 200
2759 202
2760 200
2761 182
2762 183
2763 182
2764 182
2765 182
2766 178
2767 183
2768 181
2769 182
2770 183
2771 182
2772 178
2773 178
2774 178
2775 183
2776 182
2777 182
2778 182
2779 182
2780 183
2781 181
2782 182
2783 182
2784 181
2785 183
2786 182
2787 182
2788 182
2789 181
2790 181
2791 181
2792 180
2793 183
2794 180
2795 180
2796 180
2797 176
2798 179
2799 176
2800 199
2801 184
2802 195
2803 182
2804 200
2805 198
2806 182
2807 182
2808 178
2809 178
2810 182
2811 183
2812 182
2813 182
2814 182
2815 182
2816 182
2817 182
2818 182
2819 182
2820 177
2821 183
2822 181
2823 177
2824 177
2825 182
2826 182
2827 181
2828 181
2829 182
2830 181
2831 177
2832 178
2833 181
2834 183
2835 182
2836 181
2837 181
2838 181
2839 183
2840 181
2841 180
2842 182
2843 180
2844 181
2845 179
2846 180
2847 182
2848 199
2849 200
2850 199
2851 200
2852 183
2853 202
2854 178
2855 178
2856 182
2857 183
2858 182
2859 182
2860 182
2861 182
2862 182
2863 182
2864 182
2865 183
2866 182
2867 182
2868 182
2869 182
2870 183
2871 181
2872 182
2873 181
2874 182
2875 183
2876 181
2877 177
2878 178
2879 181
2880 181
2881 181
2882 181
2883 182
2884 181
2885 181
2886 181
2887 181
2888 182
2889 181
2890 180
2891 181
2892 180
2893 179
2894 175
2895 199
2896 178
2897 195
2898 196
2899 196
2900 203
2901 182
2902 182
2903 182
2904 182
2905 178
2906 183
2907 182
2908 182
2909 181
2910 182
2911 183
2912 182
2913 181
2914 182
2915 178
2916 183
2917 182
2918 182
2919 183
2920 181
2921 178
2922 178
2923 182
2924 182
2925 182
2926 177
2927 178
2928 181
2929 179
2930 177
2931 181
2932 181
2933 181
2934 182
2935 180
2936 181
2937 182
2938 180
2939 180
2940 180
2941 179
2942 179
2943 175
2944 199
2945 194
2946 199
2947 183
2948 200
2949 195
2950 200
2951 178
2952 182
2953 182
2954 182
2955 182
2956 181
2957 182
2958 182
2959 182
2960 182
2961 182
2962 178
2963 178
2964 178
2965 183
2966 182
2967 181
2968 182
2969 181
2970 183
2971 181
2972 182
2973 182
2974 182
2975 182
2976 181
2977 182
2978 182
2979 182
2980 181
2981 181
2982 180
2983 183
2984 180
2985 177
2986 177
2987 181
2988 183
2989 180
2990 180
2991 182
2992 176
2993 198
2994 191
2995 198
2996 179
2997 195
2998 200
2999 200
3000 178
3001 182
3002 181
3003 178
3004 178
3005 182
3006 183
3007 181
3008 178
3009 178
3010 182
3011 182
3012 181
3013 181
3014 183
3015 181
3016 182
3017 182
3018 181
3019 182
3020 182
3021 182
3022 181
3023 181
3024 178
3025 177
3026 181
3027 182
3028 177
3029 181
3030 181
3031 181
3032 182
3033 181
3034 181
3035 181
3036 181
3037 182
3038 180
3039 180
3040 180
3041 180
3042 182
3043 179
3044 198
3045 183
3046 195
3047 196
3048 195
3049 201
3050 183
3051 185
3052 179
3053 178
3054 178
3055 183
3056 182
3057 182
3058 181
3059 182
3060 183
3061 181
3062 178
3063 178
3064 182
3065 182
3066 182
3067 182
3068 182
3069 181
3070 182
3071 181
3072 181
3073 179
3074 177
3075 181
3076 181
3077 181
3078 182
3079 181
3080 181
3081 182
3082 181
3083 181
3084 181
3085 181
3086 182
3087 181
3088 180
3089 180
3090 180
3091 183
3092 179
3093 180
3094 179
3095 192
3096 183
3097 199
3098 200
3099 182
3100 200
3101 194
3102 183
3103 182
3104 183
3105 182
3106 182
3107 181
3108 182
3109 183
3110 181
3111 182
3112 181
3113 182
3114 183
3115 182
3116 182
3117 182
3118 181
3119 183
3120 181
3121 182
3122 182
3123 181
3124 182
3125 182
3126 182
3127 183
3128 182
3129 181
3130 181
3131 181
3132 179
3133 177
3134 181
3135 182
3136 181
3137 181
3138 180
3139 176
3140 182
3141 180
3142 180
3143 180
3144 180
3145 182
3146 179
3147 198
3148 187
3149 199
3150 179
3151 195
3152 203
3153 199
3154 182
3155 183
3156 182
3157 178
3158 183
3159 182
3160 182
3161 182
3162 182
3163 183
3164 181
3165 178
3166 177
3167 182
3168 179
3169 178
3170 182
3171 182
3172 182
3173 182
3174 182
3175 178
3176 183
3177 182
3178 182
3179 181
3180 182
3181 183
3182 182
3183 181
3184 181
3185 177
3186 183
3187 181
3188 181
3189 181
3190 181
3191 177
3192 177
3193 181
3194 182
3195 181
3196 180
3197 180
3198 179
3199 182
3200 179
3201 199
3202 199
3203 199
3204 183
3205 199
3206 201
3207 182
3208 182
3209 179
3210 178
3211 182
3212 183
3213 182
3214 182
3215 182
3216 181
3217 179
3218 178
3219 182
3220 182
3221 182
3222 178
3223 178
3224 177
3225 178
3226 182
3227 178
3228 178
3229 182
3230 182
3231 182
3232 178
3233 177
3234 182
3235 183
3236 182
3237 182
3238 182
3239 182
3240 183
3241 181
3242 181
3243 181
3244 180
3245 179
3246 176
3247 181
3248 182
3249 181
3250 176
3251 176
3252 180
3253 183
3254 180
3255 178
3256 175
3257 198
3258 183
3259 199
3260 200
3261 199
3262 185
3263 183
3264 182
3265 182
3266 182
3267 182
3268 182
3269 181
3270 178
3271 182
3272 182
3273 182
3274 181
3275 182
3276 183
3277 182
3278 182
3279 181
3280 181
3281 182
3282 182
3283 182
3284 182
3285 177
3286 182
3287 181
3288 181
3289 178
3290 178
3291 181
3292 181
3293 181
3294 182
3295 181
3296 181
3297 181
3298 181
3299 182
3300 181
3301 181
3302 182
3303 180
3304 180
3305 180
3306 175
3307 182
3308 180
3309 180
3310 179
3311 179
3312 183
3313 199
3314 199
3315 198
3316 200
3317 201
3318 201
3319 178
3320 178
3321 182
3322 182
3323 181
3324 182
3325 182
3326 182
3327 182
3328 182
3329 182
3330 182
3331 181
3332 182
3333 182
3334 181
3335 183
3336 182
3337 182
3338 182
3339 181
3340 182
3341 181
3342 182
3343 182
3344 181
3345 181
3346 182
3347 181
3348 183
3349 181
3350 181
3351 181
3352 177
3353 183
3354 181
3355 181
3356 182
3357 181
3358 177
3359 177
3360 181
3361 183
3362 180
3363 180
3364 181
3365 180
3366 179
3367 176
3368 185
3369 179
3370 195
3371 183
3372 199
3373 199
3374 182
3375 200
3376 182
3377 181
3378 182
3379 182
3380 181
3381 182
3382 181
3383 181
3384 182
3385 182
3386 182
3387 181
3388 182
3389 183
3390 181
3391 181
3392 183
3393 181
3394 182
3395 182
3396 181
3397 183
3398 181
3399 178
3400 177
3401 181
3402 182
3403 181
3404 181
3405 181
3406 181
3407 183
3408 181
3409 181
3410 182
3411 181
3412 182
3413 181
3414 181
3415 179
3416 176
3417 180
3418 181
3419 181
3420 182
3421 180
3422 180
3423 180
3424 180
3425 183
3426 180
3427 192
3428 182
3429 199
3430 199
3431 199
3432 200
3433 182
3434 200
3435 182
3436 182
3437 182
3438 183
3439 182
3440 182
3441 182
3442 182
3443 182
3444 182
3445 182
3446 182
3447 181
3448 182
3449 182
3450 182
3451 183
3452 181
3453 182
3454 181
3455 181
3456 182
3457 182
3458 182
3459 182
3460 182
3461 182
3462 181
3463 181
3464 182
3465 181
3466 181
3467 181
3468 181
3469 183
3470 181
3471 182
3472 181
3473 181
3474 182
3475 181
3476 181
3477 181
3478 180
3479 183
3480 180
3481 180
3482 182
3483 180
3484 180
3485 180
3486 179
3487 183
3488 183
3489 199
3490 198
3491 200
3492 178
3493 195
3494 201
3495 199
3496 185
3497 179
3498 178
3499 182
3500 182
3501 182
3502 182
3503 182
3504 182
3505 182
3506 182
3507 182
3508 181
3509 182
3510 182
3511 182
3512 181
3513 181
3514 181
3515 179
3516 178
3517 181
3518 181
3519 181
3520 178
3521 178
3522 181
3523 183
3524 181
3525 181
3526 181
3527 181
3528 182
3529 181
3530 181
3531 181
3532 181
3533 182
3534 181
3535 180
3536 181
3537 181
3538 181
3539 181
3540 180
3541 182
3542 180
3543 181
3544 180
3545 180
3546 182
3547 179
3548 179
3549 179
3550 194
3551 182
3552 199
3553 199
3554 182
3555 200
3556 202
3557 201
3558 178
3559 182
3560 181
3561 182
3562 182
3563 182
3564 182
3565 182
3566 182
3567 181
3568 182
3569 183
3570 181
3571 181
3572 182
3573 181
3574 182
3575 182
3576 182
3577 183
3578 181
3579 182
3580 182
3581 182
3582 182
3583 181
3584 181
3585 181
3586 182
3587 182
3588 182
3589 182
3590 182
3591 182
3592 182
3593 181
3594 181
3595 182
3596 181
3597 181
3598 181
3599 181
3600 183
3601 181
3602 181
3603 181
3604 181
3605 183
3606 180
3607 180
3608 180
3609 180
3610 180
3611 180
3612 182
3613 183
3614 198
3615 199
3616 199
3617 199
3618 183
3619 200
3620 203
3621 200
3622 182
3623 183
3624 183
3625 182
3626 182
3627 182
3628 183
3629 181
3630 182
3631 178
3632 178
3633 182
3634 182
3635 182
3636 183
3637 182
3638 182
3639 182
3640 181
3641 179
3642 178
3643 182
3644 181
3645 182
3646 182
3647 182
3648 181
3649 178
3650 177
3651 182
3652 182
3653 181
3654 183
3655 181
3656 182
3657 181
3658 182
3659 179
3660 177
3661 181
3662 181
3663 181
3664 182
3665 181
3666 181
3667 182
3668 180
3669 181
3670 181
3671 180
3672 183
3673 180
3674 180
3675 180
3676 179
3677 182
3678 181
3679 199
3680 181
3681 199
3682 196
3683 195
3684 202
3685 183
3686 202
3687 182
3688 182
3689 182
3690 183
3691 182
3692 178
3693 178
3694 182
3695 183
3696 182
3697 182
3698 182
3699 182
3700 179
3701 178
3702 182
3703 182
3704 181
3705 182
3706 181
3707 182
3708 182
3709 182
3710 182
3711 182
3712 181
3713 183
3714 181
3715 178
3716 177
3717 177
3718 181
3719 182
3720 181
3721 183
3722 181
3723 182
3724 181
3725 181
3726 183
3727 181
3728 181
3729 180
3730 181
3731 183
3732 181
3733 180
3734 181
3735 180
3736 181
3737 180
3738 180
3739 182
3740 180
3741 180
3742 180
3743 178
3744 183
3745 191
3746 198
3747 198
3748 199
3749 183
3750 200
3751 200
3752 200
3753 182
3754 183
3755 181
3756 182
3757 182
3758 182
3759 182
3760 182
3761 182
3762 179
3763 178
3764 182
3765 182
3766 182
3767 183
3768 181
3769 181
3770 181
3771 181
3772 182
3773 181
3774 182
3775 182
3776 182
3777 182
3778 182
3779 182
3780 183
3781 181
3782 182
3783 182
3784 182
3785 182
3786 181
3787 181
3788 181
3789 181
3790 183
3791 181
3792 180
3793 178
3794 177
3795 181
3796 181
3797 181
3798 182
3799 181
3800 181
3801 181
3802 181
3803 182
3804 181
3805 180
3806 180
3807 180
3808 181
3809 180
3810 180
3811 182
3812 180
3813 179
3814 179
3815 195
3816 182
3817 199
3818 199
3819 199
3820 200
3821 182
3822 201
3823 182
3824 201
3825 182
3826 183
3827 182
3828 181
3829 182
3830 182
3831 182
3832 181
3833 182
3834 182
3835 182
3836 182
3837 182
3838 181
3839 183
3840 181
3841 177
3842 177
3843 182
3844 182
3845 181
3846 181
3847 183
3848 182
3849 182
3850 181
3851 181
3852 178
3853 177
3854 177
3855 177
3856 181
3857 183
3858 181
3859 181
3860 181
3861 181
3862 183
3863 181
3864 181
3865 182
3866 181
3867 181
3868 181
3869 181
3870 182
3871 181
3872 181
3873 180
3874 180
3875 179
3876 176
3877 180
3878 180
3879 180
3880 180
3881 179
3882 180
3883 182
3884 180
3885 199
3886 193
3887 199
3888 183
3889 199
3890 200
3891 199
3892 200
3893 183
3894 202
3895 182
3896 182
3897 182
3898 183
3899 181
3900 182
3901 182
3902 182
3903 182
3904 181
3905 182
3906 183
3907 182
3908 182
3909 182
3910 181
3911 183
3912 182
3913 181
3914 182
3915 182
3916 182
3917 182
3918 181
3919 182
3920 181
3921 182
3922 181
3923 182
3924 182
3925 181
3926 181
3927 182
3928 182
3929 182
3930 181
3931 181
3932 181
3933 181
3934 183
3935 181
3936 181
3937 182
3938 177
3939 182
3940 181
3941 181
3942 183
3943 180
3944 181
3945 181
3946 180
3947 182
3948 181
3949 181
3950 180
3951 180
3952 182
3953 180
3954 179
3955 182
3956 180
3957 198
3958 179
3959 199
3960 183
3961 198
3962 199
3963 199
3964 200
3965 182
3966 201
3967 188
3968 202
3969 182
3970 182
3971 182
3972 182
3973 182
3974 182
3975 182
3976 182
3977 182
3978 178
3979 178
3980 182
3981 181
3982 182
3983 182
3984 182
3985 181
3986 182
3987 182
3988 183
3989 181
3990 181
3991 182
3992 181
3993 182
3994 181
3995 182
3996 183
3997 182
3998 181
3999 181
