0 184
1 184
2 184
3 184
4 183
5 184
6 183
7 185
8 183
9 183
10 183
11 183
12 183
13 183
14 184
15 183
16 183
17 183
18 183
19 183
20 183
21 184
22 184
23 183
24 183
25 183
26 183
27 183
28 184
29 184
30 184
31 183
32 183
33 183
34 184
35 183
36 183
37 183
38 183
39 183
40 183
41 183
42 183
43 183
44 184
45 184
46 184
47 184
48 183
49 183
50 183
51 184
52 183
53 183
54 183
55 183
56 183
57 184
58 183
59 184
60 183
61 183
62 183
63 183
64 183
65 184
66 184
67 183
68 183
69 183
70 184
71 183
72 183
73 183
74 184
75 184
76 184
77 183
78 184
79 183
80 184
81 185
82 184
83 184
84 183
85 184
86 184
87 184
88 184
89 185
90 183
91 184
92 183
93 183
94 183
95 184
96 185
97 183
98 183
99 184
100 183
101 183
102 183
103 183
104 185
105 183
106 183
107 183
108 183
109 183
110 183
111 184
112 183
113 183
114 183
115 183
116 183
117 184
118 183
119 185
120 183
121 183
122 183
123 183
124 183
125 183
126 184
127 183
128 183
129 184
130 183
131 184
132 184
133 183
134 185
135 184
136 183
137 183
138 183
139 184
140 184
141 184
142 183
143 184
144 183
145 183
146 183
147 183
148 183
149 185
150 184
151 183
152 184
153 184
154 183
155 184
156 185
157 183
158 184
159 183
160 183
161 184
162 183
163 184
164 185
165 183
166 184
167 184
168 184
169 184
170 183
171 184
172 183
173 183
174 184
175 184
176 184
177 183
178 184
179 184
180 184
181 183
182 183
183 183
184 183
185 183
186 184
187 183
188 184
189 184
190 183
191 183
192 184
193 183
194 185
195 184
196 183
197 184
198 183
199 183
200 183
201 184
202 183
203 184
204 183
205 183
206 183
207 183
208 183
209 185
210 183
211 184
212 183
213 183
214 183
215 183
216 183
217 183
218 183
219 184
220 183
221 183
222 183
223 183
224 184
225 183
226 183
227 183
228 183
229 183
230 183
231 183
232 183
233 183
234 183
235 183
236 183
237 183
238 184
239 183
240 184
241 184
242 183
243 183
244 183
245 183
246 184
247 183
248 184
249 184
250 183
251 183
252 183
253 183
254 183
255 183
256 183
257 183
258 183
259 184
260 183
261 183
262 183
263 183
264 184
265 183
266 183
267 183
268 183
269 183
270 183
271 183
272 183
273 183
274 183
275 183
276 184
277 183
278 183
279 183
280 183
281 183
282 183
283 183
284 184
285 184
286 183
287 183
288 183
289 183
290 183
291 184
292 184
293 183
294 183
295 184
296 183
297 183
298 183
299 184
300 183
301 183
302 183
303 183
304 183
305 183
306 184
307 183
308 184
309 183
310 184
311 183
312 183
313 183
314 184
315 183
316 184
317 183
318 183
319 183
320 183
321 185
322 183
323 184
324 184
325 184
326 183
327 183
328 183
329 185
330 184
331 183
332 183
333 183
334 184
335 183
336 184
337 183
338 183
339 183
340 183
341 183
342 184
343 183
344 184
345 183
346 183
347 183
348 183
349 184
350 183
351 185
352 183
353 183
354 183
355 184
356 183
357 183
358 183
359 184
360 183
361 183
362 183
363 184
364 183
365 183
366 184
367 183
368 183
369 183
370 183
371 183
372 183
373 183
374 184
375 183
376 183
377 183
378 183
379 183
380 183
381 184
382 183
383 183
384 184
385 183
386 183
387 183
388 183
389 184
390 183
391 184
392 184
393 183
394 183
395 184
396 185
397 184
398 183
399 184
400 184
401 183
402 184
403 183
404 184
405 183
406 184
407 183
408 183
409 184
410 184
411 184
412 184
413 183
414 183
415 183
416 183
417 183
418 183
419 184
420 183
421 183
422 184
423 183
424 183
425 183
426 185
427 184
428 183
429 183
430 183
431 183
432 183
433 184
434 183
435 183
436 184
437 183
438 183
439 183
440 183
441 184
442 183
443 184
444 184
445 183
446 183
447 183
448 184
449 183
450 183
451 183
452 184
453 183
454 183
455 183
456 184
457 183
458 184
459 183
460 183
461 183
462 183
463 185
464 183
465 183
466 183
467 183
468 183
469 183
470 183
471 184
472 183
473 183
474 183
475 183
476 183
477 184
478 185
479 183
480 184
481 183
482 184
483 184
484 183
485 184
486 184
487 184
488 184
489 183
490 184
491 183
492 183
493 184
494 183
495 183
496 183
497 183
498 183
499 183
500 184
501 185
502 183
503 183
504 183
505 183
506 183
507 183
508 184
509 183
510 183
511 183
512 513
513 183
514 184
515 184
516 184
517 184
518 183
519 183
520 184
521 184
522 183
523 183
524 184
525 183
526 183
527 183
528 183
529 183
530 183
531 185
532 183
533 183
534 183
535 183
536 183
537 183
538 184
539 184
540 184
541 183
542 183
543 184
544 183
545 183
546 185
547 184
548 183
549 184
550 183
551 183
552 184
553 184
554 184
555 183
556 184
557 184
558 183
559 184
560 184
561 185
562 184
563 183
564 184
565 184
566 183
567 183
568 185
569 184
570 184
571 184
572 183
573 183
574 183
575 184
576 185
577 183
578 184
579 184
580 183
581 184
582 183
583 184
584 183
585 183
586 183
587 184
588 183
589 183
590 184
591 184
592 183
593 183
594 183
595 183
596 183
597 184
598 185
599 184
600 183
601 183
602 183
603 183
604 183
605 185
606 183
607 183
608 183
609 184
610 183
611 183
612 184
613 185
614 183
615 183
616 183
617 183
618 183
619 184
620 184
621 184
622 183
623 183
624 183
625 183
626 183
627 183
628 183
629 184
630 184
631 184
632 184
633 183
634 184
635 183
636 184
637 183
638 184
639 183
640 183
641 184
642 184
643 183
644 183
645 183
646 183
647 183
648 183
649 183
650 183
651 183
652 183
653 183
654 183
655 183
656 183
657 184
658 183
659 184
660 184
661 183
662 184
663 183
664 183
665 183
666 183
667 183
668 183
669 183
670 183
671 183
672 183
673 183
674 183
675 183
676 184
677 183
678 183
679 183
680 183
681 183
682 184
683 183
684 183
685 183
686 183
687 183
688 183
689 184
690 184
691 184
692 184
693 183
694 183
695 184
696 184
697 183
698 183
699 183
700 184
701 184
702 183
703 183
704 183
705 183
706 183
707 183
708 183
709 184
710 184
711 185
712 184
713 184
714 184
715 183
716 184
717 185
718 184
719 184
720 184
721 184
722 183
723 184
724 184
725 185
726 183
727 183
728 183
729 184
730 183
731 183
732 184
733 183
734 183
735 183
736 183
737 183
738 183
739 183
740 184
741 183
742 183
743 183
744 184
745 184
746 183
747 185
748 183
749 183
750 183
751 184
752 183
753 183
754 183
755 184
756 183
757 183
758 183
759 183
760 183
761 183
762 185
763 183
764 183
765 183
766 183
767 183
768 184
769 185
770 183
771 183
772 183
773 183
774 183
775 183
776 184
777 184
778 184
779 183
780 183
781 183
782 183
783 183
784 185
785 184
786 183
787 183
788 183
789 183
790 183
791 184
792 185
793 184
794 184
795 183
796 184
797 184
798 184
799 184
800 183
801 184
802 183
803 184
804 184
805 183
806 183
807 184
808 183
809 184
810 183
811 183
812 183
813 183
814 185
815 183
816 183
817 183
818 183
819 184
820 183
821 184
822 183
823 184
824 184
825 183
826 184
827 184
828 183
829 184
830 184
831 184
832 183
833 183
834 183
835 184
836 184
837 183
838 184
839 183
840 183
841 183
842 183
843 183
844 184
845 183
846 183
847 184
848 183
849 184
850 183
851 184
852 183
853 183
854 183
855 184
856 184
857 184
858 184
859 185
860 184
861 183
862 184
863 183
864 184
865 184
866 185
867 184
868 184
869 183
870 183
871 184
872 183
873 184
874 184
875 183
876 184
877 183
878 184
879 184
880 183
881 185
882 184
883 183
884 183
885 183
886 184
887 184
888 185
889 184
890 183
891 184
892 183
893 183
894 183
895 183
896 184
897 183
898 183
899 184
900 183
901 183
902 183
903 184
904 183
905 183
906 183
907 183
908 183
909 183
910 184
911 185
912 183
913 183
914 183
915 184
916 184
917 183
918 185
919 184
920 184
921 183
922 184
923 183
924 183
925 183
926 183
927 183
928 183
929 183
930 184
931 183
932 183
933 183
934 183
935 183
936 183
937 183
938 183
939 183
940 183
941 183
942 183
943 183
944 183
945 183
946 184
947 184
948 184
949 184
950 183
951 184
952 183
953 184
954 184
955 183
956 184
957 183
958 184
959 184
960 183
961 184
962 183
963 183
964 183
965 183
966 183
967 183
968 183
969 183
970 183
971 183
972 183
973 183
974 183
975 183
976 183
977 183
978 183
979 183
980 183
981 183
982 184
983 183
984 183
985 184
986 183
987 183
988 183
989 183
990 183
991 183
992 183
993 184
994 183
995 183
996 183
997 183
998 183
999 183
1000 184
1001 183
1002 183
1003 183
1004 184
1005 183
1006 184
1007 183
1008 185
1009 183
1010 184
1011 183
1012 183
1013 184
1014 183
1015 184
1016 183
1017 183
1018 183
1019 183
1020 183
1021 183
1022 183
1023 185
1024 183
1025 513
1026 183
1027 183
1028 184
1029 184
1030 184
1031 184
1032 183
1033 184
1034 183
1035 183
1036 184
1037 183
1038 183
1039 183
1040 184
1041 183
1042 184
1043 184
1044 183
1045 183
1046 183
1047 183
1048 183
1049 183
1050 184
1051 183
1052 183
1053 183
1054 183
1055 183
1056 183
1057 183
1058 183
1059 183
1060 184
1061 183
1062 183
1063 183
1064 183
1065 183
1066 183
1067 183
1068 183
1069 183
1070 184
1071 183
1072 183
1073 183
1074 183
1075 183
1076 183
1077 183
1078 183
1079 183
1080 183
1081 183
1082 183
1083 183
1084 184
1085 183
1086 183
1087 183
1088 183
1089 183
1090 183
1091 184
1092 183
1093 184
1094 183
1095 183
1096 183
1097 184
1098 183
1099 183
1100 183
1101 184
1102 183
1103 184
1104 183
1105 184
1106 184
1107 183
1108 184
1109 184
1110 184
1111 184
1112 184
1113 184
1114 184
1115 183
1116 184
1117 184
1118 183
1119 183
1120 184
1121 183
1122 184
1123 183
1124 183
1125 183
1126 183
1127 184
1128 184
1129 183
1130 183
1131 183
1132 183
1133 183
1134 184
1135 183
1136 183
1137 183
1138 183
1139 183
1140 183
1141 183
1142 185
1143 183
1144 183
1145 184
1146 183
1147 184
1148 183
1149 185
1150 184
1151 183
1152 183
1153 183
1154 183
1155 183
1156 183
1157 184
1158 183
1159 184
1160 183
1161 183
1162 184
1163 183
1164 184
1165 183
1166 183
1167 183
1168 183
1169 183
1170 183
1171 184
1172 185
1173 183
1174 183
1175 184
1176 184
1177 184
1178 183
1179 185
1180 184
1181 184
1182 183
1183 184
1184 184
1185 183
1186 184
1187 182
1188 184
1189 184
1190 183
1191 184
1192 183
1193 184
1194 184
1195 183
1196 183
1197 183
1198 183
1199 183
1200 183
1201 185
1202 184
1203 184
1204 184
1205 184
1206 183
1207 183
1208 183
1209 185
1210 183
1211 183
1212 183
1213 183
1214 183
1215 183
1216 184
1217 183
1218 183
1219 184
1220 183
1221 183
1222 183
1223 183
1224 184
1225 183
1226 183
1227 183
1228 183
1229 183
1230 183
1231 185
1232 183
1233 184
1234 183
1235 183
1236 184
1237 183
1238 183
1239 184
1240 183
1241 184
1242 183
1243 183
1244 183
1245 183
1246 184
1247 183
1248 183
1249 183
1250 183
1251 183
1252 184
1253 184
1254 183
1255 183
1256 183
1257 183
1258 183
1259 184
1260 184
1261 185
1262 183
1263 184
1264 184
1265 184
1266 184
1267 184
1268 184
1269 183
1270 184
1271 184
1272 183
1273 184
1274 184
1275 183
1276 184
1277 183
1278 183
1279 183
1280 183
1281 183
1282 183
1283 184
1284 184
1285 183
1286 184
1287 183
1288 183
1289 183
1290 184
1291 183
1292 183
1293 183
1294 183
1295 183
1296 184
1297 183
1298 184
1299 183
1300 183
1301 183
1302 183
1303 184
1304 183
1305 185
1306 183
1307 184
1308 183
1309 183
1310 183
1311 183
1312 183
1313 184
1314 183
1315 183
1316 183
1317 183
1318 183
1319 183
1320 184
1321 183
1322 184
1323 184
1324 184
1325 184
1326 183
1327 183
1328 184
1329 184
1330 183
1331 183
1332 183
1333 183
1334 183
1335 183
1336 183
1337 183
1338 183
1339 183
1340 183
1341 184
1342 183
1343 184
1344 183
1345 184
1346 184
1347 183
1348 184
1349 183
1350 184
1351 184
1352 183
1353 184
1354 184
1355 183
1356 184
1357 183
1358 183
1359 184
1360 183
1361 184
1362 183
1363 183
1364 183
1365 183
1366 183
1367 183
1368 183
1369 183
1370 183
1371 183
1372 183
1373 183
1374 183
1375 184
1376 184
1377 183
1378 184
1379 183
1380 183
1381 183
1382 184
1383 183
1384 183
1385 184
1386 183
1387 183
1388 183
1389 183
1390 183
1391 183
1392 183
1393 183
1394 183
1395 184
1396 183
1397 183
1398 183
1399 183
1400 183
1401 183
1402 184
1403 183
1404 183
1405 183
1406 183
1407 183
1408 183
1409 183
1410 185
1411 184
1412 184
1413 184
1414 183
1415 183
1416 183
1417 184
1418 183
1419 183
1420 183
1421 183
1422 184
1423 183
1424 183
1425 185
1426 183
1427 183
1428 184
1429 183
1430 184
1431 184
1432 184
1433 183
1434 183
1435 183
1436 183
1437 183
1438 183
1439 184
1440 185
1441 183
1442 184
1443 183
1444 183
1445 184
1446 183
1447 184
1448 183
1449 183
1450 183
1451 183
1452 183
1453 183
1454 183
1455 184
1456 183
1457 183
1458 184
1459 183
1460 183
1461 184
1462 185
1463 183
1464 183
1465 184
1466 183
1467 183
1468 183
1469 184
1470 184
1471 184
1472 183
1473 183
1474 183
1475 183
1476 183
1477 184
1478 184
1479 183
1480 183
1481 183
1482 183
1483 183
1484 184
1485 183
1486 183
1487 183
1488 184
1489 183
1490 184
1491 184
1492 185
1493 183
1494 184
1495 184
1496 183
1497 183
1498 183
1499 185
1500 184
1501 184
1502 183
1503 184
1504 184
1505 184
1506 184
1507 185
1508 183
1509 183
1510 183
1511 184
1512 184
1513 184
1514 184
1515 183
1516 183
1517 183
1518 183
1519 184
1520 183
1521 183
1522 185
1523 183
1524 184
1525 184
1526 183
1527 183
1528 183
1529 185
1530 183
1531 183
1532 183
1533 183
1534 183
1535 183
1536 183
1537 184
1538 513
1539 183
1540 183
1541 184
1542 183
1543 183
1544 184
1545 183
1546 183
1547 184
1548 184
1549 184
1550 184
1551 183
1552 184
1553 183
1554 183
1555 183
1556 183
1557 183
1558 183
1559 184
1560 183
1561 183
1562 183
1563 183
1564 183
1565 183
1566 184
1567 183
1568 183
1569 184
1570 183
1571 184
1572 184
1573 184
1574 185
1575 183
1576 184
1577 184
1578 184
1579 184
1580 183
1581 185
1582 184
1583 183
1584 184
1585 183
1586 183
1587 183
1588 183
1589 185
1590 183
1591 184
1592 183
1593 183
1594 183
1595 183
1596 185
1597 183
1598 183
1599 183
1600 183
1601 183
1602 183
1603 184
1604 185
1605 184
1606 183
1607 183
1608 184
1609 183
1610 183
1611 184
1612 183
1613 183
1614 183
1615 183
1616 184
1617 183
1618 183
1619 184
1620 183
1621 183
1622 183
1623 183
1624 183
1625 183
1626 185
1627 183
1628 183
1629 183
1630 183
1631 184
1632 183
1633 183
1634 184
1635 183
1636 184
1637 184
1638 184
1639 183
1640 183
1641 184
1642 184
1643 183
1644 183
1645 183
1646 183
1647 183
1648 185
1649 184
1650 183
1651 184
1652 184
1653 183
1654 184
1655 184
1656 185
1657 184
1658 183
1659 184
1660 184
1661 184
1662 184
1663 184
1664 184
1665 183
1666 183
1667 184
1668 184
1669 183
1670 183
1671 185
1672 184
1673 183
1674 184
1675 183
1676 183
1677 183
1678 184
1679 183
1680 183
1681 184
1682 183
1683 183
1684 184
1685 183
1686 185
1687 183
1688 184
1689 184
1690 183
1691 183
1692 184
1693 184
1694 184
1695 184
1696 183
1697 183
1698 183
1699 184
1700 185
1701 183
1702 183
1703 183
1704 183
1705 184
1706 183
1707 183
1708 184
1709 184
1710 183
1711 184
1712 183
1713 183
1714 183
1715 185
1716 184
1717 184
1718 184
1719 184
1720 184
1721 183
1722 183
1723 185
1724 184
1725 184
1726 183
1727 183
1728 183
1729 183
1730 184
1731 184
1732 184
1733 183
1734 184
1735 183
1736 184
1737 183
1738 184
1739 184
1740 183
1741 184
1742 184
1743 183
1744 184
1745 184
1746 184
1747 184
1748 184
1749 183
1750 184
1751 184
1752 183
1753 183
1754 184
1755 183
1756 184
1757 183
1758 183
1759 183
1760 183
1761 184
1762 183
1763 183
1764 183
1765 183
1766 183
1767 183
1768 183
1769 183
1770 183
1771 183
1772 183
1773 183
1774 183
1775 183
1776 183
1777 183
1778 183
1779 183
1780 184
1781 183
1782 183
1783 183
1784 183
1785 183
1786 183
1787 183
1788 183
1789 183
1790 183
1791 183
1792 183
1793 183
1794 183
1795 183
1796 183
1797 184
1798 183
1799 183
1800 183
1801 183
1802 183
1803 183
1804 183
1805 184
1806 184
1807 183
1808 183
1809 183
1810 183
1811 184
1812 185
1813 183
1814 184
1815 183
1816 184
1817 184
1818 183
1819 183
1820 184
1821 184
1822 183
1823 184
1824 184
1825 183
1826 183
1827 184
1828 183
1829 183
1830 183
1831 183
1832 183
1833 183
1834 183
1835 184
1836 183
1837 183
1838 184
1839 183
1840 183
1841 184
1842 185
1843 183
1844 184
1845 184
1846 184
1847 184
1848 183
1849 184
1850 185
1851 183
1852 183
1853 183
1854 184
1855 183
1856 183
1857 184
1858 183
1859 183
1860 183
1861 183
1862 183
1863 183
1864 183
1865 183
1866 183
1867 184
1868 184
1869 184
1870 183
1871 183
1872 184
1873 183
1874 184
1875 184
1876 183
1877 184
1878 184
1879 183
1880 183
1881 183
1882 183
1883 183
1884 183
1885 183
1886 183
1887 185
1888 184
1889 183
1890 184
1891 184
1892 184
1893 183
1894 184
1895 183
1896 184
1897 184
1898 184
1899 185
1900 184
1901 184
1902 185
1903 183
1904 184
1905 184
1906 183
1907 184
1908 184
1909 184
1910 183
1911 183
1912 183
1913 183
1914 183
1915 184
1916 183
1917 184
1918 183
1919 184
1920 183
1921 183
1922 183
1923 184
1924 184
1925 184
1926 183
1927 184
1928 183
1929 183
1930 183
1931 184
1932 184
1933 183
1934 184
1935 184
1936 183
1937 183
1938 183
1939 184
1940 184
1941 183
1942 183
1943 183
1944 183
1945 183
1946 184
1947 185
1948 183
1949 183
1950 183
1951 183
1952 183
1953 183
1954 185
1955 183
1956 183
1957 183
1958 183
1959 183
1960 184
1961 184
1962 185
1963 184
1964 184
1965 183
1966 184
1967 183
1968 183
1969 185
1970 183
1971 183
1972 183
1973 183
1974 184
1975 184
1976 185
1977 183
1978 183
1979 183
1980 184
1981 184
1982 184
1983 183
1984 185
1985 184
1986 183
1987 184
1988 184
1989 183
1990 183
1991 185
1992 183
1993 183
1994 183
1995 184
1996 184
1997 183
1998 183
1999 184
2000 183
2001 183
2002 183
2003 183
2004 183
2005 183
2006 184
2007 183
2008 183
2009 183
2010 183
2011 183
2012 183
2013 184
2014 185
2015 184
2016 183
2017 183
2018 184
2019 183
2020 183
2021 184
2022 184
2023 183
2024 184
2025 183
2026 183
2027 184
2028 183
2029 184
2030 183
2031 183
2032 183
2033 183
2034 183
2035 183
2036 184
2037 183
2038 183
2039 183
2040 183
2041 183
2042 183
2043 183
2044 183
2045 183
2046 183
2047 184
2048 184
2049 183
2050 183
2051 513
2052 184
2053 184
2054 184
2055 184
2056 184
2057 184
2058 184
2059 184
2060 183
2061 184
2062 183
2063 183
2064 183
2065 184
2066 185
2067 183
2068 183
2069 183
2070 183
2071 183
2072 183
2073 184
2074 183
2075 183
2076 183
2077 184
2078 183
2079 183
2080 183
2081 184
2082 183
2083 183
2084 184
2085 183
2086 184
2087 183
2088 184
2089 184
2090 183
2091 184
2092 184
2093 183
2094 184
2095 183
2096 184
2097 183
2098 184
2099 183
2100 183
2101 183
2102 183
2103 184
2104 183
2105 183
2106 183
2107 183
2108 183
2109 183
2110 183
2111 184
2112 183
2113 184
2114 183
2115 183
2116 183
2117 184
2118 185
2119 184
2120 184
2121 183
2122 184
2123 184
2124 184
2125 184
2126 184
2127 183
2128 184
2129 184
2130 184
2131 183
2132 183
2133 185
2134 184
2135 183
2136 183
2137 183
2138 183
2139 183
2140 184
2141 183
2142 183
2143 183
2144 183
2145 184
2146 183
2147 183
2148 185
2149 184
2150 184
2151 184
2152 184
2153 183
2154 183
2155 183
2156 183
2157 183
2158 183
2159 183
2160 183
2161 183
2162 183
2163 183
2164 184
2165 183
2166 183
2167 183
2168 183
2169 183
2170 183
2171 183
2172 183
2173 183
2174 184
2175 184
2176 183
2177 183
2178 183
2179 183
2180 184
2181 184
2182 184
2183 183
2184 183
2185 183
2186 183
2187 183
2188 183
2189 183
2190 183
2191 184
2192 183
2193 183
2194 184
2195 183
2196 183
2197 183
2198 183
2199 183
2200 183
2201 183
2202 183
2203 183
2204 184
2205 184
2206 184
2207 184
2208 184
2209 184
2210 184
2211 184
2212 183
2213 184
2214 184
2215 185
2216 183
2217 184
2218 184
2219 183
2220 183
2221 183
2222 184
2223 183
2224 183
2225 183
2226 184
2227 183
2228 183
2229 183
2230 184
2231 183
2232 183
2233 183
2234 183
2235 183
2236 184
2237 184
2238 183
2239 183
2240 183
2241 183
2242 183
2243 184
2244 183
2245 184
2246 183
2247 184
2248 183
2249 183
2250 183
2251 183
2252 184
2253 184
2254 183
2255 183
2256 183
2257 183
2258 183
2259 184
2260 183
2261 183
2262 183
2263 183
2264 183
2265 183
2266 183
2267 184
2268 183
2269 184
2270 184
2271 183
2272 184
2273 184
2274 184
2275 183
2276 183
2277 183
2278 183
2279 183
2280 183
2281 183
2282 184
2283 184
2284 183
2285 184
2286 183
2287 183
2288 184
2289 185
2290 184
2291 183
2292 183
2293 184
2294 183
2295 184
2296 184
2297 184
2298 184
2299 184
2300 183
2301 183
2302 183
2303 183
2304 185
2305 184
2306 183
2307 183
2308 183
2309 183
2310 184
2311 185
2312 183
2313 183
2314 183
2315 183
2316 183
2317 183
2318 183
2319 184
2320 183
2321 184
2322 183
2323 183
2324 183
2325 183
2326 184
2327 184
2328 184
2329 183
2330 183
2331 184
2332 183
2333 184
2334 185
2335 183
2336 183
2337 183
2338 183
2339 184
2340 183
2341 185
2342 184
2343 183
2344 183
2345 183
2346 184
2347 183
2348 183
2349 184
2350 184
2351 183
2352 183
2353 183
2354 183
2355 184
2356 185
2357 183
2358 183
2359 183
2360 184
2361 184
2362 184
2363 185
2364 183
2365 183
2366 183
2367 184
2368 183
2369 183
2370 184
2371 185
2372 184
2373 184
2374 183
2375 184
2376 183
2377 183
2378 185
2379 184
2380 183
2381 183
2382 183
2383 183
2384 184
2385 184
2386 184
2387 183
2388 184
2389 184
2390 184
2391 184
2392 183
2393 184
2394 183
2395 184
2396 183
2397 183
2398 183
2399 183
2400 183
2401 185
2402 183
2403 184
2404 184
2405 183
2406 183
2407 183
2408 184
2409 183
2410 184
2411 183
2412 184
2413 184
2414 184
2415 183
2416 183
2417 184
2418 183
2419 184
2420 184
2421 184
2422 183
2423 184
2424 183
2425 184
2426 184
2427 184
2428 184
2429 183
2430 184
2431 183
2432 183
2433 183
2434 184
2435 183
2436 184
2437 183
2438 184
2439 183
2440 184
2441 184
2442 184
2443 184
2444 183
2445 185
2446 184
2447 184
2448 184
2449 183
2450 184
2451 183
2452 184
2453 184
2454 183
2455 184
2456 184
2457 184
2458 184
2459 183
2460 183
2461 183
2462 184
2463 183
2464 183
2465 184
2466 183
2467 183
2468 183
2469 183
2470 183
2471 184
2472 184
2473 184
2474 184
2475 183
2476 183
2477 184
2478 184
2479 183
2480 184
2481 183
2482 183
2483 183
2484 183
2485 183
2486 183
2487 183
2488 183
2489 183
2490 183
2491 183
2492 183
2493 183
2494 184
2495 183
2496 183
2497 183
2498 183
2499 183
2500 183
2501 183
2502 184
2503 184
2504 183
2505 183
2506 183
2507 184
2508 184
2509 184
2510 183
2511 183
2512 184
2513 183
2514 184
2515 183
2516 183
2517 183
2518 183
2519 183
2520 185
2521 183
2522 183
2523 183
2524 183
2525 184
2526 184
2527 185
2528 183
2529 183
2530 184
2531 184
2532 184
2533 183
2534 183
2535 185
2536 184
2537 184
2538 185
2539 183
2540 183
2541 184
2542 184
2543 183
2544 183
2545 183
2546 183
2547 183
2548 183
2549 183
2550 185
2551 183
2552 183
2553 183
2554 183
2555 183
2556 183
2557 184
2558 183
2559 183
2560 184
2561 183
2562 183
2563 183
2564 513
2565 184
2566 183
2567 183
2568 183
2569 183
2570 184
2571 183
2572 184
2573 184
2574 184
2575 183
2576 183
2577 184
2578 183
2579 183
2580 183
2581 183
2582 183
2583 184
2584 183
2585 183
2586 183
2587 183
2588 183
2589 184
2590 183
2591 183
2592 183
2593 183
2594 183
2595 183
2596 184
2597 184
2598 184
2599 184
2600 184
2601 184
2602 184
2603 184
2604 184
2605 184
2606 183
2607 184
2608 184
2609 183
2610 184
2611 183
2612 183
2613 183
2614 183
2615 183
2616 183
2617 183
2618 183
2619 183
2620 184
2621 183
2622 183
2623 183
2624 184
2625 183
2626 184
2627 183
2628 183
2629 183
2630 183
2631 183
2632 185
2633 183
2634 183
2635 183
2636 183
2637 184
2638 183
2639 185
2640 184
2641 183
2642 183
2643 183
2644 183
2645 183
2646 184
2647 184
2648 183
2649 183
2650 183
2651 183
2652 183
2653 183
2654 184
2655 183
2656 183
2657 183
2658 183
2659 183
2660 183
2661 183
2662 185
2663 183
2664 183
2665 184
2666 183
2667 183
2668 183
2669 184
2670 183
2671 183
2672 184
2673 184
2674 183
2675 183
2676 183
2677 185
2678 183
2679 183
2680 184
2681 183
2682 184
2683 183
2684 184
2685 184
2686 183
2687 184
2688 183
2689 184
2690 184
2691 184
2692 184
2693 183
2694 183
2695 183
2696 183
2697 183
2698 183
2699 184
2700 183
2701 183
2702 184
2703 183
2704 183
2705 183
2706 185
2707 183
2708 183
2709 183
2710 183
2711 183
2712 183
2713 183
2714 184
2715 183
2716 183
2717 183
2718 183
2719 183
2720 184
2721 184
2722 183
2723 184
2724 183
2725 183
2726 183
2727 183
2728 183
2729 184
2730 183
2731 183
2732 183
2733 183
2734 183
2735 183
2736 185
2737 183
2738 183
2739 183
2740 183
2741 183
2742 183
2743 184
2744 183
2745 183
2746 183
2747 184
2748 183
2749 184
2750 183
2751 184
2752 183
2753 184
2754 184
2755 183
2756 183
2757 184
2758 184
2759 183
2760 184
2761 183
2762 183
2763 184
2764 183
2765 184
2766 184
2767 184
2768 183
2769 183
2770 184
2771 183
2772 183
2773 184
2774 183
2775 184
2776 183
2777 184
2778 184
2779 184
2780 183
2781 185
2782 184
2783 183
2784 183
2785 183
2786 183
2787 183
2788 184
2789 183
2790 183
2791 184
2792 183
2793 184
2794 183
2795 184
2796 183
2797 183
2798 183
2799 184
2800 183
2801 184
2802 184
2803 184
2804 184
2805 183
2806 184
2807 184
2808 183
2809 184
2810 184
2811 183
2812 183
2813 184
2814 184
2815 183
2816 183
2817 183
2818 185
2819 183
2820 184
2821 183
2822 183
2823 184
2824 183
2825 184
2826 183
2827 183
2828 183
2829 183
2830 183
2831 183
2832 184
2833 185
2834 183
2835 184
2836 184
2837 184
2838 184
2839 184
2840 185
2841 183
2842 184
2843 184
2844 183
2845 184
2846 183
2847 184
2848 185
2849 183
2850 184
2851 183
2852 183
2853 183
2854 183
2855 184
2856 183
2857 184
2858 183
2859 183
2860 183
2861 184
2862 184
2863 183
2864 183
2865 184
2866 183
2867 183
2868 184
2869 183
2870 184
2871 183
2872 183
2873 183
2874 184
2875 183
2876 183
2877 183
2878 183
2879 183
2880 183
2881 183
2882 183
2883 183
2884 183
2885 183
2886 183
2887 184
2888 183
2889 183
2890 183
2891 183
2892 183
2893 184
2894 184
2895 184
2896 183
2897 183
2898 183
2899 183
2900 184
2901 183
2902 183
2903 183
2904 183
2905 183
2906 183
2907 183
2908 183
2909 183
2910 183
2911 183
2912 183
2913 183
2914 183
2915 184
2916 184
2917 184
2918 183
2919 183
2920 183
2921 184
2922 185
2923 183
2924 184
2925 184
2926 184
2927 184
2928 184
2929 183
2930 185
2931 183
2932 183
2933 183
2934 183
2935 183
2936 183
2937 183
2938 184
2939 183
2940 183
2941 183
2942 183
2943 184
2944 183
2945 184
2946 183
2947 183
2948 183
2949 183
2950 183
2951 183
2952 184
2953 184
2954 184
2955 184
2956 183
2957 184
2958 183
2959 184
2960 185
2961 183
2962 183
2963 183
2964 183
2965 184
2966 183
2967 184
2968 183
2969 183
2970 183
2971 183
2972 183
2973 184
2974 183
2975 184
2976 183
2977 184
2978 183
2979 183
2980 183
2981 183
2982 184
2983 184
2984 183
2985 183
2986 184
2987 184
2988 183
2989 183
2990 184
2991 183
2992 184
2993 183
2994 184
2995 183
2996 183
2997 185
2998 183
2999 184
3000 184
3001 184
3002 183
3003 183
3004 183
3005 185
3006 183
3007 184
3008 183
3009 183
3010 184
3011 183
3012 184
3013 183
3014 183
3015 183
3016 184
3017 183
3018 183
3019 183
3020 184
3021 183
3022 183
3023 183
3024 183
3025 184
3026 183
3027 184
3028 183
3029 183
3030 183
3031 183
3032 183
3033 183
3034 183
3035 183
3036 183
3037 183
3038 183
3039 183
3040 183
3041 183
3042 184
3043 184
3044 184
3045 183
3046 183
3047 183
3048 184
3049 185
3050 183
3051 184
3052 184
3053 183
3054 184
3055 184
3056 183
3057 184
3058 183
3059 183
3060 184
3061 183
3062 183
3063 183
3064 184
3065 183
3066 184
3067 183
3068 183
3069 183
3070 183
3071 183
3072 184
3073 183
3074 183
3075 183
3076 183
3077 513
3078 184
3079 185
3080 183
3081 184
3082 184
3083 183
3084 183
3085 184
3086 183
3087 184
3088 184
3089 183
3090 183
3091 183
3092 183
3093 183
3094 185
3095 183
3096 183
3097 183
3098 184
3099 184
3100 183
3101 183
3102 185
3103 183
3104 184
3105 184
3106 183
3107 184
3108 183
3109 184
3110 183
3111 183
3112 184
3113 183
3114 183
3115 183
3116 184
3117 183
3118 183
3119 183
3120 184
3121 183
3122 183
3123 183
3124 185
3125 184
3126 184
3127 184
3128 183
3129 183
3130 183
3131 184
3132 184
3133 183
3134 184
3135 183
3136 183
3137 183
3138 183
3139 184
3140 183
3141 183
3142 183
3143 183
3144 183
3145 183
3146 184
3147 183
3148 183
3149 184
3150 183
3151 184
3152 184
3153 183
3154 185
3155 184
3156 184
3157 184
3158 184
3159 184
3160 184
3161 185
3162 184
3163 184
3164 184
3165 183
3166 183
3167 183
3168 183
3169 184
3170 183
3171 183
3172 183
3173 183
3174 183
3175 184
3176 184
3177 183
3178 183
3179 183
3180 183
3181 183
3182 184
3183 183
3184 184
3185 184
3186 184
3187 183
3188 183
3189 183
3190 183
3191 184
3192 183
3193 184
3194 183
3195 183
3196 183
3197 183
3198 183
3199 184
3200 183
3201 183
3202 183
3203 183
3204 183
3205 184
3206 184
3207 183
3208 183
3209 183
3210 183
3211 183
3212 183
3213 185
3214 183
3215 183
3216 183
3217 183
3218 183
3219 184
3220 183
3221 185
3222 184
3223 183
3224 183
3225 183
3226 183
3227 183
3228 184
3229 184
3230 183
3231 183
3232 183
3233 183
3234 184
3235 184
3236 184
3237 184
3238 183
3239 183
3240 184
3241 183
3242 184
3243 185
3244 183
3245 183
3246 183
3247 183
3248 184
3249 184
3250 184
3251 185
3252 183
3253 184
3254 183
3255 183
3256 184
3257 183
3258 185
3259 183
3260 184
3261 184
3262 184
3263 183
3264 183
3265 183
3266 185
3267 183
3268 183
3269 183
3270 183
3271 183
3272 183
3273 183
3274 183
3275 183
3276 183
3277 183
3278 183
3279 183
3280 183
3281 184
3282 184
3283 183
3284 183
3285 183
3286 183
3287 183
3288 184
3289 183
3290 183
3291 183
3292 183
3293 183
3294 183
3295 183
3296 183
3297 184
3298 183
3299 183
3300 183
3301 183
3302 183
3303 184
3304 183
3305 183
3306 184
3307 184
3308 183
3309 184
3310 184
3311 183
3312 184
3313 183
3314 184
3315 184
3316 184
3317 183
3318 183
3319 183
3320 183
3321 183
3322 184
3323 183
3324 183
3325 183
3326 183
3327 183
3328 183
3329 183
3330 183
3331 183
3332 183
3333 184
3334 183
3335 183
3336 183
3337 184
3338 183
3339 183
3340 184
3341 183
3342 183
3343 183
3344 183
3345 184
3346 183
3347 183
3348 184
3349 183
3350 183
3351 183
3352 183
3353 183
3354 183
3355 184
3356 183
3357 183
3358 183
3359 183
3360 183
3361 183
3362 183
3363 185
3364 183
3365 183
3366 183
3367 183
3368 183
3369 183
3370 184
3371 183
3372 183
3373 184
3374 183
3375 183
3376 183
3377 183
3378 184
3379 183
3380 183
3381 183
3382 184
3383 183
3384 183
3385 185
3386 184
3387 184
3388 183
3389 184
3390 184
3391 183
3392 184
3393 183
3394 184
3395 183
3396 184
3397 184
3398 183
3399 184
3400 185
3401 184
3402 184
3403 184
3404 184
3405 183
3406 183
3407 184
3408 183
3409 183
3410 183
3411 183
3412 183
3413 183
3414 183
3415 184
3416 183
3417 183
3418 183
3419 183
3420 183
3421 183
3422 185
3423 183
3424 184
3425 183
3426 184
3427 183
3428 183
3429 183
3430 184
3431 184
3432 184
3433 184
3434 184
3435 183
3436 183
3437 184
3438 183
3439 183
3440 183
3441 183
3442 183
3443 183
3444 183
3445 184
3446 183
3447 183
3448 184
3449 183
3450 183
3451 183
3452 184
3453 183
3454 184
3455 184
3456 183
3457 183
3458 183
3459 184
3460 184
3461 183
3462 183
3463 183
3464 183
3465 183
3466 183
3467 184
3468 183
3469 184
3470 183
3471 183
3472 184
3473 183
3474 185
3475 183
3476 183
3477 183
3478 183
3479 184
3480 184
3481 184
3482 185
3483 184
3484 184
3485 184
3486 183
3487 184
3488 183
3489 185
3490 183
3491 184
3492 183
3493 183
3494 183
3495 183
3496 183
3497 184
3498 183
3499 183
3500 183
3501 183
3502 183
3503 183
3504 184
3505 183
3506 183
3507 183
3508 183
3509 183
3510 183
3511 184
3512 185
3513 184
3514 184
3515 183
3516 183
3517 184
3518 184
3519 185
3520 183
3521 183
3522 183
3523 183
3524 183
3525 183
3526 184
3527 183
3528 183
3529 184
3530 183
3531 183
3532 183
3533 183
3534 184
3535 183
3536 183
3537 183
3538 183
3539 183
3540 183
3541 184
3542 183
3543 184
3544 183
3545 183
3546 183
3547 184
3548 183
3549 185
3550 184
3551 184
3552 184
3553 183
3554 184
3555 183
3556 185
3557 183
3558 183
3559 184
3560 183
3561 183
3562 184
3563 183
3564 185
3565 184
3566 183
3567 183
3568 183
3569 183
3570 183
3571 183
3572 183
3573 183
3574 183
3575 183
3576 183
3577 183
3578 183
3579 184
3580 183
3581 183
3582 183
3583 183
3584 183
3585 183
3586 183
3587 183
3588 183
3589 183
3590 513
3591 183
3592 183
3593 183
3594 185
3595 183
3596 183
3597 183
3598 183
3599 183
3600 183
3601 185
3602 183
3603 183
3604 184
3605 183
3606 184
3607 184
3608 184
3609 183
3610 183
3611 183
3612 183
3613 184
3614 183
3615 183
3616 184
3617 183
3618 183
3619 183
3620 183
3621 183
3622 184
3623 184
3624 184
3625 184
3626 183
3627 184
3628 183
3629 184
3630 184
3631 184
3632 184
3633 184
3634 184
3635 184
3636 183
3637 184
3638 184
3639 184
3640 183
3641 183
3642 183
3643 183
3644 183
3645 183
3646 184
3647 184
3648 183
3649 183
3650 183
3651 183
3652 183
3653 185
3654 183
3655 184
3656 183
3657 184
3658 183
3659 184
3660 183
3661 184
3662 184
3663 184
3664 184
3665 183
3666 183
3667 184
3668 184
3669 183
3670 183
3671 183
3672 183
3673 184
3674 183
3675 184
3676 183
3677 183
3678 183
3679 183
3680 183
3681 183
3682 183
3683 183
3684 184
3685 183
3686 183
3687 183
3688 184
3689 184
3690 183
3691 184
3692 183
3693 183
3694 183
3695 183
3696 183
3697 183
3698 183
3699 183
3700 183
3701 183
3702 183
3703 183
3704 184
3705 184
3706 183
3707 183
3708 183
3709 184
3710 184
3711 183
3712 183
3713 184
3714 184
3715 184
3716 184
3717 183
3718 183
3719 183
3720 184
3721 183
3722 183
3723 184
3724 183
3725 183
3726 183
3727 183
3728 183
3729 183
3730 183
3731 183
3732 184
3733 183
3734 183
3735 183
3736 183
3737 183
3738 183
3739 183
3740 183
3741 183
3742 184
3743 184
3744 183
3745 184
3746 183
3747 183
3748 183
3749 183
3750 184
3751 184
3752 183
3753 184
3754 183
3755 183
3756 183
3757 183
3758 184
3759 183
3760 183
3761 183
3762 183
3763 183
3764 183
3765 184
3766 183
3767 183
3768 183
3769 183
3770 183
3771 183
3772 183
3773 184
3774 183
3775 183
3776 183
3777 183
3778 183
3779 184
3780 185
3781 183
3782 184
3783 183
3784 184
3785 183
3786 184
3787 184
3788 183
3789 184
3790 184
3791 183
3792 183
3793 183
3794 183
3795 185
3796 183
3797 183
3798 183
3799 183
3800 183
3801 183
3802 184
3803 183
3804 184
3805 184
3806 183
3807 183
3808 184
3809 183
3810 185
3811 184
3812 183
3813 183
3814 183
3815 184
3816 183
3817 184
3818 184
3819 183
3820 183
3821 183
3822 184
3823 183
3824 183
3825 184
3826 183
3827 183
3828 183
3829 183
3830 184
3831 183
3832 184
3833 183
3834 183
3835 184
3836 184
3837 183
3838 183
3839 183
3840 184
3841 183
3842 183
3843 184
3844 183
3845 183
3846 183
3847 184
3848 183
3849 183
3850 183
3851 183
3852 183
3853 184
3854 183
3855 185
3856 183
3857 183
3858 184
3859 183
3860 183
3861 183
3862 185
3863 183
3864 184
3865 184
3866 183
3867 184
3868 184
3869 184
3870 184
3871 183
3872 184
3873 184
3874 184
3875 183
3876 183
3877 185
3878 183
3879 183
3880 183
3881 183
3882 183
3883 183
3884 183
3885 184
3886 183
3887 184
3888 183
3889 183
3890 184
3891 183
3892 185
3893 183
3894 183
3895 184
3896 184
3897 183
3898 183
3899 185
3900 183
3901 183
3902 183
3903 183
3904 183
3905 183
3906 183
3907 185
3908 183
3909 183
3910 183
3911 183
3912 183
3913 183
3914 184
3915 183
3916 183
3917 183
3918 183
3919 184
3920 184
3921 183
3922 185
3923 184
3924 183
3925 184
3926 184
3927 183
3928 184
3929 184
3930 183
3931 184
3932 183
3933 183
3934 183
3935 183
3936 183
3937 184
3938 183
3939 183
3940 183
3941 183
3942 184
3943 183
3944 185
3945 184
3946 183
3947 184
3948 183
3949 184
3950 184
3951 184
3952 184
3953 183
3954 184
3955 184
3956 184
3957 184
3958 183
3959 185
3960 183
3961 183
3962 183
3963 183
3964 183
3965 183
3966 184
3967 183
3968 183
3969 183
3970 183
3971 183
3972 183
3973 183
3974 184
3975 183
3976 183
3977 183
3978 183
3979 183
3980 184
3981 184
3982 184
3983 183
3984 183
3985 183
3986 184
3987 184
3988 183
3989 183
3990 183
3991 183
3992 184
3993 184
3994 183
3995 183
3996 183
3997 183
3998 183
3999 183
