0 183
1 183
2 183
3 183
4 183
5 183
6 183
7 183
8 184
9 183
10 183
11 183
12 183
13 183
14 183
15 184
16 183
17 183
18 183
19 183
20 183
21 184
22 184
23 185
24 184
25 183
26 185
27 184
28 183
29 183
30 183
31 184
32 183
33 184
34 184
35 183
36 183
37 183
38 183
39 183
40 184
41 184
42 183
43 183
44 183
45 183
46 183
47 183
48 183
49 184
50 183
51 183
52 183
53 183
54 184
55 183
56 183
57 183
58 183
59 183
60 183
61 183
62 184
63 184
64 184
65 184
66 183
67 183
68 184
69 183
70 183
71 183
72 184
73 183
74 184
75 184
76 183
77 184
78 183
79 184
80 183
81 183
82 184
83 183
84 183
85 183
86 184
87 184
88 183
89 183
90 184
91 183
92 183
93 183
94 183
95 183
96 183
97 183
98 185
99 184
100 185
101 184
102 183
103 184
104 184
105 183
106 183
107 184
108 183
109 183
110 183
111 183
112 183
113 183
114 184
115 183
116 183
117 183
118 184
119 183
120 183
121 184
122 183
123 183
124 184
125 183
126 184
127 183
128 183
129 183
130 183
131 183
132 183
133 183
134 184
135 184
136 185
137 184
138 184
139 183
140 183
141 183
142 183
143 183
144 184
145 184
146 183
147 183
148 183
149 183
150 184
151 183
152 183
153 183
154 183
155 183
156 184
157 183
158 183
159 183
160 184
161 184
162 183
163 183
164 184
165 183
166 183
167 183
168 184
169 183
170 183
171 183
172 183
173 184
174 184
175 185
176 184
177 183
178 184
179 183
180 184
181 183
182 184
183 183
184 183
185 183
186 184
187 183
188 183
189 183
190 183
191 183
192 184
193 183
194 184
195 183
196 184
197 183
198 183
199 184
200 183
201 183
202 183
203 183
204 183
205 183
206 183
207 183
208 183
209 184
210 184
211 184
212 185
213 183
214 183
215 183
216 183
217 184
218 183
219 183
220 183
221 183
222 183
223 184
224 183
225 184
226 183
227 184
228 184
229 183
230 183
231 184
232 183
233 183
234 183
235 183
236 183
237 183
238 183
239 183
240 183
241 183
242 184
243 183
244 183
245 183
246 183
247 184
248 184
249 184
250 184
251 183
252 183
253 183
254 183
255 183
256 183
257 183
258 183
259 183
260 183
261 183
262 183
263 184
264 183
265 183
266 184
267 184
268 183
269 183
270 183
271 183
272 183
273 183
274 184
275 183
276 183
277 184
278 184
279 184
280 183
281 183
282 183
283 185
284 184
285 184
286 184
287 184
288 184
289 183
290 183
291 183
292 184
293 183
294 183
295 183
296 183
297 183
298 183
299 183
300 184
301 184
302 183
303 183
304 183
305 183
306 184
307 183
308 183
309 184
310 183
311 183
312 183
313 183
314 183
315 183
316 183
317 184
318 184
319 184
320 184
321 184
322 184
323 185
324 183
325 184
326 183
327 183
328 183
329 183
330 183
331 184
332 183
333 183
334 183
335 183
336 183
337 183
338 183
339 183
340 183
341 183
342 183
343 183
344 183
345 184
346 183
347 183
348 183
349 183
350 184
351 183
352 183
353 183
354 183
355 183
356 183
357 183
358 184
359 185
360 183
361 184
362 184
363 183
364 183
365 183
366 184
367 183
368 183
369 183
370 184
371 183
372 184
373 184
374 183
375 184
376 183
377 183
378 183
379 183
380 183
381 183
382 183
383 183
384 184
385 183
386 183
387 183
388 183
389 183
390 183
391 184
392 183
393 183
394 183
395 184
396 183
397 184
398 185
399 184
400 184
401 183
402 184
403 183
404 183
405 184
406 183
407 184
408 183
409 184
410 183
411 183
412 184
413 183
414 183
415 183
416 183
417 183
418 183
419 184
420 183
421 184
422 183
423 184
424 183
425 183
426 183
427 183
428 183
429 183
430 183
431 183
432 183
433 184
434 185
435 185
436 184
437 184
438 183
439 183
440 183
441 183
442 183
443 183
444 184
445 183
446 183
447 183
448 184
449 184
450 183
451 183
452 183
453 183
454 183
455 183
456 183
457 183
458 184
459 183
460 183
461 183
462 183
463 183
464 183
465 183
466 184
467 183
468 183
469 185
470 184
471 183
472 184
473 185
474 184
475 183
476 183
477 183
478 183
479 184
480 184
481 183
482 183
483 183
484 184
485 183
486 183
487 184
488 183
489 183
490 183
491 184
492 183
493 183
494 183
495 183
496 183
497 183
498 184
499 183
500 184
501 184
502 183
503 183
504 183
505 183
506 183
507 183
508 184
509 184
510 183
511 183
512 183
513 183
514 183
515 184
516 183
517 183
518 183
519 183
520 183
521 183
522 183
523 183
524 183
525 183
526 184
527 183
528 183
529 183
530 183
531 183
532 183
533 183
534 183
535 183
536 183
537 183
538 183
539 183
540 183
541 184
542 183
543 183
544 185
545 184
546 184
547 184
548 183
549 183
550 183
551 183
552 183
553 183
554 184
555 183
556 183
557 183
558 183
559 183
560 183
561 184
562 183
563 183
564 184
565 184
566 183
567 183
568 183
569 183
570 183
571 183
572 184
573 183
574 183
575 183
576 184
577 184
578 183
579 183
580 184
581 184
582 184
583 185
584 185
585 183
586 183
587 183
588 184
589 183
590 184
591 183
592 183
593 184
594 183
595 183
596 183
597 183
598 183
599 183
600 183
601 183
602 183
603 184
604 183
605 183
606 183
607 183
608 184
609 183
610 183
611 184
612 183
613 183
614 184
615 183
616 183
617 183
618 184
619 184
620 184
621 185
622 184
623 184
624 183
625 183
626 183
627 184
628 184
629 184
630 183
631 183
632 184
633 183
634 183
635 183
636 184
637 183
638 183
639 183
640 183
641 183
642 183
643 184
644 183
645 183
646 183
647 184
648 183
649 183
650 184
651 183
652 183
653 183
654 184
655 184
656 184
657 185
658 184
659 183
660 184
661 183
662 184
663 183
664 183
665 183
666 183
667 183
668 183
669 183
670 183
671 184
672 183
673 183
674 183
675 184
676 183
677 183
678 183
679 184
680 183
681 184
682 183
683 183
684 183
685 184
686 184
687 183
688 183
689 183
690 183
