0 183
1 183
2 183
3 183
4 183
5 183
6 184
7 184
8 184
9 184
10 184
11 185
12 184
13 184
14 184
15 184
16 183
17 184
18 184
19 185
20 185
21 183
22 184
23 184
24 183
25 184
26 183
27 183
28 183
29 183
30 183
31 183
32 183
33 183
34 183
35 183
36 183
37 183
38 183
39 183
40 183
41 183
42 183
43 184
44 183
45 183
46 183
47 183
48 183
49 183
50 184
51 183
52 183
53 183
54 183
55 183
56 183
57 183
58 183
59 183
60 183
61 183
62 183
63 183
64 183
65 183
66 183
67 183
68 183
69 183
70 183
71 183
72 183
73 183
74 183
75 183
76 183
77 183
78 183
79 183
80 183
81 183
82 183
83 183
84 183
85 183
86 183
87 183
88 183
89 183
90 183
91 183
92 183
93 183
94 183
95 183
96 183
97 184
98 183
99 183
100 183
101 183
102 183
103 183
104 183
105 183
106 183
107 183
108 183
109 183
110 183
111 183
112 183
113 183
114 183
115 183
116 183
117 183
118 183
119 183
120 183
121 183
122 183
123 183
124 183
125 183
126 183
127 183
128 183
129 183
130 183
131 183
132 183
133 183
134 183
135 184
136 183
137 183
138 183
139 183
140 183
141 183
142 183
143 183
144 183
145 183
146 183
147 183
148 183
149 183
150 183
151 183
152 183
153 183
154 183
155 183
156 183
157 183
158 184
159 183
160 183
161 184
162 183
163 184
164 184
165 183
166 184
167 184
168 183
169 184
170 184
171 184
172 184
173 183
174 184
175 184
176 184
177 184
178 183
179 184
180 184
181 183
182 183
183 183
184 183
185 183
186 183
187 183
188 183
189 183
190 183
191 183
192 183
193 183
194 183
195 183
196 183
197 183
198 183
199 183
200 183
201 183
202 183
203 183
204 183
205 183
206 183
207 183
208 183
209 183
210 183
211 183
212 183
213 183
214 183
215 183
216 183
217 183
218 183
219 183
220 183
221 183
222 183
223 183
224 183
225 183
226 183
227 183
228 183
229 183
230 183
231 183
232 183
233 183
234 183
235 183
236 183
237 182
238 183
239 183
240 183
241 183
242 183
243 183
244 183
245 183
246 183
247 183
248 183
249 183
250 183
251 183
252 183
253 183
254 183
255 183
256 183
257 183
258 183
259 183
260 183
261 183
262 184
263 183
264 183
265 183
266 183
267 183
268 183
269 183
270 184
271 183
272 183
273 183
274 183
275 183
276 183
277 183
278 183
279 183
280 183
281 183
282 183
283 183
284 184
285 183
286 183
287 183
288 184
289 183
290 183
291 183
292 183
293 183
294 183
295 183
296 183
297 184
298 184
299 183
300 183
301 183
302 183
303 183
304 183
305 184
306 183
307 183
308 184
309 184
310 184
311 184
312 183
313 184
314 184
315 184
316 184
317 183
318 184
319 184
320 185
321 184
322 183
323 183
324 184
325 183
326 183
327 183
328 183
329 183
330 183
331 183
332 183
333 183
334 183
335 183
336 183
337 183
338 183
339 183
340 183
341 183
342 183
343 183
344 183
345 183
346 183
347 183
348 183
349 183
350 183
351 183
352 183
353 183
354 183
355 183
356 183
357 183
358 183
359 183
360 183
361 183
362 183
363 183
364 183
365 183
366 183
367 183
368 183
369 183
370 183
371 183
372 183
373 183
374 183
375 183
376 183
377 183
378 183
379 183
380 183
381 184
382 183
383 183
384 183
385 183
386 183
387 183
388 183
389 183
390 183
391 182
392 183
393 183
394 183
395 183
396 183
397 183
398 183
399 184
400 183
401 183
402 183
403 183
404 183
405 184
406 183
407 183
408 183
409 183
410 183
411 183
412 183
413 183
414 183
415 183
416 183
417 183
418 183
419 183
420 183
421 183
422 183
423 183
424 183
425 183
426 183
427 183
428 183
429 183
430 183
431 183
432 183
433 183
434 183
435 184
436 183
437 183
438 183
439 183
440 183
441 183
442 183
443 183
444 183
445 183
446 183
447 184
448 183
449 185
450 184
451 183
452 184
453 184
454 184
455 184
456 183
457 184
458 184
459 184
460 185
461 184
462 184
463 185
464 183
465 185
466 184
467 183
468 183
469 183
470 183
471 183
472 183
473 183
474 183
475 183
476 183
477 184
478 183
479 183
480 183
481 183
482 183
483 183
484 183
485 183
486 183
487 183
488 183
489 183
490 183
491 183
492 183
493 183
494 183
495 183
496 183
497 183
498 183
499 183
500 183
501 183
502 183
503 184
504 183
505 183
506 183
507 183
508 183
509 183
510 183
511 183
512 183
513 183
514 183
515 183
516 183
517 183
518 183
519 183
520 183
521 183
522 183
523 183
524 183
525 183
526 183
527 183
528 183
529 183
530 183
531 183
532 183
533 183
534 183
535 183
536 183
537 183
538 183
539 184
540 183
541 183
542 183
543 183
544 183
545 183
546 183
547 183
548 183
549 183
550 183
551 183
552 183
553 183
554 183
555 183
556 183
557 184
558 183
559 183
560 184
561 183
562 183
563 183
564 183
565 183
566 183
567 183
568 183
569 183
570 183
571 183
572 183
573 183
574 183
575 183
576 183
577 183
578 184
579 183
580 184
581 183
582 183
583 184
584 183
585 183
586 185
587 184
588 184
589 185
590 183
591 185
592 184
593 185
594 184
595 183
596 185
597 185
598 184
599 184
600 185
601 183
602 183
603 183
604 183
605 183
606 183
607 183
608 183
609 183
610 183
611 184
612 183
613 183
614 184
615 183
616 183
617 184
618 183
619 183
620 183
621 183
622 183
623 183
624 183
625 183
626 183
627 183
628 183
629 183
630 183
631 183
632 183
633 184
634 183
635 183
636 184
637 183
638 183
639 183
640 183
641 183
642 183
643 183
644 183
645 183
646 183
647 183
648 183
649 183
650 183
651 183
652 183
653 183
654 183
655 183
656 183
657 183
658 183
659 183
660 183
661 183
662 183
663 183
664 183
665 183
666 183
667 183
668 184
669 183
670 183
671 183
672 183
673 183
674 183
675 183
676 183
677 183
678 183
679 184
680 183
681 183
682 183
683 184
684 183
685 183
686 184
687 183
688 183
689 183
690 183
691 183
692 183
693 183
694 183
695 183
696 183
697 183
698 183
699 183
700 183
701 183
702 183
703 183
704 184
705 183
706 183
707 183
708 183
709 183
710 183
711 184
712 183
713 183
714 184
715 183
716 183
717 184
718 184
719 185
720 184
721 184
722 184
723 184
724 183
725 184
726 184
727 185
728 184
729 183
730 184
731 184
732 183
733 184
734 183
735 183
736 183
737 183
738 183
739 183
740 183
741 183
742 183
743 183
744 183
745 183
746 183
747 183
748 184
749 183
750 183
751 183
752 183
753 183
754 183
755 183
756 183
757 183
758 184
759 183
760 183
761 183
762 183
763 183
764 183
765 183
766 183
767 183
768 183
769 183
770 183
771 183
772 183
773 183
774 183
775 183
776 183
777 183
778 183
779 183
780 183
781 183
782 183
783 183
784 183
785 183
786 183
787 183
788 183
789 183
790 183
791 183
792 183
793 183
794 183
795 183
796 183
797 183
798 183
799 183
800 183
801 184
802 183
803 183
804 183
805 183
806 183
807 183
808 183
809 183
810 183
811 183
812 183
813 183
814 183
815 183
816 183
817 183
818 183
819 183
820 184
821 183
822 183
823 183
824 183
825 183
826 183
827 183
828 183
829 184
830 183
831 183
832 183
833 183
834 183
835 183
836 183
837 183
838 183
839 183
840 185
841 184
842 184
843 184
844 184
845 183
846 184
847 184
848 184
849 184
850 183
851 184
852 184
853 183
854 184
855 184
856 183
857 183
858 183
859 183
860 183
861 183
862 184
863 183
864 183
865 183
866 183
867 183
868 183
869 183
870 183
871 183
872 183
873 183
874 183
875 183
876 183
877 183
878 183
879 183
880 183
881 183
882 183
883 183
884 183
885 183
886 183
887 183
888 183
889 183
890 183
891 183
892 183
893 183
894 183
895 183
896 183
897 183
898 183
899 183
900 183
901 183
902 183
903 183
904 183
905 183
906 183
907 183
908 184
909 183
910 183
911 183
912 183
913 183
914 183
915 183
916 183
917 183
918 183
919 183
920 183
921 183
922 183
923 183
924 183
925 183
926 183
927 183
928 183
929 183
930 183
931 183
932 183
933 183
934 183
935 183
936 183
937 183
938 183
939 183
940 183
941 183
942 183
943 183
944 183
945 183
946 183
947 183
948 183
949 183
950 183
951 183
952 183
953 183
954 183
955 183
956 183
957 183
958 183
959 183
960 183
961 184
962 185
963 184
964 184
965 184
966 183
967 185
968 184
969 184
970 184
971 183
972 184
973 184
974 183
975 183
976 183
977 183
978 183
979 183
980 183
981 183
982 183
983 183
984 183
985 183
986 183
987 183
988 183
989 183
990 183
991 183
992 183
993 183
994 183
995 183
996 183
997 183
998 184
999 183
1000 183
1001 183
1002 183
1003 183
1004 183
1005 183
1006 183
1007 183
1008 183
1009 183
1010 183
1011 183
1012 183
1013 183
1014 183
1015 183
1016 183
1017 183
1018 183
1019 183
1020 183
1021 183
1022 183
1023 183
1024 183
1025 183
1026 183
1027 183
1028 183
1029 183
1030 183
1031 183
1032 183
1033 183
1034 184
1035 183
1036 183
1037 183
1038 183
1039 183
1040 183
1041 183
1042 183
1043 183
1044 183
1045 183
1046 183
1047 183
1048 183
1049 183
1050 183
1051 183
1052 184
1053 183
1054 183
1055 183
1056 183
1057 183
1058 183
1059 184
1060 183
1061 183
1062 183
1063 183
1064 183
1065 183
1066 183
1067 183
1068 183
1069 183
1070 183
1071 183
1072 183
1073 184
1074 183
1075 183
1076 183
1077 183
1078 183
1079 183
1080 184
1081 185
1082 183
1083 184
1084 185
1085 184
1086 184
1087 183
1088 184
1089 184
1090 185
1091 185
1092 183
1093 184
1094 184
1095 183
1096 183
1097 183
1098 183
1099 184
1100 183
1101 183
1102 183
1103 183
1104 183
1105 183
1106 183
1107 183
1108 183
1109 183
1110 183
1111 183
1112 183
1113 183
1114 183
1115 183
1116 183
1117 183
1118 183
1119 183
1120 184
1121 183
1122 183
1123 183
1124 183
1125 183
1126 183
1127 183
1128 183
1129 183
1130 183
1131 183
1132 183
1133 183
1134 183
1135 183
1136 183
1137 183
1138 183
1139 183
1140 183
1141 183
1142 183
1143 183
1144 183
1145 184
1146 183
1147 183
1148 183
1149 183
1150 183
1151 183
1152 183
1153 183
1154 183
1155 183
1156 184
1157 183
1158 183
1159 183
1160 183
1161 183
1162 183
1163 183
1164 183
1165 183
1166 183
1167 183
1168 183
1169 183
1170 183
1171 183
1172 183
1173 183
1174 183
1175 183
1176 183
1177 183
1178 183
1179 183
1180 183
1181 183
1182 183
1183 183
1184 183
1185 183
1186 183
1187 183
1188 183
1189 183
1190 183
1191 183
1192 183
1193 183
1194 183
1195 183
1196 184
1197 185
1198 184
1199 184
1200 183
1201 184
1202 184
1203 183
1204 184
1205 184
1206 185
1207 184
1208 183
1209 184
1210 185
1211 183
1212 183
1213 183
1214 183
1215 183
1216 183
1217 183
1218 183
1219 183
1220 183
1221 183
1222 183
1223 183
1224 184
1225 183
1226 183
1227 183
1228 183
1229 183
1230 183
1231 183
1232 183
1233 183
1234 183
1235 183
1236 183
1237 183
1238 183
1239 183
1240 183
1241 183
1242 183
1243 183
1244 183
1245 182
1246 183
1247 183
1248 183
1249 183
1250 183
1251 183
1252 183
1253 183
1254 183
1255 183
1256 183
1257 183
1258 183
1259 183
1260 183
1261 183
1262 183
1263 183
1264 183
1265 183
1266 183
1267 183
1268 183
1269 183
1270 183
1271 183
1272 183
1273 183
1274 183
1275 183
1276 183
1277 183
1278 184
1279 183
1280 183
1281 183
1282 183
1283 183
1284 183
1285 183
1286 183
1287 183
1288 183
1289 183
1290 183
1291 183
1292 182
1293 183
1294 183
1295 183
1296 183
1297 183
1298 183
1299 183
1300 183
1301 183
1302 183
1303 183
1304 183
1305 183
1306 183
1307 183
1308 183
1309 184
1310 184
1311 183
1312 184
1313 184
1314 184
1315 184
1316 183
1317 184
1318 184
1319 184
1320 184
1321 183
1322 183
1323 184
1324 183
1325 183
1326 183
1327 183
1328 183
1329 183
1330 183
1331 183
1332 183
1333 183
1334 183
1335 183
1336 183
1337 183
1338 183
1339 184
1340 183
1341 183
1342 184
1343 183
1344 183
1345 183
1346 183
1347 183
1348 183
1349 183
1350 183
1351 183
1352 184
1353 183
1354 184
1355 183
1356 183
1357 183
1358 183
1359 183
1360 183
1361 183
1362 183
1363 183
1364 183
1365 183
1366 183
1367 183
1368 183
1369 184
1370 183
1371 183
1372 183
1373 184
1374 184
1375 183
1376 183
1377 183
1378 184
1379 183
1380 184
1381 183
1382 183
1383 183
1384 183
1385 183
1386 183
1387 183
1388 183
1389 183
1390 183
1391 184
1392 183
1393 183
1394 183
1395 183
1396 183
1397 183
1398 183
1399 184
1400 183
1401 183
1402 184
1403 183
1404 183
1405 183
1406 183
1407 183
1408 184
1409 184
1410 183
1411 184
1412 183
1413 184
1414 183
1415 183
1416 183
1417 183
1418 184
1419 183
1420 185
1421 183
1422 184
1423 184
1424 183
1425 185
1426 184
1427 183
1428 184
1429 184
1430 184
1431 184
1432 183
1433 185
1434 185
1435 183
1436 184
1437 183
1438 183
1439 183
1440 183
1441 183
1442 183
1443 184
1444 183
1445 183
1446 183
1447 183
1448 183
1449 183
1450 183
1451 183
1452 183
1453 183
1454 183
1455 183
1456 183
1457 183
1458 183
1459 183
1460 183
1461 183
1462 184
1463 183
1464 184
1465 183
1466 183
1467 183
1468 183
1469 183
1470 183
1471 184
1472 183
1473 183
1474 183
1475 183
1476 183
1477 183
1478 183
1479 183
1480 183
1481 183
1482 183
1483 183
1484 183
1485 183
1486 183
1487 183
1488 183
1489 183
1490 183
1491 184
1492 183
1493 183
1494 183
1495 183
1496 183
1497 183
1498 183
1499 184
1500 183
1501 183
1502 183
1503 183
1504 183
1505 183
1506 183
1507 184
1508 183
1509 183
1510 184
1511 183
1512 183
1513 183
1514 183
1515 183
1516 183
1517 183
1518 184
1519 183
1520 183
1521 183
1522 183
1523 183
1524 183
1525 185
1526 183
1527 183
1528 184
1529 185
1530 183
1531 184
1532 184
1533 184
1534 184
1535 183
1536 185
1537 184
1538 183
1539 184
1540 183
1541 183
1542 183
1543 183
1544 183
1545 183
1546 183
1547 183
1548 183
1549 183
1550 183
1551 183
1552 183
1553 183
1554 184
1555 183
1556 184
1557 184
1558 182
1559 183
1560 183
1561 183
1562 183
1563 183
1564 184
1565 183
1566 184
1567 183
1568 184
1569 183
1570 183
1571 183
1572 183
1573 183
1574 183
1575 183
1576 183
1577 183
1578 183
1579 183
1580 183
1581 183
1582 183
1583 183
1584 183
1585 183
1586 183
1587 183
1588 183
1589 184
1590 183
1591 184
1592 183
1593 183
1594 183
1595 183
1596 183
1597 183
1598 184
1599 183
1600 183
1601 183
1602 183
1603 183
1604 183
1605 184
1606 183
1607 183
1608 183
1609 183
1610 183
1611 183
1612 183
1613 184
1614 183
1615 183
1616 184
1617 183
1618 183
1619 183
1620 183
1621 184
1622 183
1623 184
1624 183
1625 183
1626 183
1627 184
1628 183
1629 183
1630 183
1631 183
1632 183
1633 183
1634 184
1635 183
1636 184
1637 184
1638 184
1639 184
1640 184
1641 184
1642 184
1643 184
1644 184
1645 185
1646 183
1647 183
1648 184
1649 183
1650 183
1651 183
1652 183
1653 183
1654 184
1655 183
1656 183
1657 183
1658 183
1659 183
1660 182
1661 183
1662 183
1663 184
1664 183
1665 184
1666 183
1667 183
1668 183
1669 183
1670 183
1671 183
1672 184
1673 184
1674 183
1675 184
1676 183
1677 183
1678 183
1679 183
1680 184
1681 183
1682 183
1683 183
1684 183
1685 183
1686 183
1687 183
1688 183
1689 184
1690 183
1691 183
1692 183
1693 183
1694 183
1695 183
1696 183
1697 183
1698 183
1699 183
1700 183
1701 183
1702 183
1703 183
1704 183
1705 183
1706 184
1707 183
1708 183
1709 183
1710 184
1711 183
1712 183
1713 184
1714 183
1715 183
1716 183
1717 183
1718 184
1719 183
1720 183
1721 183
1722 183
1723 183
1724 183
1725 183
1726 183
1727 183
1728 183
1729 184
1730 183
1731 183
1732 183
1733 183
1734 183
1735 183
1736 183
1737 183
1738 183
1739 184
1740 184
1741 183
1742 184
1743 184
1744 184
1745 184
1746 183
1747 185
1748 184
1749 184
1750 184
1751 184
1752 184
1753 184
1754 183
1755 183
1756 183
1757 183
1758 183
1759 183
1760 183
1761 183
1762 183
1763 183
1764 183
1765 183
1766 183
1767 183
1768 183
1769 183
1770 183
1771 183
1772 183
1773 183
1774 183
1775 183
1776 183
1777 183
1778 183
1779 183
1780 183
1781 183
1782 183
1783 184
1784 183
1785 183
1786 183
1787 183
1788 183
1789 183
1790 183
1791 183
1792 183
1793 183
1794 184
1795 183
1796 183
1797 184
1798 183
1799 183
1800 183
1801 183
1802 183
1803 183
1804 183
1805 183
1806 183
1807 183
1808 184
1809 183
1810 183
1811 183
1812 183
1813 183
1814 183
1815 183
1816 183
1817 183
1818 183
1819 183
1820 183
1821 183
1822 183
1823 183
1824 183
1825 183
1826 183
1827 183
1828 183
1829 184
1830 183
1831 183
1832 183
1833 183
1834 183
1835 183
1836 183
1837 184
1838 183
1839 183
1840 183
1841 183
1842 184
1843 184
1844 183
1845 184
1846 184
1847 184
1848 184
1849 183
1850 184
1851 185
1852 183
1853 184
1854 183
1855 183
1856 183
1857 183
1858 183
1859 183
1860 183
1861 183
1862 183
1863 183
1864 183
1865 183
1866 183
1867 183
1868 183
1869 183
1870 183
1871 183
1872 183
1873 183
1874 183
1875 183
1876 184
1877 183
1878 183
1879 183
1880 184
1881 183
1882 183
1883 183
1884 183
1885 183
1886 183
1887 183
1888 183
1889 183
1890 183
1891 184
1892 183
1893 183
1894 183
1895 183
1896 183
1897 183
1898 183
1899 183
1900 183
1901 183
1902 183
1903 183
1904 183
1905 183
1906 183
1907 183
1908 183
1909 183
1910 183
1911 183
1912 184
1913 183
1914 183
1915 184
1916 183
1917 183
1918 183
1919 183
1920 183
1921 183
1922 183
1923 184
1924 183
1925 184
1926 183
1927 184
1928 182
1929 183
1930 183
1931 183
1932 183
1933 183
1934 183
1935 183
1936 183
1937 183
1938 183
1939 183
1940 183
1941 183
1942 183
1943 184
1944 184
1945 184
1946 184
1947 183
1948 184
1949 184
1950 184
1951 184
1952 183
1953 184
1954 184
1955 183
1956 183
1957 183
1958 183
1959 183
1960 183
1961 183
1962 183
1963 183
1964 183
1965 183
1966 183
1967 183
1968 183
1969 183
1970 183
1971 183
1972 184
1973 183
1974 183
1975 183
1976 183
1977 183
1978 183
1979 183
1980 183
1981 183
1982 183
1983 183
1984 184
1985 183
1986 183
1987 183
1988 183
1989 183
1990 183
1991 183
1992 183
1993 183
1994 183
1995 183
1996 183
1997 183
1998 183
1999 184
2000 183
2001 183
2002 183
2003 183
2004 183
2005 184
2006 183
2007 183
2008 183
2009 183
2010 183
2011 183
2012 183
2013 183
2014 183
2015 183
2016 183
2017 183
2018 183
2019 183
2020 183
2021 183
2022 183
2023 184
2024 183
2025 183
2026 183
2027 183
2028 183
2029 183
2030 183
2031 183
2032 183
2033 183
2034 183
2035 183
2036 183
2037 183
2038 184
2039 183
2040 184
2041 184
2042 184
2043 184
2044 184
2045 183
2046 184
2047 184
2048 184
2049 184
2050 183
2051 184
2052 185
2053 183
2054 183
2055 183
2056 183
2057 183
2058 183
2059 184
2060 183
2061 183
2062 183
2063 184
2064 183
2065 183
2066 182
2067 183
2068 183
2069 183
2070 183
2071 183
2072 183
2073 183
2074 183
2075 183
2076 183
2077 183
2078 183
2079 183
2080 183
2081 183
2082 183
2083 183
2084 183
2085 183
2086 183
2087 183
2088 183
2089 183
2090 183
2091 183
2092 183
2093 183
2094 183
2095 183
2096 183
2097 183
2098 183
2099 184
2100 183
2101 183
2102 183
2103 183
2104 183
2105 183
2106 183
2107 183
2108 183
2109 183
2110 183
2111 183
2112 182
2113 183
2114 183
2115 183
2116 183
2117 183
2118 183
2119 183
2120 184
2121 183
2122 183
2123 183
2124 183
2125 183
2126 183
2127 183
2128 183
2129 183
2130 183
2131 183
2132 183
2133 183
2134 184
2135 183
2136 183
2137 183
2138 185
2139 183
2140 183
2141 184
2142 185
2143 184
2144 184
2145 183
2146 184
2147 184
2148 183
2149 184
2150 184
2151 183
2152 183
2153 183
2154 183
2155 183
2156 183
2157 183
2158 183
2159 183
2160 183
2161 183
2162 183
2163 184
2164 183
2165 183
2166 183
2167 184
2168 183
2169 183
2170 182
2171 183
2172 183
2173 183
2174 183
2175 183
2176 183
2177 183
2178 183
2179 183
2180 183
2181 183
2182 183
2183 183
2184 183
2185 183
2186 183
2187 183
2188 183
2189 183
2190 183
2191 184
2192 183
2193 182
2194 183
2195 183
2196 183
2197 183
2198 183
2199 184
2200 183
2201 183
2202 183
2203 183
2204 183
2205 183
2206 183
2207 183
2208 183
2209 183
2210 183
2211 183
2212 183
2213 183
2214 183
2215 183
2216 183
2217 183
2218 183
2219 183
2220 183
2221 184
2222 183
2223 183
2224 183
2225 183
2226 183
2227 183
2228 183
2229 183
2230 183
2231 183
2232 183
2233 183
2234 184
2235 184
2236 184
2237 184
2238 183
2239 184
2240 184
2241 184
2242 184
2243 183
2244 184
2245 184
2246 183
2247 183
2248 183
2249 183
2250 183
2251 183
2252 183
2253 183
2254 183
2255 183
2256 183
2257 183
2258 183
2259 183
2260 183
2261 183
2262 183
2263 183
2264 183
2265 183
2266 183
2267 183
2268 183
2269 183
2270 183
2271 183
2272 183
2273 183
2274 183
2275 183
2276 183
2277 183
2278 183
2279 183
2280 183
2281 183
2282 183
2283 183
2284 183
2285 183
2286 183
2287 183
2288 183
2289 183
2290 183
2291 183
2292 183
2293 183
2294 183
2295 183
2296 184
2297 183
2298 183
2299 183
2300 183
2301 183
2302 183
2303 183
2304 183
2305 183
2306 183
2307 183
2308 183
2309 183
2310 183
2311 183
2312 183
2313 183
2314 183
2315 183
2316 183
2317 183
2318 183
2319 183
2320 183
2321 184
2322 183
2323 183
2324 183
2325 183
2326 185
2327 184
2328 183
2329 185
2330 184
2331 184
2332 184
2333 183
2334 184
2335 184
2336 184
2337 184
2338 183
2339 183
2340 183
2341 183
2342 184
2343 184
2344 183
2345 183
2346 183
2347 183
2348 183
2349 184
2350 183
2351 183
2352 183
2353 183
2354 183
2355 183
2356 183
2357 183
2358 183
2359 183
2360 183
2361 183
2362 183
2363 183
2364 183
2365 183
2366 183
2367 183
2368 183
2369 183
2370 183
2371 183
2372 183
2373 183
2374 183
2375 183
2376 183
2377 183
2378 183
2379 183
2380 183
2381 183
2382 183
2383 183
2384 184
2385 183
2386 183
2387 183
2388 183
2389 183
2390 183
2391 183
2392 183
2393 184
2394 183
2395 183
2396 183
2397 183
2398 183
2399 183
2400 183
2401 183
2402 183
2403 183
2404 184
2405 183
2406 183
2407 183
2408 183
2409 183
2410 184
2411 183
2412 183
2413 183
2414 183
2415 183
2416 184
2417 183
2418 183
2419 185
2420 184
2421 183
2422 184
2423 184
2424 184
2425 184
2426 183
2427 184
2428 184
2429 183
2430 183
2431 183
2432 183
2433 183
2434 183
2435 183
2436 183
2437 183
2438 183
2439 183
2440 183
2441 183
2442 183
2443 183
2444 183
2445 183
2446 183
2447 183
2448 183
2449 183
2450 183
2451 183
2452 183
2453 183
2454 183
2455 183
2456 184
2457 183
2458 183
2459 183
2460 183
2461 183
2462 183
2463 183
2464 183
2465 183
2466 183
2467 183
2468 183
2469 183
2470 183
2471 183
2472 183
2473 183
2474 183
2475 183
2476 183
2477 183
2478 183
2479 183
2480 183
2481 183
2482 183
2483 183
2484 183
2485 183
2486 183
2487 183
2488 183
2489 183
2490 183
2491 183
2492 183
2493 183
2494 183
2495 183
2496 183
2497 184
2498 183
2499 183
2500 183
2501 184
2502 183
2503 183
2504 183
2505 183
2506 183
2507 183
2508 184
2509 185
2510 184
2511 183
2512 184
2513 184
2514 184
2515 185
2516 183
2517 184
2518 184
2519 184
2520 183
2521 183
2522 183
2523 183
2524 183
2525 183
2526 183
2527 183
2528 183
2529 183
2530 183
2531 183
2532 183
2533 183
2534 183
2535 183
2536 183
2537 183
2538 183
2539 183
2540 183
2541 183
2542 183
2543 183
2544 183
2545 183
2546 183
2547 183
2548 183
2549 183
2550 183
2551 183
2552 183
2553 183
2554 183
2555 183
2556 183
2557 183
2558 183
2559 183
2560 183
2561 183
2562 183
2563 184
2564 183
2565 183
2566 183
2567 183
2568 183
2569 183
2570 183
2571 184
2572 183
2573 183
2574 183
2575 183
2576 183
2577 183
2578 183
2579 183
2580 183
2581 183
2582 183
2583 183
2584 183
2585 183
2586 183
2587 183
2588 183
2589 183
2590 183
2591 183
2592 183
2593 183
2594 183
2595 183
2596 183
2597 183
2598 183
2599 184
2600 184
2601 183
2602 184
2603 184
2604 184
2605 185
2606 183
2607 184
2608 184
2609 183
2610 184
2611 184
2612 183
2613 183
2614 183
2615 183
2616 183
2617 183
2618 183
2619 183
2620 183
2621 183
2622 183
2623 183
2624 183
2625 183
2626 183
2627 183
2628 183
2629 183
2630 183
2631 183
2632 183
2633 183
2634 183
2635 183
2636 183
2637 184
2638 183
2639 183
2640 183
2641 183
2642 183
2643 183
2644 183
2645 183
2646 183
2647 183
2648 184
2649 183
2650 183
2651 183
2652 183
2653 183
2654 183
2655 183
2656 183
2657 183
2658 183
2659 183
2660 183
2661 183
2662 183
2663 183
2664 183
2665 183
2666 183
2667 183
2668 183
2669 183
2670 183
2671 183
2672 183
2673 183
2674 183
2675 183
2676 183
2677 183
2678 183
2679 183
2680 183
2681 183
2682 183
2683 183
2684 183
2685 183
2686 183
2687 183
2688 183
2689 184
2690 184
2691 183
2692 184
2693 184
2694 183
2695 185
2696 184
2697 184
2698 184
2699 183
2700 183
2701 183
2702 183
2703 183
2704 183
2705 183
2706 183
2707 183
2708 183
2709 183
2710 183
2711 183
2712 183
2713 183
2714 183
2715 183
2716 183
2717 183
2718 183
2719 183
2720 183
2721 183
2722 183
2723 183
2724 183
2725 183
2726 183
2727 183
2728 183
2729 183
2730 184
2731 183
2732 183
2733 183
2734 183
2735 183
2736 183
2737 183
2738 183
2739 183
2740 183
2741 183
2742 183
2743 183
2744 183
2745 183
2746 183
2747 183
2748 183
2749 183
2750 183
2751 183
2752 184
2753 183
2754 183
2755 183
2756 183
2757 183
2758 183
2759 183
2760 183
2761 183
2762 183
2763 183
2764 183
2765 183
2766 183
2767 183
2768 183
2769 184
2770 183
2771 183
2772 183
2773 183
2774 183
2775 183
2776 183
2777 185
2778 184
2779 183
2780 184
2781 185
2782 184
2783 184
2784 183
2785 184
2786 184
2787 183
2788 183
2789 183
2790 183
2791 183
2792 183
2793 183
2794 183
2795 184
2796 183
2797 183
2798 183
2799 183
2800 183
2801 183
2802 183
2803 183
2804 183
2805 183
2806 183
2807 183
2808 183
2809 184
2810 183
2811 183
2812 183
2813 183
2814 183
2815 183
2816 183
2817 183
2818 183
2819 183
2820 183
2821 183
2822 183
2823 183
2824 184
2825 183
2826 183
2827 183
2828 183
2829 183
2830 183
2831 183
2832 183
2833 183
2834 183
2835 184
2836 183
2837 183
2838 183
2839 182
2840 183
2841 183
2842 184
2843 183
2844 183
2845 183
2846 183
2847 183
2848 183
2849 183
2850 183
2851 183
2852 183
2853 183
2854 183
2855 183
2856 183
2857 183
2858 183
2859 183
2860 183
2861 183
2862 183
2863 183
2864 184
2865 184
2866 184
2867 185
2868 184
2869 183
2870 184
2871 184
2872 183
2873 184
2874 183
2875 183
2876 183
2877 183
2878 183
2879 183
2880 183
2881 183
2882 183
2883 183
2884 183
2885 183
2886 183
2887 183
2888 183
2889 182
2890 183
2891 183
2892 183
2893 183
2894 183
2895 183
2896 184
2897 183
2898 183
2899 183
2900 183
2901 183
2902 183
2903 183
2904 183
2905 183
2906 183
2907 183
2908 183
2909 183
2910 183
2911 183
2912 183
2913 183
2914 183
2915 183
2916 183
2917 183
2918 183
2919 183
2920 183
2921 183
2922 183
2923 183
2924 183
2925 184
2926 183
2927 183
2928 183
2929 183
2930 183
2931 183
2932 183
2933 183
2934 183
2935 183
2936 183
2937 183
2938 183
2939 183
2940 183
2941 183
2942 184
2943 183
2944 183
2945 183
2946 184
2947 183
2948 183
2949 184
2950 184
2951 184
2952 184
2953 185
2954 183
2955 184
2956 184
2957 185
2958 184
2959 183
2960 183
2961 183
2962 183
2963 183
2964 183
2965 183
2966 183
2967 183
2968 183
2969 183
2970 183
2971 183
2972 183
2973 183
2974 183
2975 183
2976 183
2977 183
2978 184
2979 183
2980 183
2981 183
2982 183
2983 183
2984 183
2985 183
2986 183
2987 183
2988 184
2989 183
2990 183
2991 184
2992 183
2993 183
2994 183
2995 183
2996 183
2997 183
2998 183
2999 183
3000 183
3001 183
3002 183
3003 183
3004 183
3005 183
3006 183
3007 183
3008 183
3009 183
3010 183
3011 183
3012 183
3013 183
3014 183
3015 183
3016 183
3017 183
3018 183
3019 183
3020 183
3021 183
3022 183
3023 183
3024 183
3025 184
3026 183
3027 183
3028 183
3029 183
3030 183
3031 183
3032 184
3033 184
3034 184
3035 184
3036 184
3037 184
3038 184
3039 183
3040 184
3041 184
3042 183
3043 183
3044 183
3045 183
3046 183
3047 183
3048 183
3049 183
3050 183
3051 183
3052 183
3053 183
3054 183
3055 183
3056 183
3057 183
3058 183
3059 183
3060 183
3061 183
3062 183
3063 183
3064 183
3065 183
3066 183
3067 183
3068 183
3069 183
3070 183
3071 184
3072 183
3073 183
3074 183
3075 183
3076 183
3077 183
3078 184
3079 183
3080 183
3081 183
3082 183
3083 183
3084 183
3085 183
3086 183
3087 183
3088 183
3089 183
3090 183
3091 183
3092 184
3093 183
3094 183
3095 183
3096 183
3097 183
3098 183
3099 183
3100 183
3101 183
3102 183
3103 183
3104 183
3105 183
3106 183
3107 183
3108 183
3109 183
3110 183
3111 183
3112 183
3113 183
3114 184
3115 184
3116 183
3117 184
3118 184
3119 184
3120 184
3121 183
3122 184
3123 184
3124 183
3125 183
3126 184
3127 184
3128 183
3129 183
3130 183
3131 183
3132 183
3133 183
3134 183
3135 183
3136 183
3137 183
3138 183
3139 183
3140 183
3141 183
3142 183
3143 183
3144 183
3145 183
3146 183
3147 183
3148 183
3149 183
3150 183
3151 183
3152 183
3153 184
3154 183
3155 183
3156 183
3157 183
3158 184
3159 183
3160 183
3161 183
3162 184
3163 183
3164 183
3165 184
3166 183
3167 183
3168 183
3169 184
3170 183
3171 183
3172 183
3173 183
3174 183
3175 183
3176 183
3177 183
3178 183
3179 183
3180 183
3181 183
3182 183
3183 183
3184 183
3185 183
3186 183
3187 184
3188 183
3189 183
3190 183
3191 183
3192 183
3193 183
3194 184
3195 183
3196 183
3197 184
3198 184
3199 184
3200 184
3201 183
3202 184
3203 184
3204 183
3205 185
3206 184
3207 183
3208 183
3209 183
3210 183
3211 183
3212 184
3213 183
3214 183
3215 183
3216 183
3217 183
3218 183
3219 183
3220 183
3221 183
3222 183
3223 183
3224 183
3225 183
3226 183
3227 183
3228 183
3229 183
3230 183
3231 183
3232 183
3233 183
3234 183
3235 183
3236 183
3237 183
3238 183
3239 183
3240 183
3241 183
3242 183
3243 183
3244 184
3245 183
3246 183
3247 183
3248 183
3249 183
3250 183
3251 183
3252 183
3253 183
3254 183
3255 183
3256 183
3257 183
3258 183
3259 183
3260 183
3261 183
3262 183
3263 183
3264 183
3265 183
3266 183
3267 183
3268 183
3269 183
3270 183
3271 183
3272 183
3273 183
3274 183
3275 183
3276 183
3277 184
3278 184
3279 184
3280 184
3281 183
3282 184
3283 184
3284 184
3285 184
3286 183
3287 184
3288 183
3289 183
3290 183
3291 183
3292 183
3293 183
3294 183
3295 183
3296 183
3297 183
3298 183
3299 183
3300 183
3301 183
3302 183
3303 183
3304 183
3305 183
3306 183
3307 183
3308 183
3309 183
3310 183
3311 183
3312 183
3313 183
3314 183
3315 183
3316 183
3317 183
3318 183
3319 183
3320 183
3321 183
3322 183
3323 183
3324 183
3325 183
3326 183
3327 183
3328 183
3329 183
3330 183
3331 183
3332 183
3333 183
3334 184
3335 183
3336 183
3337 183
3338 183
3339 183
3340 183
3341 183
3342 183
3343 183
3344 183
3345 183
3346 183
3347 183
3348 183
3349 183
3350 183
3351 183
3352 183
3353 183
3354 183
3355 183
3356 184
3357 184
3358 183
3359 184
3360 184
3361 183
3362 184
3363 184
3364 184
3365 184
3366 184
3367 183
3368 183
3369 183
3370 184
3371 183
3372 183
3373 183
3374 183
3375 183
3376 183
3377 183
3378 183
3379 183
3380 183
3381 183
3382 183
3383 183
3384 183
3385 183
3386 183
3387 183
3388 183
3389 183
3390 183
3391 183
3392 183
3393 183
3394 183
3395 183
3396 183
3397 183
3398 183
3399 183
3400 183
3401 183
3402 183
3403 183
3404 183
3405 183
3406 183
3407 183
3408 183
3409 183
3410 183
3411 183
3412 183
3413 184
3414 183
3415 183
3416 183
3417 183
3418 183
3419 183
3420 183
3421 183
3422 183
3423 183
3424 183
3425 183
3426 183
3427 183
3428 183
3429 183
3430 183
3431 183
3432 183
3433 183
3434 184
3435 183
3436 184
3437 184
3438 183
3439 184
3440 184
3441 184
3442 184
3443 183
3444 183
3445 184
3446 183
3447 183
3448 183
3449 184
3450 183
3451 183
3452 183
3453 183
3454 183
3455 183
3456 183
3457 183
3458 183
3459 183
3460 184
3461 183
3462 183
3463 183
3464 183
3465 183
3466 183
3467 183
3468 183
3469 183
3470 183
3471 183
3472 184
3473 183
3474 183
3475 183
3476 183
3477 183
3478 184
3479 183
3480 183
3481 183
3482 183
3483 183
3484 183
3485 183
3486 183
3487 183
3488 183
3489 184
3490 183
3491 183
3492 183
3493 183
3494 183
3495 183
3496 184
3497 183
3498 183
3499 184
3500 183
3501 183
3502 183
3503 183
3504 183
3505 183
3506 183
3507 183
3508 183
3509 183
3510 183
3511 183
3512 183
3513 183
3514 184
3515 184
3516 184
3517 184
3518 183
3519 184
3520 184
3521 185
3522 184
3523 183
3524 183
3525 183
3526 184
3527 183
3528 184
3529 183
3530 183
3531 183
3532 183
3533 183
3534 183
3535 183
3536 183
3537 183
3538 183
3539 183
3540 183
3541 183
3542 184
3543 183
3544 183
3545 183
3546 184
3547 183
3548 184
3549 183
3550 183
3551 183
3552 183
3553 183
3554 183
3555 183
3556 183
3557 183
3558 183
3559 183
3560 183
3561 183
3562 183
3563 183
3564 183
3565 183
3566 183
3567 183
3568 183
3569 183
3570 183
3571 183
3572 183
3573 183
3574 183
3575 183
3576 183
3577 183
3578 183
3579 183
3580 183
3581 183
3582 183
3583 183
3584 183
3585 183
3586 183
3587 183
3588 183
3589 183
3590 183
3591 184
3592 184
3593 184
3594 185
3595 183
3596 184
3597 185
3598 183
3599 184
3600 185
3601 183
3602 183
3603 183
3604 183
3605 184
3606 183
3607 183
3608 183
3609 183
3610 183
3611 183
3612 183
3613 183
3614 183
3615 183
3616 183
3617 183
3618 183
3619 183
3620 183
3621 183
3622 183
3623 183
3624 183
3625 183
3626 183
3627 183
3628 183
3629 184
3630 183
3631 183
3632 183
3633 183
3634 183
3635 183
3636 183
3637 183
3638 183
3639 183
3640 183
3641 183
3642 183
3643 183
3644 183
3645 184
3646 183
3647 183
3648 183
3649 183
3650 183
3651 183
3652 183
3653 183
3654 183
3655 183
3656 183
3657 183
3658 183
3659 183
3660 183
3661 183
3662 183
3663 183
3664 183
3665 183
3666 183
3667 183
3668 185
3669 184
3670 183
3671 184
3672 185
3673 184
3674 184
3675 183
3676 184
3677 184
3678 183
3679 184
3680 183
3681 183
3682 183
3683 183
3684 183
3685 183
3686 183
3687 183
3688 183
3689 183
3690 183
3691 183
3692 183
3693 183
3694 183
3695 183
3696 183
3697 183
3698 183
3699 183
3700 184
3701 183
3702 183
3703 183
3704 183
3705 183
3706 183
3707 183
3708 183
3709 183
3710 183
3711 184
3712 183
3713 183
3714 183
3715 183
3716 183
3717 183
3718 183
3719 183
3720 183
3721 183
3722 183
3723 183
3724 183
3725 183
3726 183
3727 183
3728 183
3729 183
3730 183
3731 183
3732 183
3733 183
3734 183
3735 183
3736 183
3737 183
3738 183
3739 183
3740 183
3741 183
3742 183
3743 184
3744 184
3745 184
3746 184
3747 183
3748 184
3749 184
3750 184
3751 184
3752 184
3753 183
3754 183
3755 183
3756 183
3757 183
3758 183
3759 183
3760 183
3761 183
3762 184
3763 183
3764 183
3765 183
3766 183
3767 183
3768 183
3769 183
3770 183
3771 183
3772 183
3773 183
3774 183
3775 183
3776 183
3777 183
3778 183
3779 183
3780 183
3781 183
3782 183
3783 183
3784 183
3785 183
3786 183
3787 183
3788 183
3789 183
3790 183
3791 183
3792 183
3793 183
3794 183
3795 183
3796 183
3797 183
3798 183
3799 183
3800 183
3801 183
3802 183
3803 183
3804 183
3805 183
3806 183
3807 183
3808 183
3809 183
3810 183
3811 183
3812 183
3813 183
3814 183
3815 183
3816 183
3817 183
3818 183
3819 184
3820 184
3821 184
3822 183
3823 184
3824 184
3825 184
3826 184
3827 183
3828 183
3829 183
3830 184
3831 183
3832 183
3833 183
3834 183
3835 183
3836 183
3837 183
3838 183
3839 183
3840 183
3841 183
3842 183
3843 183
3844 183
3845 183
3846 183
3847 183
3848 183
3849 183
3850 183
3851 183
3852 183
3853 183
3854 183
3855 182
3856 183
3857 183
3858 183
3859 183
3860 183
3861 183
3862 184
3863 183
3864 183
3865 183
3866 183
3867 183
3868 183
3869 183
3870 183
3871 183
3872 183
3873 183
3874 183
3875 183
3876 183
3877 183
3878 183
3879 183
3880 183
3881 183
3882 183
3883 183
3884 183
3885 183
3886 183
3887 183
3888 183
3889 183
3890 183
3891 183
3892 184
3893 183
3894 183
3895 184
3896 184
3897 184
3898 185
3899 183
3900 184
3901 184
3902 183
3903 184
3904 183
3905 183
3906 183
3907 183
3908 183
3909 183
3910 183
3911 183
3912 182
3913 183
3914 183
3915 183
3916 183
3917 183
3918 183
3919 183
3920 183
3921 183
3922 183
3923 183
3924 183
3925 183
3926 184
3927 183
3928 183
3929 183
3930 183
3931 183
3932 183
3933 183
3934 184
3935 183
3936 183
3937 183
3938 183
3939 183
3940 183
3941 183
3942 183
3943 183
3944 183
3945 184
3946 183
3947 183
3948 183
3949 183
3950 183
3951 183
3952 184
3953 183
3954 183
3955 183
3956 183
3957 183
3958 183
3959 184
3960 183
3961 183
3962 183
3963 183
3964 183
3965 183
3966 183
3967 184
3968 184
3969 184
3970 185
3971 183
3972 184
3973 184
3974 183
3975 184
3976 184
3977 183
3978 183
3979 183
3980 183
3981 183
3982 183
3983 183
3984 183
3985 183
3986 183
3987 183
3988 183
3989 183
3990 183
3991 183
3992 183
3993 183
3994 183
3995 184
3996 183
3997 183
3998 182
3999 183
