1397508113.600365542 709.159 -31.973 
1397508113.614985756 709.147 -31.974 
1397508113.629617631 709.141 -31.975 
1397508113.641976884 709.129 -31.977 
1397508113.655908126 709.118 -31.979 
1397508113.670673738 709.112 -31.979 
1397508113.683101563 709.101 -31.981 
1397508113.696654738 709.089 -31.983 
1397508113.709887552 709.083 -31.983 
1397508113.730765095 709.066 -31.986 
1397508113.744009796 709.055 -31.987 
1397508113.757897454 709.05 -31.988 
1397508113.770608714 709.038 -31.989 
1397508113.784172323 709.027 -31.991 
1397508113.798165190 709.022 -31.991 
1397508113.810263651 709.011 -31.993 
1397508113.824265920 709 -31.994 
1397508113.837508300 708.994 -31.995 
1397508113.856746737 708.978 -31.997 
1397508113.870847193 708.967 -31.998 
1397508113.883150633 708.961 -31.998 
1397508113.896742352 708.951 -31.999 
1397508113.910637572 708.94 -32.001 
1397508113.924761220 708.935 -32.001 
1397508113.936951606 708.924 -32.002 
1397508113.951658049 708.913 -32.003 
1397508113.965632600 708.908 -32.004 
1397508113.984256004 708.892 -32.005 
1397508113.998489565 708.887 -32.006 
1397508114.011115924 708.877 -32.007 
1397508114.026041526 708.867 -32.008 
1397508114.040158082 708.856 -32.009 
1397508114.053705946 708.851 -32.009 
1397508114.066055346 708.841 -32.01 
1397508114.079523718 708.831 -32.011 
1397508114.093491212 708.826 -32.011 
1397508114.112619522 708.811 -32.012 
1397508114.127715713 708.801 -32.013 
1397508114.140599211 708.796 -32.013 
1397508114.153698095 708.786 -32.014 
1397508114.168405527 708.776 -32.015 
1397508114.181901030 708.771 -32.015 
1397508114.194023652 708.761 -32.016 
1397508114.208302938 708.752 -32.017 
1397508114.222189939 2.034 10.832 
1397508114.240981715 2.086 10.834 
1397508114.255843807 2.121 10.835 
1397508114.269955673 2.139 10.836 
1397508114.284335923 2.174 10.836 
1397508114.297635501 2.21 10.837 
1397508114.312068296 2.246 10.837 
1397508114.325628841 2.265 10.837 
1397508114.338386545 2.301 10.836 
1397508114.352630100 2.338 10.835 
1397508114.375969019 2.395 10.834 
1397508114.389937368 2.414 10.833 
1397508114.402282396 2.452 10.831 
1397508114.415874540 2.49 10.829 
1397508114.430705615 2.51 10.828 
1397508114.444301678 2.549 10.825 
1397508114.457974117 2.588 10.823 
1397508114.472461560 2.628 10.82 
1397508114.492997640 2.648 10.818 
1397508114.505594566 2.708 10.812 
1397508114.519821173 2.729 10.81 
1397508114.532710393 2.77 10.806 
1397508114.545164495 2.811 10.802 
1397508114.560298645 2.853 10.797 
1397508114.574989052 2.874 10.794 
1397508114.589612217 2.916 10.789 
1397508114.601514328 2.958 10.783 
1397508114.622850073 3.023 10.774 
1397508114.636698361 3.045 10.771 
1397508114.650592794 3.088 10.765 
1397508114.664170247 3.132 10.758 
1397508114.677784648 3.154 10.754 
1397508114.692397640 3.199 10.747 
1397508114.705197232 3.244 10.739 
1397508114.720380546 3.267 10.736 
1397508114.733040406 3.312 10.727 
1397508114.752980009 3.381 10.715 
1397508114.766309828 3.404 10.71 
1397508114.780781224 3.45 10.701 
1397508114.794710150 3.497 10.692 
1397508114.808075193 3.544 10.682 
1397508114.821908578 3.568 10.678 
1397508114.834589671 3.616 10.667 
1397508114.848239745 3.664 10.657 
1397508114.864045463 3.712 10.646 
1397508114.883101000 3.761 10.635 
1397508114.897253785 3.81 10.624 
1397508114.912210616 3.859 10.613 
1397508114.928353527 3.909 10.601 
1397508114.941806669 3.934 10.595 
1397508114.954772131 3.984 10.582 
1397508114.969527822 4.034 10.57 
1397508114.983192992 4.085 10.557 
1397508114.996612969 4.11 10.55 
1397508115.015958290 4.187 10.53 
1397508115.032083108 4.239 10.516 
1397508115.046461615 4.265 10.509 
1397508115.069709204 4.343 10.488 
1397508115.082217333 4.396 10.473 
1397508115.096953098 4.449 10.458 
1397508115.111608236 4.475 10.451 
1397508115.132969937 4.528 10.435 
1397508115.146221263 4.609 10.412 
1397508115.160257040 4.663 10.396 
1397508115.175973156 4.717 10.379 
1397508115.189844065 4.744 10.371 
1397508115.201849386 4.799 10.354 
1397508115.216079260 4.854 10.337 
1397508115.230424234 4.881 10.329 
1397508115.242979393 4.937 10.311 
1397508115.264599149 5.02 10.285 
1397508115.278227171 5.048 10.275 
1397508115.292647288 5.104 10.257 
1397508115.306172769 5.161 10.239 
1397508115.318559525 5.189 10.229 
1397508115.330829932 5.246 10.21 
1397508115.344306584 5.303 10.191 
1397508115.362967517 5.331 10.181 
1397508115.388980729 5.417 10.152 
1397508115.401576067 5.504 10.122 
1397508115.414938088 5.533 10.112 
1397508115.430698739 5.591 10.091 
1397508115.443149082 5.649 10.07 
1397508115.456172887 5.707 10.049 
1397508115.470559195 5.737 10.039 
1397508115.482951408 5.795 10.017 
1397508115.497026371 5.854 9.995 
1397508115.518741022 5.884 9.985 
1397508115.531005872 5.973 9.951 
1397508115.544812486 6.033 9.929 
1397508115.558506364 6.062 9.918 
1397508115.573150733 6.122 9.895 
1397508115.585612900 6.182 9.872 
1397508115.599071565 6.212 9.86 
1397508115.613391028 6.273 9.837 
1397508115.626437994 6.333 9.813 
1397508115.648082431 6.424 9.778 
1397508115.663969232 6.485 9.753 
1397508115.677796884 6.515 9.741 
1397508115.690209142 6.576 9.717 
1397508115.704357976 6.637 9.692 
1397508115.720357869 6.668 9.68 
1397508115.733628718 6.73 9.655 
1397508115.746304920 6.791 9.629 
1397508115.760459764 6.853 9.604 
1397508115.782839032 6.915 9.578 
1397508115.796119989 6.977 9.552 
1397508115.809972518 7.039 9.526 
1397508115.824533820 7.101 9.5 
1397508115.837825976 7.132 9.487 
1397508115.852051891 7.194 9.46 
1397508115.866089929 7.257 9.433 
1397508115.878812060 7.288 9.42 
1397508115.892258368 7.351 9.392 
1397508115.912193797 7.445 9.351 
1397508115.928084089 7.507 9.324 
1397508115.941497898 7.539 9.31 
1397508115.954060327 7.602 9.282 
1397508115.970446409 7.665 9.254 
1397508115.982738927 7.697 9.24 
1397508115.995502987 7.76 9.211 
1397508116.008911899 7.823 9.183 
1397508116.030575570 7.855 9.168 
1397508116.042791273 7.95 9.125 
1397508116.056919100 8.013 9.096 
1397508116.071891779 8.077 9.067 
1397508116.088057310 8.14 9.037 
1397508116.100754280 8.172 9.023 
1397508116.113585046 8.236 8.993 
1397508116.128349612 8.299 8.963 
1397508116.141254993 8.331 8.948 
1397508116.161649410 8.427 8.903 
1397508116.176936528 8.491 8.873 
1397508116.190260517 8.523 8.857 
1397508116.202847607 8.587 8.827 
1397508116.216962240 8.651 8.796 
1397508116.231955960 8.683 8.781 
1397508116.244579468 8.747 8.75 
1397508116.257833374 8.811 8.719 
1397508116.272053345 8.875 8.687 
1397508116.291258357 8.939 8.656 
1397508116.304322759 9.003 8.625 
1397508116.319310587 9.035 8.609 
1397508116.333134755 9.099 8.577 
1397508116.345747364 9.163 8.545 
1397508116.360409302 9.227 8.513 
1397508116.376081825 9.291 8.481 
1397508116.389951984 9.323 8.465 
1397508116.402630661 9.387 8.433 
1397508116.424342331 9.483 8.384 
1397508116.437664280 9.515 8.368 
1397508116.450797114 9.579 8.335 
1397508116.470161125 9.643 8.302 
1397508116.488219780 9.739 8.253 
1397508116.506826631 9.803 8.22 
1397508116.524766412 9.867 8.187 
1397508116.547187689 9.963 8.137 
1397508116.564761313 10.026 8.104 
1397508116.582738513 10.09 8.07 
1397508116.600573989 10.186 8.02 
1397508116.617241569 10.249 7.986 
1397508116.637749636 10.313 7.953 
1397508116.652634987 10.377 7.919 
1397508116.948467221 10.472 7.868 
1397508116.976927415 11.664 7.212 
1397508116.994547779 11.725 7.177 
1397508117.010974356 11.787 7.142 
1397508117.028923654 11.849 7.107 
1397508117.054704944 11.91 7.072 
1397508117.071596980 12.033 7.001 
1397508117.089774917 12.094 6.966 
1397508117.106436808 12.155 6.931 
1397508117.122826243 12.215 6.896 
1397508117.140741332 12.276 6.861 
1397508117.158419232 12.336 6.825 
1397508117.184567345 12.457 6.755 
1397508117.201010871 12.517 6.72 
1397508117.218307192 12.577 6.685 
1397508117.234698321 12.637 6.649 
1397508117.252424530 12.696 6.614 
1397508117.270993090 12.756 6.579 
1397508117.288961678 12.844 6.526 
1397508117.314080358 12.933 6.473 
1397508117.330057221 12.991 6.438 
1397508117.348506323 13.05 6.403 
1397508117.365867528 13.108 6.368 
1397508117.384238494 13.195 6.315 
1397508117.401022933 13.253 6.28 
1397508117.417976984 13.31 6.245 
1397508117.441633516 13.396 6.193 
1397508117.458309743 13.453 6.158 
1397508117.477727702 13.51 6.123 
1397508117.496317290 13.594 6.07 
1397508117.512904357 13.651 6.036 
1397508117.530375582 13.706 6.001 
1397508117.547621506 13.762 5.966 
1397508117.573106840 13.845 5.914 
1397508117.589786167 13.9 5.879 
1397508117.607096538 13.983 5.828 
1397508117.625001477 14.037 5.793 
1397508117.642311170 14.091 5.759 
1397508117.663092530 14.145 5.724 
1397508117.695674333 14.279 5.639 
1397508117.714083604 14.332 5.605 
1397508117.731348025 14.384 5.571 
1397508117.750039221 14.437 5.537 
1397508117.767166534 14.515 5.486 
1397508117.785618067 14.567 5.453 
1397508117.802704012 14.618 5.419 
1397508117.824903683 14.695 5.369 
1397508117.842258556 14.745 5.335 
1397508117.860239754 14.795 5.302 
1397508117.878201478 14.845 5.269 
1397508117.895854017 14.92 5.219 
1397508117.913022455 14.969 5.186 
1397508117.930250953 15.018 5.154 
1397508117.953695582 15.091 5.105 
1397508117.970693976 15.139 5.072 
1397508117.986705158 15.187 5.04 
1397508118.003263105 15.234 5.008 
1397508118.020679017 15.281 4.976 
1397508118.038074512 15.328 4.944 
1397508118.055941108 15.397 4.896 
1397508118.081602383 15.466 4.848 
1397508118.098654220 15.511 4.817 
1397508118.115047217 15.556 4.786 
1397508118.133870700 15.601 4.754 
1397508118.150327161 15.645 4.723 
1397508118.168867948 15.71 4.677 
1397508118.186292404 15.754 4.647 
1397508118.210078947 15.818 4.601 
1397508118.226927342 15.86 4.571 
1397508118.244463419 15.902 4.541 
1397508118.262735814 15.944 4.511 
1397508118.280216342 16.005 4.466 
1397508118.298533545 16.046 4.437 
1397508118.314653966 16.086 4.408 
1397508118.340068434 16.146 4.364 
1397508118.357363183 16.185 4.335 
1397508118.374311173 16.223 4.307 
1397508118.392974519 16.281 4.264 
1397508118.410867509 16.319 4.236 
1397508118.428603218 16.356 4.208 
1397508118.445946303 16.393 4.18 
1397508118.470925255 16.447 4.139 
1397508118.489519633 16.501 4.098 
1397508118.506592040 16.536 4.071 
1397508118.522920676 16.571 4.044 
1397508118.538966215 16.605 4.018 
1397508118.557062717 16.639 3.991 
1397508118.574125484 16.672 3.965 
1397508118.598845648 16.721 3.927 
1397508118.616559457 16.77 3.888 
1397508118.634585947 16.801 3.863 
1397508118.653267616 16.833 3.838 
1397508118.670698190 16.864 3.813 
1397508118.689200190 16.909 3.776 
1397508118.706196870 16.938 3.752 
1397508118.730656490 16.982 3.716 
1397508118.749590958 17.011 3.692 
1397508118.766170163 17.039 3.669 
1397508118.783955613 17.08 3.634 
1397508118.800629585 17.107 3.611 
1397508118.817082427 17.133 3.589 
1397508118.845008493 17.159 3.566 
1397508118.862704338 17.21 3.522 
1397508118.880967238 17.234 3.501 
1397508118.898324179 17.258 3.479 
1397508118.914260221 17.282 3.458 
1397508118.932411694 17.305 3.437 
1397508118.949464663 17.328 3.417 
1397508118.974550317 17.35 3.396 
1397508118.993207377 17.393 3.356 
1397508119.008459069 17.414 3.336 
1397508119.026747842 17.434 3.317 
1397508119.043043419 17.454 3.298 
1397508119.061619024 17.473 3.279 
1397508119.079954301 17.501 3.251 
1397508119.105155642 17.528 3.224 
1397508119.122736221 17.546 3.206 
1397508119.139045679 17.563 3.188 
1397508119.154955147 17.579 3.17 
1397508119.172175885 17.595 3.153 
1397508119.188480073 17.611 3.136 
1397508119.204493287 17.626 3.12 
1397508119.230514262 17.641 3.103 
1397508119.247979180 17.669 3.071 
1397508119.264617783 17.682 3.055 
1397508119.284505399 17.695 3.04 
1397508119.302058245 17.707 3.025 
1397508119.319801570 17.725 3.002 
1397508119.338965537 17.736 2.988 
1397508119.361483396 17.752 2.966 
1397508119.378433797 17.762 2.952 
1397508119.395663085 17.771 2.938 
1397508119.412949465 17.78 2.925 
1397508119.430333796 17.789 2.911 
1397508119.447953449 17.801 2.892 
1397508119.466040525 17.808 2.879 
1397508119.488938799 17.818 2.861 
1397508119.508539805 17.825 2.849 
1397508119.525250984 17.831 2.837 
1397508119.542661257 17.836 2.825 
1397508119.560537267 17.843 2.808 
1397508119.577898499 17.847 2.797 
1397508119.594658313 17.851 2.786 
1397508119.617743391 17.856 2.77 
1397508119.636560058 17.858 2.76 
1397508119.653443172 17.86 2.75 
1397508119.670584837 17.862 2.741 
1397508119.688140601 17.864 2.726 
1397508119.709697363 17.864 2.717 
1397508119.725670104 17.864 2.708 
1397508119.750563297 17.863 2.695 
1397508119.767977469 17.862 2.683 
1397508119.785054853 17.86 2.675 
1397508119.802464129 17.857 2.667 
1397508119.818983954 17.855 2.66 
1397508119.837687601 17.852 2.652 
1397508119.854171468 17.848 2.645 
1397508119.878000935 17.842 2.635 
1397508119.895943379 17.834 2.625 
1397508119.914617744 17.829 2.619 
1397508119.930625333 17.823 2.613 
1397508119.948310246 17.816 2.607 
1397508119.967820900 17.806 2.599 
1397508119.984786580 17.798 2.594 
1397508120.010236629 17.786 2.586 
1397508120.030594650 17.777 2.582 
1397508120.048216460 17.763 2.575 
1397508120.065376792 17.753 2.571 
1397508120.083956952 17.743 2.567 
1397508120.100430994 17.732 2.564 
1397508120.125263814 17.721 2.56 
1397508120.142660402 17.703 2.555 
1397508120.160600021 17.684 2.551 
1397508120.178580933 17.671 2.548 
1397508120.195112079 17.658 2.546 
1397508120.210801206 17.644 2.544 
1397508120.228665113 17.629 2.542 
1397508120.253072559 17.614 2.54 
1397508120.269673758 17.591 2.538 
1397508120.289273895 17.567 2.536 
1397508120.305073604 17.55 2.535 
1397508120.324370785 17.533 2.534 
1397508120.341742788 17.515 2.534 
1397508120.359009866 17.487 2.533 
1397508120.384916171 17.459 2.533 
1397508120.402825224 17.439 2.534 
1397508120.419488459 17.419 2.534 
1397508120.437824448 17.399 2.535 
1397508120.454902788 17.367 2.536 
1397508120.472846656 17.345 2.537 
1397508120.490201640 17.323 2.538 
1397508120.512981697 17.289 2.541 
1397508120.530940239 17.266 2.543 
1397508120.548963432 17.242 2.545 
1397508120.567830689 17.206 2.548 
1397508120.586340760 17.181 2.55 
1397508120.604234711 17.155 2.553 
1397508120.620435543 17.129 2.556 
1397508120.643230404 17.09 2.56 
1397508120.660502709 17.063 2.564 
1397508120.679605299 17.021 2.569 
1397508120.696232723 16.993 2.573 
1397508120.714197850 16.964 2.577 
1397508120.731428922 16.935 2.581 
1397508120.750003547 16.906 2.585 
1397508120.774168923 16.86 2.592 
1397508120.791784838 16.814 2.599 
1397508120.810542763 16.782 2.604 
1397508120.826690458 16.751 2.609 
1397508120.843361296 16.718 2.614 
1397508120.862002379 16.685 2.619 
1397508120.880353035 16.635 2.628 
1397508120.904956525 16.584 2.637 
1397508120.922180717 16.549 2.643 
1397508120.939900662 16.514 2.649 
1397508120.956773498 16.479 2.655 
1397508120.974827602 16.443 2.662 
1397508120.993074675 16.388 2.672 
1397508121.010326954 16.351 2.678 
1397508121.035474787 16.294 2.689 
1397508121.053637384 16.256 2.696 
1397508121.071005049 16.217 2.704 
1397508121.089072718 16.159 2.715 
1397508121.106617406 16.119 2.722 
1397508121.122661875 16.079 2.73 
1397508121.139166419 16.039 2.738 
1397508121.164976135 15.977 2.75 
1397508121.183944550 15.915 2.763 
1397508121.200981623 15.873 2.771 
1397508121.218359099 15.83 2.779 
1397508121.238846076 15.787 2.788 
1397508121.263741799 15.7 2.806 
1397508121.290135488 15.634 2.819 
1397508121.306948874 15.589 2.828 
1397508121.324567214 15.544 2.837 
1397508121.341678180 15.499 2.847 
1397508121.359235752 15.453 2.856 
1397508121.376926917 15.384 2.87 
1397508121.393732696 15.337 2.88 
1397508121.419057856 15.266 2.894 
1397508121.436658939 15.218 2.904 
1397508121.453632680 15.17 2.914 
1397508121.471909957 15.098 2.929 
1397508121.490866375 15.049 2.939 
1397508121.508710283 14.999 2.949 
1397508121.534817432 14.95 2.96 
1397508121.552787309 14.849 2.98 
1397508121.570310579 14.799 2.991 
1397508121.588414490 14.748 3.001 
1397508121.605606065 14.696 3.012 
1397508121.624503358 14.619 3.028 
1397508121.642104828 14.567 3.039 
1397508121.665993943 14.488 3.055 
1397508121.683761384 14.435 3.066 
1397508121.700611408 14.381 3.077 
1397508121.717473861 14.328 3.088 
1397508121.735948149 14.247 3.104 
1397508121.754452129 14.192 3.115 
1397508121.772018615 14.137 3.127 
1397508121.796703903 14.055 3.143 
1397508121.813969973 13.999 3.155 
1397508121.832417359 13.915 3.172 
1397508121.849965916 13.859 3.183 
1397508121.866575459 13.802 3.194 
1397508121.885426269 13.745 3.206 
1397508121.902558347 13.688 3.217 
1397508121.926505715 13.602 3.234 
1397508121.944032854 13.515 3.251 
1397508121.962448702 13.457 3.263 
1397508121.980488904 13.398 3.274 
1397508121.998541379 13.339 3.286 
1397508122.015938935 13.25 3.303 
1397508122.033743317 13.191 3.314 
1397508122.058155868 13.101 3.332 
1397508122.077716798 13.041 3.343 
1397508122.094621863 12.98 3.355 
1397508122.112292139 12.889 3.372 
1397508122.129322236 12.828 3.384 
1397508122.146585942 12.766 3.395 
1397508122.163499515 12.705 3.407 
1397508122.188417335 12.612 3.424 
1397508122.205080759 12.55 3.435 
1397508122.222445720 12.487 3.447 
1397508122.240106992 12.393 3.464 
1397508122.257560022 12.33 3.476 
1397508122.276475667 12.267 3.487 
1397508122.301234623 12.203 3.498 
1397508122.319948160 12.076 3.521 
1397508122.337957872 12.011 3.532 
1397508122.353975616 11.947 3.544 
1397508122.372275143 11.882 3.555 
1397508122.391863892 11.818 3.566 
1397508122.415837304 11.687 3.588 
1397508122.441108960 11.589 3.605 
1397508122.458897991 11.523 3.616 
1397508122.476924964 11.458 3.627 
1397508122.496144871 11.358 3.644 
1397508122.512216910 11.292 3.654 
1397508122.530228567 11.225 3.665 
1397508122.547403922 11.159 3.676 
1397508122.570666779 11.058 3.692 
1397508122.589696881 10.991 3.703 
1397508122.606573490 10.924 3.713 
1397508122.624571470 10.822 3.729 
1397508122.642042877 10.754 3.74 
1397508122.660150893 10.686 3.75 
1397508122.676442767 10.618 3.76 
1397508122.701436171 10.516 3.776 
1397508122.719449006 10.413 3.791 
1397508122.736816855 10.344 3.801 
1397508122.754792118 10.275 3.811 
1397508122.772686254 10.206 3.821 
1397508122.790343943 10.137 3.831 
1397508122.815952753 9.998 3.85 
1397508122.834234381 9.929 3.86 
1397508122.851194573 9.859 3.87 
1397508122.869360503 9.789 3.879 
1397508122.886613815 9.719 3.889 
1397508122.903783328 9.613 3.903 
1397508122.920671399 9.543 3.912 
1397508122.945687334 9.437 3.926 
1397508122.963171444 9.366 3.935 
1397508122.981571296 9.295 3.944 
1397508122.998778906 9.224 3.953 
1397508123.016196530 9.118 3.966 
1397508123.035909795 9.046 3.975 
1397508123.052572133 8.975 3.983 
1397508123.075942987 8.867 3.996 
1397508123.093287700 8.795 4.004 
1397508123.110536402 8.724 4.013 
1397508123.128159193 8.616 4.025 
1397508123.144921186 8.543 4.033 
1397508123.162160438 8.471 4.041 
1397508123.179437124 8.399 4.049 
1397508123.202974592 8.29 4.061 
1397508123.220075580 8.217 4.069 
1397508123.238409794 8.144 4.076 
1397508123.254139698 8.071 4.084 
1397508123.272561014 7.962 4.095 
1397508123.513699799 6.855 4.196 
1397508123.530520406 6.78 4.201 
1397508123.549419240 6.706 4.207 
1397508123.566376506 6.631 4.213 
1397508123.590575125 6.519 4.221 
1397508123.607697987 6.407 4.23 
1397508123.625837163 6.332 4.235 
1397508123.642922309 6.257 4.24 
1397508123.661666557 6.182 4.245 
1397508123.680460743 6.069 4.253 
1397508123.697794374 5.994 4.258 
1397508123.722179238 5.881 4.265 
1397508123.740426554 5.806 4.269 
1397508123.756891004 5.731 4.274 
1397508123.774004866 5.655 4.278 
1397508123.791797483 5.542 4.285 
1397508123.810170798 5.466 4.289 
1397508123.828136250 5.391 4.293 
1397508123.852084374 5.277 4.299 
1397508123.868553791 5.201 4.303 
1397508123.885753657 5.126 4.306 
1397508123.902548857 5.05 4.31 
1397508123.920173762 4.936 4.315 
1397508123.938789599 4.86 4.318 
1397508123.954624527 4.784 4.322 
1397508123.981673491 4.67 4.326 
1397508124.000042929 4.556 4.331 
1397508124.016799786 4.48 4.333 
1397508124.034052589 4.404 4.336 
1397508124.052388949 4.328 4.339 
1397508124.069995558 4.252 4.341 
1397508124.096093077 4.1 4.346 
1397508124.113188974 4.023 4.348 
1397508124.130835098 3.947 4.35 
1397508124.146780638 3.871 4.352 
1397508124.164419687 3.795 4.354 
1397508124.182135670 3.719 4.355 
1397508124.199924195 3.604 4.358 
1397508124.225805382 3.49 4.36 
1397508124.243574418 3.413 4.361 
1397508124.260968286 3.337 4.362 
1397508124.277422737 3.261 4.363 
1397508124.294398186 3.185 4.364 
1397508124.311792713 3.07 4.365 
1397508124.329465733 2.994 4.366 
1397508124.353489455 2.879 4.367 
1397508124.370795654 2.803 4.367 
1397508124.388400582 2.727 4.368 
1397508124.405653870 2.651 4.368 
1397508124.422503968 2.574 4.368 
1397508124.440781424 2.46 4.368 
1397508124.458439712 2.384 4.367 
1397508124.481546587 2.27 4.367 
1397508124.500544064 2.193 4.366 
1397508124.517589140 2.117 4.366 
1397508124.535954298 2.003 4.365 
1397508124.552949151 1.927 4.364 
1397508124.571898242 1.851 4.363 
1397508124.589614992 1.775 4.362 
1397508124.614440580 1.661 4.36 
1397508124.632423497 1.547 4.358 
1397508124.649658363 1.471 4.357 
1397508124.935721637 1.395 4.355 
1397508124.960322372 -0.005 4.306 
1397508124.978269331 -0.081 4.302 
1397508125.003227141 -0.194 4.296 
1397508125.020433838 -0.269 4.292 
1397508125.039911308 -0.382 4.286 
1397508125.056661691 -0.457 4.282 
1397508125.074019538 -0.533 4.278 
1397508125.090936561 -0.608 4.273 
1397508125.116810081 -0.683 4.269 
1397508125.134424127 -0.796 4.262 
1397508125.152175162 -0.909 4.255 
1397508125.169628113 -0.984 4.25 
1397508125.188548155 -1.059 4.245 
1397508125.205644956 -1.134 4.239 
1397508125.224654602 -1.247 4.231 
1397508125.250385963 -1.359 4.223 
1397508125.265826320 -1.434 4.218 
1397508125.283388621 -1.509 4.212 
1397508125.300514750 -1.584 4.206 
1397508125.317561784 -1.659 4.2 
1397508125.336134559 -1.771 4.191 
1397508125.355148704 -1.846 4.185 
1397508125.379818362 -1.958 4.176 
1397508125.396415425 -2.033 4.169 
1397508125.414015326 -2.107 4.163 
1397508125.432811669 -2.219 4.153 
1397508125.454750524 -2.294 4.146 
1397508125.476821674 -2.406 4.136 
1397508125.500787930 -2.48 4.129 
1397508125.516935181 -2.592 4.118 
1397508125.536317021 -2.704 4.107 
1397508125.554192663 -2.778 4.1 
1397508125.572917777 -2.853 4.092 
1397508125.592042272 -2.964 4.081 
1397508125.608365392 -3.038 4.073 
1397508125.632897585 -3.15 4.061 
1397508125.650652711 -3.224 4.053 
1397508125.669182914 -3.298 4.045 
1397508125.686462105 -3.372 4.037 
1397508125.703807902 -3.484 4.024 
1397508125.721913592 -3.558 4.016 
1397508125.740349191 -3.632 4.007 
1397508125.763162713 -3.743 3.994 
1397508125.782252940 -3.817 3.985 
1397508125.799974804 -3.928 3.972 
1397508125.816788792 -4.001 3.963 
1397508125.835365165 -4.075 3.954 
1397508125.853803133 -4.149 3.944 
1397508125.871812817 -4.26 3.93 
1397508125.897335116 -4.37 3.916 
1397508125.915456986 -4.444 3.906 
1397508125.934508032 -4.518 3.896 
1397508125.951787271 -4.628 3.882 
1397508125.968933958 -4.701 3.871 
1397508125.988293529 -4.775 3.861 
1397508126.014452818 -4.848 3.851 
1397508126.032219363 -4.995 3.83 
1397508126.050669380 -5.068 3.82 
1397508126.066820479 -5.141 3.809 
1397508126.084672631 -5.215 3.799 
1397508126.328768344 -6.341 3.622 
1397508126.346572374 -6.413 3.609 
1397508126.362813784 -6.485 3.597 
1397508126.382594512 -6.556 3.585 
1397508126.406459157 -6.664 3.566 
1397508126.423830423 -6.772 3.547 
1397508126.442155328 -6.843 3.535 
1397508126.460912958 -6.915 3.522 
1397508126.477857687 -6.986 3.509 
1397508126.496400513 -7.093 3.49 
1397508126.512424367 -7.164 3.477 
1397508126.538363194 -7.271 3.457 
1397508126.556033531 -7.342 3.444 
1397508126.573546800 -7.412 3.43 
1397508126.592227390 -7.518 3.41 
1397508126.609544051 -7.589 3.397 
1397508126.629658861 -7.659 3.383 
1397508126.654377743 -7.73 3.369 
1397508126.673186788 -7.87 3.342 
1397508126.689603249 -7.94 3.328 
1397508126.706893240 -8.01 3.314 
1397508126.724303661 -8.08 3.3 
1397508126.741959655 -8.15 3.286 
1397508126.760728939 -8.254 3.265 
1397508126.785458281 -8.358 3.243 
1397508126.803353166 -8.427 3.229 
1397508126.820868473 -8.497 3.214 
1397508126.839968484 -8.6 3.193 
1397508126.857186119 -8.669 3.178 
1397508126.874573698 -8.738 3.163 
1397508126.890822293 -8.806 3.149 
1397508126.914941425 -8.909 3.126 
1397508126.933648204 -8.977 3.112 
1397508126.951347136 -9.045 3.097 
1397508126.968183629 -9.147 3.074 
1397508126.987264700 -9.215 3.059 
1397508127.004380290 -9.283 3.044 
1397508127.021504647 -9.35 3.029 
1397508127.046594660 -9.452 3.006 
1397508127.065044653 -9.552 2.983 
1397508127.082568352 -9.619 2.967 
1397508127.099194739 -9.686 2.952 
1397508127.116300167 -9.753 2.936 
1397508127.135698877 -9.853 2.913 
1397508127.152727296 -9.919 2.897 
1397508127.178100757 -10.019 2.873 
1397508127.194808513 -10.085 2.857 
1397508127.213569105 -10.15 2.842 
1397508127.230774702 -10.216 2.826 
1397508127.248803996 -10.315 2.802 
1397508127.267250858 -10.38 2.786 
1397508127.292800910 -10.445 2.77 
1397508127.309389114 -10.543 2.745 
1397508127.328081380 -10.607 2.729 
1397508127.344707877 -10.704 2.705 
1397508127.362020956 -10.769 2.689 
1397508127.379314990 -10.833 2.672 
1397508127.396387037 -10.897 2.656 
1397508127.412388332 -10.961 2.639 
1397508127.442005568 -11.088 2.606 
1397508127.462093368 -11.152 2.59 
1397508127.480036108 -11.247 2.565 
1397508127.496399157 -11.31 2.549 
1397508127.514643011 -11.373 2.532 
1397508127.530603663 -11.435 2.515 
1397508127.553422413 -11.529 2.49 
1397508127.570834097 -11.591 2.473 
1397508127.588371652 -11.653 2.457 
1397508127.605785334 -11.715 2.44 
1397508127.622906366 -11.808 2.415 
1397508127.640795751 -11.869 2.398 
1397508127.658169036 -11.93 2.381 
1397508127.680849196 -12.022 2.356 
1397508127.698850996 -12.083 2.339 
1397508127.716372652 -12.144 2.322 
1397508127.733627619 -12.204 2.305 
1397508127.750619519 -12.264 2.288 
1397508127.769394061 -12.354 2.262 
1397508127.788435257 -12.414 2.245 
1397508127.811881228 -12.504 2.219 
1397508127.828295819 -12.563 2.202 
1397508127.845629691 -12.622 2.185 
1397508127.863827590 -12.71 2.16 
1397508127.880927715 -12.769 2.143 
1397508127.898645481 -12.827 2.126 
1397508127.916385657 -12.886 2.108 
1397508127.943373364 -12.973 2.083 
1397508127.960692926 -13.059 2.057 
1397508127.978384723 -13.117 2.04 
1397508127.995263466 -13.174 2.023 
1397508128.012307976 -13.231 2.006 
1397508128.030429533 -13.288 1.989 
1397508128.047901411 -13.373 1.964 
1397508128.072686179 -13.458 1.938 
1397508128.092907353 -13.514 1.921 
1397508128.110531277 -13.569 1.904 
1397508128.128526862 -13.653 1.879 
1397508128.146126776 -13.708 1.862 
1397508128.162883703 -13.763 1.845 
1397508128.190480750 -13.818 1.828 
1397508128.208658604 -13.927 1.795 
1397508128.225415927 -13.982 1.778 
1397508128.244919366 -14.036 1.761 
1397508128.264015970 -14.116 1.736 
1397508128.282965872 -14.17 1.72 
1397508128.300403958 -14.223 1.703 
1397508128.324034192 -14.303 1.679 
1397508128.342323590 -14.356 1.662 
1397508128.360942603 -14.434 1.638 
1397508128.378684610 -14.486 1.621 
1397508128.396575423 -14.538 1.605 
1397508128.413536601 -14.59 1.589 
1397508128.430271947 -14.642 1.573 
1397508128.454587103 -14.719 1.549 
1397508128.472766537 -14.795 1.525 
1397508128.492432718 -14.846 1.509 
1397508128.509524390 -14.896 1.493 
1397508128.526578056 -14.946 1.477 
1397508128.544482299 -15.021 1.454 
1397508128.560781915 -15.071 1.438 
1397508128.586562422 -15.145 1.415 
1397508128.604387272 -15.194 1.4 
1397508128.622438945 -15.243 1.384 
1397508128.640706662 -15.315 1.362 
1397508128.659795611 -15.364 1.346 
1397508128.677938792 -15.412 1.331 
1397508128.703937780 -15.507 1.302 
1397508128.720963370 -15.554 1.287 
1397508128.741501727 -15.601 1.272 
1397508128.760182938 -15.671 1.251 
1397508128.778531438 -15.718 1.236 
1397508128.796042290 -15.764 1.222 
1397508128.813447835 -15.81 1.208 
1397508128.838390407 -15.879 1.186 
1397508128.856421604 -15.946 1.166 
1397508128.873554461 -15.992 1.152 
1397508128.892410690 -16.036 1.138 
1397508128.909545800 -16.081 1.125 
1397508128.927554861 -16.147 1.104 
1397508128.944071795 -16.191 1.091 
1397508128.969889808 -16.257 1.071 
1397508128.987805079 -16.3 1.058 
1397508129.004395607 -16.343 1.046 
1397508129.021795172 -16.386 1.033 
1397508129.040399012 -16.449 1.014 
1397508129.059754863 -16.492 1.002 
1397508129.076482597 -16.534 0.989 
1397508129.099895684 -16.596 0.971 
1397508129.116309895 -16.637 0.959 
1397508129.133595856 -16.678 0.947 
1397508129.149971084 -16.719 0.935 
1397508129.168634654 -16.78 0.918 
1397508129.187044001 -16.82 0.907 
1397508129.204460736 -16.86 0.895 
1397508129.227473654 -16.919 0.879 
1397508129.245659978 -16.959 0.868 
1397508129.263706174 -17.017 0.852 
1397508129.280967444 -17.056 0.842 
1397508129.299230307 -17.094 0.831 
1397508129.316391330 -17.132 0.821 
1397508129.340961079 -17.17 0.811 
1397508129.358657369 -17.227 0.797 
1397508129.376742560 -17.282 0.782 
1397508129.393908377 -17.319 0.773 
1397508129.410636516 -17.356 0.764 
1397508129.428370990 -17.392 0.755 
1397508129.444857701 -17.428 0.746 
1397508129.471766359 -17.499 0.729 
1397508129.489990616 -17.534 0.721 
1397508129.507094790 -17.569 0.712 
1397508129.524403519 -17.604 0.704 
1397508129.541478653 -17.639 0.697 
1397508129.559721283 -17.69 0.685 
1397508129.576688881 -17.723 0.678 
1397508129.601429595 -17.774 0.667 
1397508129.617978141 -17.807 0.661 
1397508129.636269098 -17.839 0.654 
1397508129.654591587 -17.872 0.647 
1397508129.672656301 -17.92 0.638 
1397508129.692018087 -17.952 0.632 
1397508129.709773768 -17.984 0.626 
1397508129.734277168 -18.031 0.618 
1397508129.752740957 -18.077 0.61 
1397508129.771012336 -18.108 0.605 
1397508130.014267264 -18.539 0.553 
1397508130.032008078 -18.579 0.55 
1397508130.049639786 -18.606 0.549 
1397508130.068239827 -18.632 0.548 
1397508130.086248088 -18.658 0.546 
1397508130.112519217 -18.709 0.545 
1397508130.130008083 -18.735 0.544 
1397508130.148235232 -18.76 0.544 
1397508130.164245460 -18.785 0.544 
1397508130.182495292 -18.81 0.544 
1397508130.200045830 -18.847 0.545 
1397508130.216620619 -18.871 0.545 
1397508130.241257304 -18.907 0.547 
1397508130.259011329 -18.931 0.548 
1397508130.276225605 -18.954 0.549 
1397508130.295520972 -18.989 0.552 
1397508130.312682365 -19.012 0.554 
1397508130.331602634 -19.035 0.556 
1397508130.348640150 -19.058 0.558 
1397508130.374279842 -19.092 0.562 
1397508130.391766242 -19.125 0.567 
1397508130.408630712 -19.147 0.57 
1397508130.425917049 -19.169 0.573 
1397508130.444282292 -19.19 0.577 
1397508130.461819946 -19.211 0.581 
1397508130.479873499 -19.243 0.587 
1397508130.505461604 -19.274 0.594 
1397508130.523159218 -19.295 0.599 
1397508130.542368545 -19.316 0.604 
1397508130.560452429 -19.346 0.611 
1397508130.577687107 -19.366 0.617 
1397508130.595976801 -19.386 0.623 
1397508130.612293647 -19.405 0.629 
1397508130.635928485 -19.435 0.638 
1397508130.653547569 -19.454 0.645 
1397508130.670275002 -19.473 0.651 
1397508130.688611173 -19.501 0.662 
1397508130.706583906 -19.52 0.669 
1397508130.722830270 -19.538 0.677 
1397508130.740401864 -19.557 0.685 
1397508130.762702887 -19.584 0.697 
1397508130.781284188 -19.602 0.705 
1397508130.797910161 -19.62 0.714 
1397508130.816143927 -19.646 0.727 
1397508130.833462041 -19.663 0.736 
1397508130.852096209 -19.681 0.746 
1397508130.868373245 -19.698 0.756 
1397508130.892327793 -19.723 0.77 
1397508130.910493751 -19.74 0.781 
1397508130.927863552 -19.764 0.796 
1397508130.945477934 -19.781 0.807 
1397508130.963291734 -19.797 0.818 
1397508130.980365333 -19.813 0.83 
1397508131.004626202 -19.829 0.841 
1397508131.021277735 -19.852 0.859 
1397508131.041643137 -19.876 0.877 
1397508131.058848637 -19.891 0.89 
1397508131.076304190 -19.906 0.902 
1397508131.094236892 -19.921 0.915 
1397508131.112521759 -19.944 0.935 
1397508131.137493850 -19.966 0.956 
1397508131.154461946 -19.98 0.969 
1397508131.172906990 -19.995 0.984 
1397508131.189621863 -20.009 0.998 
1397508131.206262155 -20.023 1.013 
1397508131.224798037 -20.044 1.035 
1397508131.242537525 -20.058 1.051 
1397508131.267689960 -20.078 1.074 
1397508131.286149266 -20.092 1.09 
1397508131.304472346 -20.112 1.114 
1397508131.320962890 -20.125 1.131 
1397508131.338864412 -20.138 1.147 
1397508131.357139311 -20.151 1.164 
1397508131.374636815 -20.164 1.181 
1397508131.398558307 -20.183 1.208 
1397508131.416626904 -20.202 1.235 
1397508131.436204049 -20.214 1.253 
1397508131.452420811 -20.226 1.271 
1397508131.469525543 -20.238 1.29 
1397508131.693626427 -20.256 1.318 
1397508131.720861837 -20.418 1.623 
1397508131.739314140 -20.428 1.645 
1397508131.757364783 -20.438 1.669 
1397508131.782473946 -20.453 1.704 
1397508131.799893680 -20.468 1.739 
1397508131.816913077 -20.478 1.763 
1397508131.836485247 -20.488 1.788 
1397508131.855016247 -20.497 1.812 
1397508131.872293309 -20.512 1.849 
1397508131.891019751 -20.521 1.875 
1397508131.914920254 -20.535 1.913 
1397508131.933713066 -20.544 1.938 
1397508131.950194429 -20.553 1.964 
1397508131.968179326 -20.566 2.004 
1397508131.985795885 -20.575 2.03 
1397508132.003093786 -20.584 2.057 
1397508132.020388778 -20.593 2.084 
1397508132.046753669 -20.605 2.124 
1397508132.064775411 -20.618 2.166 
1397508132.082699801 -20.626 2.194 
1397508132.100072494 -20.634 2.222 
1397508132.117610457 -20.642 2.25 
1397508132.135868290 -20.654 2.292 
1397508132.161319004 -20.666 2.336 
1397508132.178276019 -20.674 2.365 
1397508132.194801383 -20.682 2.394 
1397508132.211129859 -20.689 2.423 
1397508132.228274968 -20.697 2.453 
1397508132.245411732 -20.704 2.483 
1397508132.262534637 -20.711 2.513 
1397508132.289271246 -20.725 2.573 
1397508132.306368418 -20.733 2.604 
1397508132.323416781 -20.739 2.634 
1397508132.341506621 -20.746 2.665 
1397508132.358389504 -20.753 2.696 
1397508132.375741525 -20.763 2.743 
1397508132.393432572 -20.77 2.775 
1397508132.417264986 -20.779 2.822 
1397508132.436236923 -20.786 2.854 
1397508132.454373031 -20.792 2.886 
1397508132.471590885 -20.801 2.935 
1397508132.489865842 -20.807 2.967 
1397508132.509521547 -20.813 3 
1397508132.524197436 -20.819 3.033 
1397508132.550585748 -20.828 3.082 
1397508132.568704493 -20.837 3.132 
1397508132.586144825 -20.842 3.166 
1397508132.602835539 -20.848 3.199 
1397508132.620930558 -20.853 3.233 
1397508132.643877188 -20.861 3.284 
1397508132.672038896 -20.872 3.352 
1397508132.692363106 -20.877 3.386 
1397508132.709485287 -20.882 3.421 
1397508132.728095645 -20.89 3.473 
1397508132.746415119 -20.895 3.508 
1397508132.764998486 -20.899 3.543 
1397508132.781616035 -20.904 3.578 
1397508132.806347153 -20.911 3.63 
1397508132.824307659 -20.918 3.684 
1397508132.844611317 -20.923 3.719 
1397508132.862527398 -20.927 3.755 
1397508132.880446446 -20.934 3.808 
1397508132.898429126 -20.938 3.844 
1397508132.915085952 -20.942 3.88 
1397508132.940535971 -20.948 3.934 
1397508132.958518794 -20.953 3.971 
1397508132.975858567 -20.959 4.025 
1397508132.992783932 -20.962 4.062 
1397508133.008726899 -20.966 4.098 
1397508133.026406790 -20.97 4.135 
1397508133.052769182 -20.974 4.172 
1397508133.069599109 -20.98 4.227 
1397508133.088613721 -20.985 4.283 
1397508133.106137577 -20.989 4.32 
1397508133.124199473 -20.992 4.357 
1397508133.142064578 -20.996 4.394 
1397508133.159688155 -21.001 4.45 
1397508133.184706636 -21.006 4.506 
1397508133.202444843 -21.009 4.544 
1397508133.219867816 -21.012 4.582 
1397508133.237468927 -21.015 4.619 
1397508133.255460192 -21.019 4.657 
1397508133.272664783 -21.023 4.714 
1397508133.292465644 -21.026 4.751 
1397508133.318229274 -21.031 4.808 
1397508133.336194947 -21.035 4.865 
1397508133.354137507 -21.038 4.903 
1397508133.370872771 -21.041 4.942 
1397508133.388719579 -21.044 4.98 
1397508133.405472107 -21.047 5.018 
1397508133.422255251 -21.049 5.056 
1397508133.446473832 -21.053 5.113 
1397508133.464026000 -21.057 5.171 
1397508133.481842747 -21.06 5.209 
1397508133.500392033 -21.062 5.248 
1397508133.517684237 -21.065 5.286 
1397508133.535423844 -21.069 5.344 
1397508133.552772103 -21.071 5.382 
1397508133.585601225 -21.076 5.46 
1397508133.603968840 -21.078 5.498 
1397508133.621347652 -21.08 5.537 
1397508133.640069675 -21.084 5.595 
1397508133.656653620 -21.086 5.633 
1397508133.675068947 -21.088 5.672 
1397508133.698538146 -21.091 5.73 
1397508133.724536288 -21.094 5.788 
1397508133.742646248 -21.097 5.846 
1397508133.760982003 -21.099 5.885 
1397508133.778666954 -21.101 5.923 
1397508133.795846948 -21.102 5.962 
1397508133.813089557 -21.104 6.001 
1397508134.062628128 -21.125 6.599 
1397508134.086378453 -21.126 6.657 
1397508134.104698703 -21.128 6.714 
1397508134.121865714 -21.128 6.752 
1397508134.139014612 -21.129 6.791 
1397508134.156850175 -21.129 6.829 
1397508134.173570083 -21.13 6.867 
1397508134.191893923 -21.13 6.924 
1397508134.216572704 -21.131 6.981 
1397508134.233879739 -21.131 7.019 
1397508134.252026638 -21.131 7.057 
1397508134.270328021 -21.13 7.095 
1397508134.288769568 -21.13 7.151 
1397508134.306112818 -21.13 7.189 
1397508134.322525387 -21.129 7.226 
1397508134.348320273 -21.129 7.283 
1397508134.365662849 -21.128 7.32 
1397508134.382995194 -21.127 7.357 
1397508134.400996913 -21.126 7.413 
1397508134.417942851 -21.125 7.45 
1397508134.434814770 -21.123 7.487 
1397508134.460527235 -21.122 7.524 
1397508134.477630206 -21.12 7.58 
1397508134.496638848 -21.118 7.635 
1397508134.514207756 -21.116 7.671 
1397508134.530515451 -21.114 7.708 
1397508134.547055622 -21.112 7.744 
1397508134.564333325 -21.11 7.78 
1397508134.588595897 -21.108 7.816 
1397508134.605518546 -21.104 7.871 
1397508134.622647422 -21.101 7.906 
1397508134.640362886 -21.097 7.96 
1397508134.659903235 -21.094 7.996 
1397508134.677671380 -21.091 8.031 
1397508134.695686229 -21.086 8.084 
1397508134.720600298 -21.081 8.137 
1397508134.738697309 -21.078 8.172 
1397508134.756824869 -21.074 8.207 
1397508134.773633018 -21.07 8.242 
1397508134.790684553 -21.064 8.293 
1397508134.808812383 -21.06 8.328 
1397508134.826121828 -21.055 8.362 
1397508134.848830234 -21.048 8.413 
1397508134.866513696 -21.043 8.447 
1397508134.883962603 -21.038 8.481 
1397508134.901582466 -21.033 8.514 
1397508134.919721314 -21.025 8.564 
1397508134.936170652 -21.02 8.598 
1397508134.953689096 -21.014 8.631 
1397508134.977460712 -21.005 8.68 
1397508134.994813008 -20.999 8.713 
1397508135.012298410 -20.992 8.745 
1397508135.028340159 -20.986 8.777 
1397508135.045907177 -20.979 8.81 
1397508135.064874175 -20.969 8.858 
1397508135.082444035 -20.962 8.889 
1397508135.104550263 -20.951 8.936 
1397508135.121931268 -20.943 8.968 
1397508135.138587191 -20.935 8.999 
1397508135.156303744 -20.927 9.03 
1397508135.172183227 -20.919 9.06 
1397508135.191872326 -20.906 9.106 
1397508135.208759165 -20.898 9.136 
1397508135.234389843 -20.884 9.181 
1397508135.251740818 -20.875 9.211 
1397508135.269360758 -20.866 9.24 
1397508135.286226010 -20.856 9.27 
1397508135.303628977 -20.842 9.313 
1397508135.320815894 -20.832 9.342 
1397508135.338070736 -20.821 9.371 
1397508135.362890356 -20.806 9.413 
1397508135.377866210 -20.795 9.441 
1397508135.394841023 -20.784 9.469 
1397508135.411661856 -20.773 9.496 
1397508135.428306383 -20.761 9.524 
1397508135.445888647 -20.749 9.551 
1397508135.466922755 -20.732 9.591 
1397508135.496752398 -20.707 9.644 
1397508135.514409742 -20.694 9.67 
1397508135.532574034 -20.681 9.696 
1397508135.549578228 -20.668 9.721 
1397508135.565978578 -20.655 9.747 
1397508135.584049534 -20.635 9.784 
1397508135.602061582 -20.621 9.809 
1397508135.626202596 -20.599 9.845 
1397508135.645911058 -20.585 9.869 
1397508135.664252043 -20.563 9.905 
1397508135.680827132 -20.548 9.928 
1397508135.698434072 -20.532 9.952 
1397508135.715376038 -20.517 9.975 
1397508135.732625257 -20.501 9.997 
1397508135.756495361 -20.477 10.031 
1397508135.773552678 -20.46 10.053 
1397508135.792705042 -20.435 10.085 
1397508135.811125250 -20.418 10.107 
1397508135.828223551 -20.401 10.128 
1397508135.846329387 -20.383 10.149 
1397508135.871998719 -20.347 10.189 
1397508135.888964981 -20.329 10.21 
1397508135.906184361 -20.31 10.229 
1397508135.924577193 -20.291 10.249 
1397508135.941454915 -20.272 10.268 
1397508135.958099304 -20.253 10.287 
1397508135.976049896 -20.223 10.315 
1397508136.001331087 -20.193 10.342 
1397508136.018122024 -20.172 10.36 
1397508136.036339015 -20.151 10.378 
1397508136.053394965 -20.13 10.395 
1397508136.070348611 -20.109 10.412 
1397508136.088690970 -20.076 10.437 
1397508136.106024490 -20.054 10.453 
1397508136.132338603 -20.021 10.477 
1397508136.149628058 -19.998 10.493 
1397508136.167946291 -19.963 10.516 
1397508136.185802244 -19.94 10.531 
1397508136.202862136 -19.916 10.546 
1397508136.222505941 -19.892 10.56 
1397508136.240054964 -19.855 10.581 
1397508136.264812525 -19.818 10.602 
1397508136.282796418 -19.793 10.615 
1397508136.300308563 -19.767 10.628 
1397508136.317370521 -19.741 10.641 
1397508136.334408001 -19.715 10.653 
1397508136.352697874 -19.676 10.671 
1397508136.370083897 -19.649 10.683 
1397508136.394280039 -19.608 10.7 
1397508136.410561598 -19.58 10.712 
1397508136.429261075 -19.552 10.722 
1397508136.445736319 -19.524 10.733 
1397508136.464683116 -19.481 10.748 
1397508136.482416462 -19.451 10.758 
1397508136.500190958 -19.422 10.768 
1397508136.524378364 -19.377 10.782 
1397508136.542911921 -19.347 10.79 
1397508136.559796441 -19.301 10.803 
1397508136.578397440 -19.27 10.811 
1397508136.597364477 -19.239 10.819 
1397508136.613828902 -19.207 10.827 
1397508136.640017700 -19.143 10.841 
1397508136.657806558 -19.11 10.848 
1397508136.674994668 -19.077 10.854 
1397508136.692616390 -19.043 10.861 
1397508136.709392392 -19.01 10.867 
1397508136.727834986 -18.958 10.875 
1397508136.744105436 -18.924 10.88 
1397508136.771710786 -18.871 10.887 
1397508136.790558248 -18.836 10.892 
1397508136.807953027 -18.782 10.898 
1397508136.825459118 -18.746 10.902 
1397508136.844224458 -18.709 10.905 
1397508136.862718023 -18.672 10.908 
1397508136.880433559 -18.616 10.913 
1397508136.905373031 -18.559 10.916 
1397508136.923797804 -18.521 10.918 
1397508136.940974775 -18.482 10.92 
1397508136.958505275 -18.443 10.921 
1397508136.976620111 -18.383 10.923 
1397508136.995194690 -18.343 10.924 
1397508137.012393629 -18.303 10.924 
1397508137.036746161 -18.242 10.924 
1397508137.053972026 -18.2 10.924 
1397508137.071928469 -18.138 10.923 
1397508137.089437627 -18.096 10.922 
1397508137.106874426 -18.053 10.92 
1397508137.124566049 -18.01 10.919 
1397508137.150117867 -17.967 10.917 
1397508137.167668244 -17.879 10.912 
1397508137.186009497 -17.834 10.909 
1397508137.204011488 -17.79 10.906 
1397508137.220851128 -17.744 10.902 
1397508137.238069321 -17.699 10.899 
1397508137.256016502 -17.63 10.892 
1397508137.281446275 -17.56 10.885 
1397508137.298983437 -17.513 10.88 
1397508137.316909065 -17.465 10.875 
1397508137.333989635 -17.417 10.869 
1397508137.351337854 -17.345 10.86 
1397508137.368558811 -17.296 10.854 
1397508137.386359587 -17.247 10.847 
1397508137.409606638 -17.172 10.836 
1397508137.427879237 -17.122 10.829 
1397508137.446517258 -17.071 10.821 
1397508137.464807466 -16.995 10.809 
1397508137.482107641 -16.943 10.8 
1397508137.499660252 -16.891 10.791 
1397508137.516404621 -16.839 10.782 
1397508137.539765144 -16.76 10.767 
1397508137.557480608 -16.706 10.757 
1397508137.575234542 -16.653 10.747 
1397508137.592707920 -16.571 10.73 
1397508137.610105989 -16.516 10.719 
1397508137.629421348 -16.461 10.708 
1397508137.646777760 -16.406 10.696 
1397508137.672512692 -16.294 10.671 
1397508137.690770103 -16.237 10.658 
1397508137.709769199 -16.18 10.645 
1397508137.725915613 -16.123 10.631 
1397508137.743868597 -16.036 10.61 
1397508137.762624748 -15.978 10.596 
1397508137.779208572 -15.919 10.581 
1397508137.805496741 -15.831 10.559 
1397508137.823087226 -15.741 10.535 
1397508137.840232877 -15.681 10.519 
1397508137.859215253 -15.621 10.503 
1397508137.877200963 -15.56 10.486 
1397508137.894373133 -15.499 10.47 
1397508137.919719562 -15.376 10.435 
1397508137.937124193 -15.314 10.417 
1397508137.954786975 -15.252 10.398 
1397508137.972252608 -15.189 10.38 
1397508137.990285108 -15.126 10.361 
1397508138.007862981 -15.031 10.332 
1397508138.026578790 -14.967 10.312 
1397508138.051749762 -14.871 10.282 
1397508138.068246099 -14.807 10.262 
1397508138.084517115 -14.742 10.241 
1397508138.102229010 -14.677 10.22 
1397508138.119656284 -14.579 10.188 
1397508138.136655700 -14.513 10.166 
1397508138.153956978 -14.447 10.143 
1397508138.177368417 -14.347 10.109 
1397508138.196964258 -14.281 10.086 
1397508138.215702244 -14.18 10.051 
1397508138.232717056 -14.113 10.027 
1397508138.249865330 -14.045 10.003 
1397508138.268748133 -13.977 9.979 
1397508138.286000035 -13.909 9.954 
1397508138.310117065 -13.806 9.916 
1397508138.327769021 -13.703 9.878 
1397508138.346895332 -13.634 9.852 
1397508138.362557206 -13.564 9.825 
1397508138.378464434 -13.495 9.799 
1397508138.396743220 -13.425 9.772 
1397508138.413336261 -13.355 9.744 
1397508138.438258564 -13.249 9.703 
1397508138.456036216 -13.144 9.661 
1397508138.472708249 -13.073 9.632 
1397508138.490057296 -13.002 9.603 
1397508138.506735560 -12.93 9.574 
1397508138.523744904 -12.859 9.545 
1397508138.541631924 -12.787 9.515 
1397508138.565821526 -12.679 9.47 
1397508138.583752881 -12.571 9.424 
1397508138.602651865 -12.498 9.393 
1397508138.620249339 -12.425 9.362 
1397508138.637688668 -12.353 9.33 
1397508138.655830886 -12.243 9.282 
1397508138.673443318 -12.17 9.25 
1397508138.698741773 -12.059 9.201 
1397508138.714973590 -11.986 9.168 
1397508138.730734386 -11.912 9.135 
1397508138.748696372 -11.838 9.101 
1397508138.765356288 -11.764 9.067 
1397508138.784766365 -11.652 9.016 
1397508138.801375297 -11.578 8.981 
1397508138.826011051 -11.466 8.928 
1397508138.844267673 -11.391 8.893 
1397508138.862260237 -11.316 8.857 
1397508138.880364769 -11.203 8.803 
1397508138.899494317 -11.128 8.767 
1397508138.916230817 -11.052 8.73 
1397508138.932094009 -10.977 8.693 
1397508138.954525690 -10.863 8.637 
1397508138.971092175 -10.787 8.6 
1397508138.989361282 -10.711 8.562 
1397508139.006250485 -10.635 8.523 
1397508139.023534168 -10.521 8.465 
1397508139.041536753 -10.445 8.427 
1397508139.058650539 -10.368 8.387 
1397508139.083607763 -10.253 8.328 
1397508139.102385176 -10.177 8.288 
1397508139.119786843 -10.062 8.228 
1397508139.137590870 -9.985 8.187 
1397508139.153943510 -9.908 8.146 
1397508139.171744751 -9.831 8.105 
1397508139.196640805 -9.754 8.064 
1397508139.213471324 -9.638 8.002 
1397508139.231495454 -9.522 7.938 
1397508139.249425873 -9.445 7.896 
1397508139.268169431 -9.367 7.853 
1397508139.282755205 -9.29 7.81 
1397508139.518454434 -8.162 7.16 
1397508139.537488158 -8.046 7.09 
1397508139.556018411 -7.968 7.043 
1397508139.572242886 -7.89 6.996 
1397508139.596203577 -7.773 6.924 
1397508139.613425547 -7.695 6.877 
1397508139.631612727 -7.578 6.805 
1397508139.649551522 -7.5 6.756 
1397508139.669684795 -7.423 6.708 
1397508139.988088650 -7.345 6.659 
1397508140.009295110 -5.764 5.619 
1397508140.026906468 -5.688 5.566 
1397508140.044266133 -5.612 5.513 
1397508140.062309117 -5.536 5.461 
1397508140.079648895 -5.423 5.381 
1397508140.105464233 -5.31 5.301 
1397508140.123686171 -5.234 5.248 
1397508140.142205872 -5.159 5.194 
1397508140.160423093 -5.046 5.114 
1397508140.177384401 -4.972 5.06 
1397508140.196291958 -4.897 5.006 
1397508140.220580769 -4.822 4.952 
1397508140.237643437 -4.711 4.87 
1397508140.255661706 -4.6 4.788 
1397508140.273800457 -4.526 4.734 
1397508140.291897844 -4.452 4.679 
1397508140.308327705 -4.378 4.624 
1397508140.325312860 -4.305 4.569 
1397508140.351695734 -4.159 4.459 
1397508140.368559359 -4.086 4.404 
1397508140.386287919 -4.013 4.349 
1397508140.403026670 -3.941 4.293 
1397508140.420203479 -3.868 4.238 
1397508140.437455965 -3.796 4.182 
1397508140.455845079 -3.689 4.099 
1397508140.480570207 -3.581 4.015 
1397508140.499044065 -3.51 3.959 
1397508140.516368409 -3.439 3.903 
1397508140.533412387 -3.368 3.847 
1397508140.552304224 -3.262 3.763 
1397508140.569801430 -3.192 3.707 
1397508140.586180386 -3.122 3.651 
1397508140.609541240 -3.017 3.566 
1397508140.628218400 -2.947 3.51 
1397508140.644336199 -2.878 3.453 
1397508140.661469525 -2.809 3.397 
1397508140.679967599 -2.706 3.312 
1397508140.698015473 -2.637 3.256 
1397508140.714850974 -2.569 3.199 
1397508140.737989795 -2.467 3.114 
1397508140.755998777 -2.399 3.058 
1397508140.773485653 -2.331 3.001 
1397508140.792150696 -2.231 2.916 
1397508140.810085163 -2.164 2.859 
1397508140.827731457 -2.097 2.803 
1397508140.844400706 -2.031 2.746 
1397508140.867743458 -1.932 2.661 
1397508140.884308301 -1.866 2.604 
1397508140.903481084 -1.768 2.519 
1397508140.921455031 -1.703 2.462 
1397508140.938335809 -1.638 2.406 
1397508140.955797725 -1.574 2.349 
1397508140.972307890 -1.51 2.292 
1397508140.995673377 -1.414 2.207 
1397508141.012975426 -1.35 2.151 
1397508141.037229745 -1.287 2.094 
1397508141.054589209 -1.193 2.009 
1397508141.072437591 -1.099 1.925 
1397508141.091449952 -1.037 1.868 
1397508141.108372605 -0.975 1.812 
1397508141.132385345 -0.882 1.727 
1397508141.151583893 -0.791 1.643 
1397508141.168559531 -0.73 1.587 
1397508141.186500646 -0.669 1.531 
1397508141.203208761 -0.609 1.475 
1397508141.221322148 -0.549 1.419 
1397508141.247475970 -0.43 1.307 
1397508141.265738459 -0.371 1.251 
1397508141.281980891 -0.313 1.195 
1397508141.300368310 -0.254 1.14 
1397508141.317358450 -0.196 1.084 
1397508141.333940943 -0.138 1.029 
1397508141.352989430 -0.052 0.945 
1397508141.377353829 0.033 0.863 
1397508141.396292211 0.09 0.808 
1397508141.413307079 0.146 0.753 
1397508141.431910615 0.23 0.67 
1397508141.448746965 0.286 0.616 
1397508141.467918131 0.341 0.561 
1397508141.483757344 0.396 0.507 
1397508141.510485791 0.478 0.425 
1397508141.527735316 0.56 0.344 
1397508141.545588423 0.613 0.29 
1397508141.563642592 0.667 0.236 
1397508141.580331670 0.72 0.182 
1397508141.599434967 0.8 0.101 
1397508141.616479968 0.852 0.048 
1397508141.642028150 0.931 -0.032 
1397508141.660326091 0.982 -0.085 
1397508141.677715090 1.034 -0.138 
1397508141.695819529 1.111 -0.218 
1397508141.713925294 1.162 -0.27 
1397508141.730941870 1.213 -0.323 
1397508141.748316934 1.263 -0.376 
1397508141.771153717 1.338 -0.454 
1397508141.789428423 1.388 -0.507 
1397508141.807905465 1.462 -0.585 
1397508141.824535976 1.511 -0.637 
1397508141.841942948 1.559 -0.689 
1397508141.859728031 1.608 -0.74 
1397508141.876357960 1.656 -0.792 
1397508141.900281233 1.728 -0.869 
1397508141.917435146 1.775 -0.92 
1397508141.934331170 1.823 -0.971 
1397508141.953076917 1.893 -1.048 
1397508141.970672344 1.94 -1.098 
1397508141.989317657 1.986 -1.149 
1397508142.014072341 2.032 -1.199 
1397508142.032876781 2.123 -1.3 
1397508142.050465418 2.169 -1.349 
1397508142.066464443 2.214 -1.399 
1397508142.083726755 2.259 -1.449 
1397508142.101528768 2.303 -1.498 
1397508142.118191429 2.347 -1.548 
1397508142.144653781 2.435 -1.646 
1397508142.161904884 2.479 -1.695 
1397508142.180195849 2.522 -1.743 
1397508142.199131127 2.565 -1.792 
1397508142.216275867 2.629 -1.864 
1397508142.233633145 2.671 -1.912 
1397508142.251771640 2.714 -1.96 
1397508142.276058578 2.776 -2.032 
1397508142.293062335 2.818 -2.079 
1397508142.310271222 2.859 -2.127 
1397508142.327662588 2.921 -2.197 
1397508142.345528290 2.961 -2.244 
1397508142.363532569 3.002 -2.291 
1397508142.380182900 3.042 -2.337 
1397508142.406328166 3.102 -2.407 
1397508142.423834473 3.161 -2.476 
1397508142.442230621 3.201 -2.522 
1397508142.457542924 3.24 -2.567 
1397508142.474372704 3.279 -2.613 
1397508142.492746088 3.317 -2.658 
1397508142.509332655 3.355 -2.703 
1397508142.534107387 3.412 -2.77 
1397508142.551883407 3.469 -2.837 
1397508142.568019627 3.506 -2.882 
1397508142.587894998 3.544 -2.926 
1397508142.604632217 3.581 -2.97 
1397508142.621329114 3.617 -3.013 
1397508142.639167302 3.654 -3.057 
1397508142.662511398 3.708 -3.122 
1397508142.680535207 3.762 -3.186 
1397508142.699034275 3.798 -3.229 
1397508142.716313314 3.833 -3.272 
1397508142.734274789 3.868 -3.314 
1397508142.752531742 3.921 -3.377 
1397508142.769903548 3.955 -3.419 
1397508142.795730302 4.007 -3.482 
1397508142.814145544 4.041 -3.523 
1397508142.831707848 4.092 -3.585 
1397508142.849651681 4.125 -3.626 
1397508142.866397949 4.159 -3.666 
1397508142.884345456 4.192 -3.707 
1397508142.908693392 4.225 -3.747 
1397508142.925313505 4.274 -3.807 
1397508142.943679726 4.322 -3.866 
1397508142.961698595 4.354 -3.906 
1397508142.978623532 4.386 -3.945 
1397508142.997426723 4.418 -3.984 
1397508143.015970502 4.465 -4.042 
1397508143.041495877 4.512 -4.099 
1397508143.057990276 4.543 -4.137 
1397508143.074942039 4.574 -4.175 
1397508143.092476990 4.604 -4.213 
1397508143.109464691 4.634 -4.25 
1397508143.126011398 4.664 -4.288 
1397508143.144719720 4.709 -4.343 
1397508143.169265308 4.753 -4.398 
1397508143.186336608 4.783 -4.434 
1397508143.202917457 4.812 -4.47 
1397508143.218924515 4.841 -4.506 
1397508143.234605132 4.869 -4.542 
1397508143.254560809 4.898 -4.577 
1397508143.271652517 4.94 -4.63 
1397508143.296444807 4.983 -4.682 
1397508143.314104105 5.01 -4.717 
1397508143.330978697 5.038 -4.751 
1397508143.349443619 5.066 -4.785 
1397508143.367494629 5.106 -4.836 
1397508143.384603696 5.133 -4.869 
1397508143.404848132 5.16 -4.903 
1397508143.427708749 5.2 -4.953 
1397508143.445638330 5.227 -4.985 
1397508143.464336423 5.266 -5.034 
1397508143.481321880 5.293 -5.067 
1397508143.500282702 5.319 -5.099 
1397508143.516256993 5.344 -5.131 
1397508143.534358061 5.37 -5.163 
1397508143.558160946 5.408 -5.21 
1397508143.575656572 5.446 -5.257 
1397508143.593898196 5.471 -5.288 
1397508143.610777346 5.497 -5.319 
1397508143.627763248 5.521 -5.35 
1397508143.644643630 5.546 -5.381 
1397508143.661715066 5.571 -5.411 
1397508143.686611114 5.608 -5.456 
1397508143.705381289 5.644 -5.501 
1397508143.721899668 5.668 -5.531 
1397508143.738655272 5.692 -5.56 
1397508143.754929450 5.716 -5.589 
1397508143.773403051 5.74 -5.619 
1397508143.789483667 5.764 -5.648 
1397508143.814268371 5.799 -5.691 
1397508143.831819243 5.834 -5.734 
1397508143.849083730 5.857 -5.762 
1397508143.868960537 5.881 -5.79 
1397508143.887572780 5.904 -5.818 
1397508143.904755584 5.938 -5.86 
1397508143.922479981 5.961 -5.888 
1397508143.949528508 5.995 -5.929 
1397508143.967577043 6.029 -5.97 
1397508143.984549675 6.052 -5.997 
1397508144.003617060 6.074 -6.024 
1397508144.020375792 6.096 -6.051 
1397508144.038474366 6.119 -6.077 
1397508144.064298333 6.163 -6.13 
1397508144.081019265 6.185 -6.157 
1397508144.100265735 6.207 -6.183 
1397508144.117503118 6.229 -6.209 
1397508144.136211239 6.262 -6.248 
1397508144.155043975 6.283 -6.273 
1397508144.172213826 6.305 -6.299 
1397508144.195664578 6.337 -6.337 
1397508144.212171995 6.359 -6.362 
1397508144.228303004 6.38 -6.387 
1397508144.245121695 6.401 -6.412 
1397508144.263644191 6.433 -6.449 
1397508144.280951331 6.455 -6.474 
1397508144.298934268 6.476 -6.499 
1397508144.323550375 6.507 -6.535 
1397508144.342448068 6.528 -6.56 
1397508144.360439124 6.56 -6.596 
1397508144.378141734 6.58 -6.62 
1397508144.396212005 6.601 -6.644 
1397508144.413448911 6.622 -6.667 
1397508144.430578445 6.643 -6.691 
1397508144.454322911 6.673 -6.726 
1397508144.471674175 6.704 -6.761 
1397508144.490298329 6.725 -6.785 
1397508144.505915330 6.745 -6.808 
1397508144.523203588 6.766 -6.831 
1397508144.541902281 6.786 -6.854 
1397508144.559927478 6.816 -6.888 
1397508144.586162393 6.847 -6.922 
1397508144.603666574 6.867 -6.945 
1397508144.620235130 6.887 -6.967 
1397508144.638281947 6.907 -6.989 
1397508144.655835305 6.937 -7.023 
1397508144.673816990 6.957 -7.045 
1397508144.692196008 6.977 -7.067 
1397508144.716331574 7.007 -7.1 
1397508144.734058010 7.027 -7.122 
1397508144.752993029 7.056 -7.154 
1397508144.770108946 7.076 -7.176 
1397508144.788473132 7.096 -7.197 
1397508144.805457220 7.115 -7.219 
1397508144.831940997 7.154 -7.261 
1397508144.849715547 7.174 -7.283 
1397508144.866932423 7.193 -7.304 
1397508144.884696984 7.213 -7.325 
1397508144.902319294 7.232 -7.345 
1397508144.919551770 7.261 -7.377 
1397508144.937965598 7.281 -7.397 
1397508144.963648040 7.309 -7.428 
1397508144.980257624 7.329 -7.449 
1397508144.999417549 7.357 -7.479 
1397508145.017304798 7.376 -7.5 
1397508145.036254667 7.395 -7.52 
1397508145.054004265 7.414 -7.54 
1397508145.071698633 7.443 -7.57 
1397508145.096635996 7.471 -7.6 
1397508145.114260219 7.49 -7.62 
1397508145.130938208 7.509 -7.639 
1397508145.149591028 7.528 -7.659 
1397508145.167315262 7.556 -7.688 
1397508145.184730078 7.574 -7.708 
1397508145.201938970 7.593 -7.727 
1397508145.225926369 7.621 -7.756 
1397508145.243787900 7.639 -7.775 
1397508145.262116759 7.657 -7.794 
1397508145.279695282 7.685 -7.822 
1397508145.307118966 7.712 -7.851 
1397508145.325448438 7.731 -7.87 
1397508145.350320292 7.758 -7.898 
1397508145.368362654 7.785 -7.925 
1397508145.387837618 7.803 -7.944 
1397508145.404374682 7.821 -7.962 
1397508145.421465366 7.839 -7.98 
1397508145.439222266 7.866 -8.008 
1397508145.456751580 7.884 -8.026 
1397508145.481977696 7.91 -8.053 
1397508145.500338049 7.928 -8.071 
1397508145.517449731 7.946 -8.089 
1397508145.534164631 7.963 -8.106 
1397508145.552611497 7.99 -8.133 
1397508145.570044542 8.007 -8.151 
1397508145.587974850 8.024 -8.168 
1397508145.613557179 8.051 -8.194 
1397508145.631722169 8.076 -8.22 
1397508145.649722064 8.094 -8.237 
1397508145.666974862 8.111 -8.255 
1397508145.682677499 8.128 -8.272 
1397508145.700293638 8.145 -8.289 
1397508145.725100371 8.162 -8.306 
1397508145.741389201 8.187 -8.331 
1397508145.759510693 8.213 -8.356 
1397508145.776981224 8.229 -8.372 
1397508145.794313703 8.246 -8.389 
1397508145.810808489 8.263 -8.405 
1397508145.828924703 8.279 -8.422 
1397508145.855596252 8.312 -8.454 
1397508145.872434660 8.329 -8.47 
1397508145.890216139 8.345 -8.486 
1397508145.906915598 8.361 -8.502 
1397508145.924838146 8.378 -8.518 
1397508145.944058119 8.402 -8.542 
1397508145.961994600 8.418 -8.557 
1397508145.985401222 8.442 -8.58 
1397508146.002845663 8.458 -8.596 
1397508146.020219614 8.474 -8.611 
1397508146.036215111 8.489 -8.626 
1397508146.056073624 8.513 -8.649 
1397508146.073596243 8.529 -8.664 
1397508146.090909778 8.544 -8.679 
1397508146.115470439 8.567 -8.701 
1397508146.132303170 8.583 -8.716 
1397508146.150212095 8.598 -8.73 
1397508146.167960605 8.621 -8.752 
1397508146.184695307 8.636 -8.766 
1397508146.439945158 8.651 -8.78 
1397508146.465434026 8.888 -9 
1397508146.482173348 8.901 -9.012 
1397508146.508916069 8.922 -9.031 
1397508146.527577563 8.942 -9.049 
1397508146.545335818 8.955 -9.061 
1397508146.563591917 8.968 -9.072 
1397508146.580247833 8.981 -9.084 
1397508146.597297723 8.995 -9.096 
1397508146.623576141 9.02 -9.118 
1397508146.641025968 9.033 -9.13 
1397508146.658047075 9.046 -9.141 
1397508146.676320441 9.059 -9.152 
1397508146.695696165 9.071 -9.162 
1397508146.711818779 9.09 -9.179 
1397508146.729334985 9.102 -9.189 
1397508146.755819207 9.12 -9.205 
1397508146.771740887 9.132 -9.215 
1397508146.789300804 9.144 -9.225 
1397508146.807826056 9.162 -9.24 
1397508146.824420249 9.174 -9.25 
1397508146.845559406 9.186 -9.259 
1397508146.862286537 9.197 -9.269 
1397508146.886165186 9.214 -9.283 
1397508146.905536178 9.231 -9.297 
1397508146.922934319 9.243 -9.306 
1397508146.941278099 9.254 -9.315 
1397508146.959453838 9.27 -9.328 
1397508146.976281687 9.281 -9.336 
1397508146.993969043 9.292 -9.345 
1397508147.018103766 9.308 -9.357 
1397508147.035437532 9.318 -9.365 
1397508147.056004717 9.334 -9.377 
1397508147.074186223 9.344 -9.385 
1397508147.090973886 9.354 -9.392 
1397508147.108445830 9.364 -9.4 
1397508147.132562286 9.374 -9.407 
1397508147.150337126 9.389 -9.417 
1397508147.177507491 9.408 -9.431 
1397508147.194184026 9.417 -9.437 
1397508147.210334128 9.426 -9.444 
1397508147.227549239 9.436 -9.45 
1397508147.244548802 9.445 -9.456 
1397508147.269747122 9.458 -9.464 
1397508147.288889607 9.471 -9.473 
1397508147.306217418 9.48 -9.478 
1397508147.323119234 9.488 -9.483 
1397508147.340442538 9.496 -9.488 
1397508147.357662072 9.505 -9.493 
1397508147.374237372 9.513 -9.497 
1397508147.400445297 9.529 -9.506 
1397508147.418215992 9.536 -9.51 
1397508147.434235081 9.544 -9.514 
1397508147.452336532 9.551 -9.518 
1397508147.469267134 9.559 -9.521 
1397508147.486258201 9.566 -9.524 
1397508147.505031375 9.576 -9.529 
1397508147.530632041 9.587 -9.533 
1397508147.549381170 9.593 -9.536 
1397508147.566163270 9.6 -9.538 
1397508147.583515351 9.61 -9.541 
1397508147.600551197 9.616 -9.543 
1397508147.619258577 9.622 -9.545 
1397508147.636273563 9.628 -9.546 
1397508147.658454738 9.637 -9.548 
1397508147.675788231 9.643 -9.549 
1397508147.693851256 9.648 -9.549 
1397508147.711521264 9.656 -9.55 
1397508147.729257777 9.662 -9.55 
1397508147.748273657 9.667 -9.55 
1397508147.773964867 9.672 -9.55 
1397508147.791532558 9.681 -9.549 
1397508147.808705528 9.686 -9.548 
1397508147.826584178 9.69 -9.547 
1397508147.844557523 9.695 -9.546 
1397508147.862740959 9.699 -9.545 
1397508147.879866634 9.705 -9.542 
1397508147.905239048 9.711 -9.539 
1397508147.922045221 9.715 -9.537 
1397508147.939826395 9.718 -9.534 
1397508147.956634339 9.722 -9.532 
1397508147.972681523 9.725 -9.529 
1397508147.989794222 9.728 -9.526 
1397508148.007784796 9.733 -9.52 
1397508148.033160662 9.737 -9.515 
1397508148.052199188 9.739 -9.511 
1397508148.068537752 9.742 -9.506 
1397508148.085551516 9.744 -9.502 
1397508148.103527246 9.747 -9.495 
1397508148.120872182 9.749 -9.49 
1397508148.137961281 9.751 -9.484 
1397508148.163550259 9.754 -9.476 
1397508148.181043595 9.756 -9.47 
1397508148.198266240 9.757 -9.464 
1397508148.215626428 9.759 -9.455 
1397508148.232736080 9.76 -9.448 
1397508148.251881303 9.761 -9.441 
1397508148.271866453 9.762 -9.43 
1397508148.296507891 9.763 -9.419 
1397508148.314293760 9.763 -9.411 
1397508148.330377011 9.764 -9.403 
1397508148.348165530 9.764 -9.395 
1397508148.365260917 9.764 -9.387 
1397508148.383245347 9.764 -9.378 
1397508148.401740189 9.763 -9.365 
1397508148.426078955 9.763 -9.351 
1397508148.444630350 9.762 -9.341 
1397508148.461382312 9.761 -9.331 
1397508148.478239507 9.76 -9.321 
1397508148.496032703 9.759 -9.306 
1397508148.514023057 9.757 -9.295 
1397508148.531799730 9.756 -9.284 
1397508148.555047369 9.754 -9.267 
1397508148.572401049 9.752 -9.256 
1397508148.589379163 9.75 -9.244 
1397508148.606244191 9.748 -9.232 
1397508148.623803627 9.745 -9.214 
1397508148.641378970 9.742 -9.201 
1397508148.659682129 9.74 -9.188 
1397508148.682396180 9.736 -9.169 
1397508148.700277728 9.733 -9.155 
1397508148.717523901 9.73 -9.142 
1397508148.734000303 9.727 -9.128 
1397508148.752658679 9.722 -9.107 
1397508148.772631116 9.719 -9.092 
1397508148.796528617 9.715 -9.078 
1397508148.814251589 9.709 -9.055 
1397508148.831886772 9.703 -9.032 
1397508148.850926209 9.699 -9.016 
1397508148.868172282 9.695 -9 
1397508148.885271594 9.69 -8.984 
1397508148.903721515 9.683 -8.96 
1397508148.928065928 9.676 -8.934 
1397508149.204251089 9.671 -8.917 
1397508149.229848849 9.559 -8.578 
1397508149.248606723 9.547 -8.545 
1397508149.266917909 9.539 -8.523 
1397508149.284190600 9.531 -8.501 
1397508149.311617201 9.514 -8.455 
1397508149.328391078 9.505 -8.432 
1397508149.347477516 9.496 -8.409 
1397508149.365364174 9.487 -8.386 
1397508149.381725680 9.478 -8.362 
1397508149.399734756 9.464 -8.326 
1397508149.416598011 9.455 -8.302 
1397508149.441225906 9.44 -8.265 
1397508149.457712039 9.43 -8.24 
1397508149.476237236 9.42 -8.215 
1397508149.495464168 9.405 -8.177 
1397508149.511909799 9.394 -8.151 
1397508149.530233966 9.384 -8.125 
1397508149.548900822 9.373 -8.099 
1397508149.574301959 9.357 -8.06 
1397508149.591799803 9.34 -8.02 
1397508149.610365537 9.328 -7.993 
1397508149.625856289 9.317 -7.966 
1397508149.644638282 9.305 -7.938 
1397508149.663552752 9.287 -7.897 
1397508149.680438069 9.275 -7.869 
1397508149.705308927 9.257 -7.827 
1397508149.723519423 9.245 -7.798 
1397508149.741382344 9.232 -7.77 
1397508149.759833563 9.213 -7.726 
1397508149.776485387 9.2 -7.697 
1397508149.794348723 9.187 -7.668 
1397508149.810578585 9.173 -7.638 
1397508149.834991018 9.153 -7.594 
1397508149.854622878 9.139 -7.564 
1397508149.871860816 9.119 -7.519 
1397508149.890610155 9.104 -7.488 
1397508149.906596346 9.09 -7.457 
1397508149.924158415 9.076 -7.427 
1397508149.949973902 9.061 -7.396 
1397508149.967901418 9.032 -7.333 
1397508149.984627090 9.017 -7.302 
1397508150.001830761 9.002 -7.27 
1397508150.020030523 8.986 -7.238 
1397508150.040161770 8.971 -7.206 
1397508150.063375391 8.94 -7.141 
1397508150.089470152 8.916 -7.092 
1397508150.106474660 8.9 -7.059 
1397508150.122495698 8.883 -7.026 
1397508150.141690083 8.867 -6.993 
1397508150.159608168 8.842 -6.943 
1397508150.177323148 8.825 -6.91 
1397508150.196033503 8.808 -6.876 
1397508150.219681318 8.782 -6.825 
1397508150.236297586 8.765 -6.791 
1397508150.253779873 8.747 -6.757 
1397508150.271577244 8.721 -6.705 
1397508150.290243971 8.703 -6.67 
1397508150.308685346 8.685 -6.635 
1397508150.332479193 8.667 -6.6 
1397508150.349797754 8.639 -6.548 
1397508150.367662174 8.611 -6.495 
1397508150.384640496 8.592 -6.459 
1397508150.401803014 8.573 -6.424 
1397508150.420970761 8.554 -6.388 
1397508150.439184948 8.535 -6.352 
1397508150.463839934 8.496 -6.28 
1397508150.481823273 8.476 -6.243 
1397508150.726217163 8.163 -5.684 
1397508150.743983925 8.13 -5.626 
1397508150.761840400 8.108 -5.588 
1397508150.779713312 8.086 -5.55 
1397508150.796609546 8.063 -5.511 
1397508150.813268487 8.041 -5.472 
1397508150.830197304 8.018 -5.434 
1397508150.853967651 7.983 -5.375 
1397508150.871977999 7.948 -5.317 
1397508150.890374103 7.925 -5.278 
1397508150.906609108 7.902 -5.239 
1397508150.922761709 7.878 -5.199 
1397508150.941504000 7.854 -5.16 
1397508150.964034860 7.818 -5.101 
1397508150.986987374 7.782 -5.042 
1397508151.004145360 7.758 -5.002 
1397508151.020490885 7.733 -4.962 
1397508151.038505785 7.708 -4.923 
1397508151.056593669 7.671 -4.863 
1397508151.073904318 7.646 -4.823 
1397508151.100526825 7.621 -4.783 
1397508151.117363674 7.583 -4.723 
1397508151.134919428 7.558 -4.683 
1397508151.153719146 7.52 -4.623 
1397508151.170993667 7.494 -4.582 
1397508151.188329130 7.468 -4.542 
1397508151.206231831 7.442 -4.502 
1397508151.231494340 7.39 -4.421 
1397508151.249004545 7.363 -4.38 
1397508151.266347577 7.337 -4.34 
1397508151.283871493 7.31 -4.299 
1397508151.301969306 7.284 -4.259 
1397508151.319854652 7.243 -4.198 
1397508151.337123985 7.216 -4.157 
1397508151.361236418 7.175 -4.096 
1397508151.377850471 7.148 -4.056 
1397508151.394230816 7.121 -4.015 
1397508151.410496735 7.093 -3.974 
1397508151.427995028 7.065 -3.934 
1397508151.445653580 7.037 -3.893 
1397508151.463588819 6.996 -3.832 
1397508151.488848712 6.953 -3.77 
1397508151.505874298 6.925 -3.73 
1397508151.522503048 6.897 -3.689 
1397508151.541923687 6.868 -3.648 
1397508151.559603156 6.825 -3.587 
1397508151.576630898 6.797 -3.546 
1397508151.594269268 6.768 -3.505 
1397508151.617188726 6.724 -3.444 
1397508151.633738810 6.695 -3.403 
1397508151.652617773 6.666 -3.362 
1397508151.670960000 6.637 -3.322 
1397508151.689360322 6.592 -3.261 
1397508151.706049411 6.563 -3.22 
1397508151.722364653 6.533 -3.179 
1397508151.745159829 6.489 -3.118 
1397508151.765008160 6.459 -3.077 
1397508151.781745943 6.429 -3.037 
1397508151.800449216 6.384 -2.976 
1397508151.818033042 6.353 -2.935 
1397508151.834488986 6.323 -2.895 
1397508151.853932660 6.293 -2.854 
1397508151.878268127 6.247 -2.794 
1397508151.895850146 6.201 -2.733 
1397508151.913919023 6.171 -2.693 
1397508151.930893072 6.14 -2.653 
1397508151.949608060 6.109 -2.612 
1397508151.967587297 6.063 -2.552 
1397508151.985183809 6.032 -2.512 
1397508152.009686279 5.985 -2.452 
1397508152.026937698 5.954 -2.412 
1397508152.045325106 5.922 -2.372 
1397508152.063760935 5.875 -2.313 
1397508152.080002039 5.844 -2.273 
1397508152.100008934 5.812 -2.233 
1397508152.116241312 5.781 -2.194 
1397508152.139670366 5.733 -2.134 
1397508152.156470150 5.702 -2.095 
1397508152.174230398 5.67 -2.055 
1397508152.191834270 5.622 -1.997 
1397508152.209618722 5.59 -1.957 
1397508152.226880368 5.559 -1.918 
1397508152.467717291 5.075 -1.343 
1397508152.485149154 5.043 -1.305 
1397508152.511648011 4.978 -1.23 
1397508152.528622331 4.946 -1.193 
1397508152.546570565 4.913 -1.156 
1397508152.564238717 4.881 -1.119 
1397508152.580497396 4.848 -1.082 
1397508152.599600753 4.8 -1.027 
1397508152.617140755 4.767 -0.99 
1397508152.641795885 4.718 -0.935 
1397508152.661433997 4.686 -0.899 
1397508152.678229803 4.654 -0.863 
1397508152.696472875 4.605 -0.809 
1397508152.713908847 4.572 -0.774 
1397508152.731029469 4.54 -0.738 
1397508152.748908550 4.508 -0.703 
1397508152.774249353 4.459 -0.65 
1397508152.792212735 4.411 -0.597 
1397508152.809899997 4.378 -0.562 
1397508152.826773274 4.346 -0.528 
1397508152.843091766 4.314 -0.493 
1397508152.860784218 4.282 -0.459 
1397508152.878498899 4.249 -0.425 
1397508152.905385881 4.185 -0.357 
1397508152.922171708 4.153 -0.323 
1397508152.939647752 4.121 -0.29 
1397508152.956264808 4.089 -0.257 
1397508152.973329918 4.057 -0.223 
1397508152.991644913 4.009 -0.174 
1397508153.008601243 3.977 -0.141 
1397508153.033653230 3.93 -0.093 
1397508153.051983560 3.898 -0.061 
1397508153.069200189 3.866 -0.029 
1397508153.087526079 3.819 0.018 
1397508153.106453032 3.787 0.05 
1397508153.124234291 3.756 0.081 
1397508153.148541099 3.725 0.112 
1397508153.166162752 3.678 0.159 
1397508153.184409572 3.631 0.204 
1397508153.203868864 3.6 0.235 
1397508153.221752562 3.568 0.265 
1397508153.239888527 3.522 0.31 
1397508153.257651403 3.491 0.339 
1397508153.281121661 3.445 0.383 
1397508153.298976036 3.414 0.413 
1397508153.316161394 3.383 0.441 
1397508153.334260456 3.353 0.47 
1397508153.351697815 3.307 0.513 
1397508153.369742112 3.277 0.541 
1397508153.386980290 3.246 0.569 
1397508153.411594968 3.201 0.61 
1397508153.428162725 3.171 0.638 
1397508153.445746315 3.141 0.665 
1397508153.463859333 3.096 0.705 
1397508153.481362768 3.067 0.731 
1397508153.499375062 3.037 0.758 
1397508153.517354962 3.007 0.784 
1397508153.542216016 2.963 0.823 
1397508153.560758144 2.92 0.861 
1397508153.577834492 2.89 0.886 
1397508153.596611540 2.861 0.911 
1397508153.613247479 2.833 0.935 
1397508153.630340603 2.804 0.96 
1397508153.649393034 2.761 0.996 
1397508153.673918217 2.718 1.032 
1397508153.691886692 2.69 1.055 
1397508153.708239558 2.662 1.079 
1397508153.725391075 2.634 1.101 
1397508153.741856905 2.606 1.124 
1397508153.759756936 2.564 1.158 
1397508153.777051885 2.536 1.18 
1397508153.802759832 2.495 1.212 
1397508153.819485440 2.468 1.233 
1397508153.836016314 2.441 1.254 
1397508154.120305813 2.414 1.275 
1397508154.147515254 1.942 1.61 
1397508154.172367365 1.918 1.626 
1397508154.189631085 1.882 1.648 
1397508154.207611572 1.847 1.67 
1397508154.225590651 1.824 1.684 
1397508154.242952591 1.801 1.698 
1397508154.260934084 1.778 1.711 
1397508154.278011754 1.755 1.725 
1397508154.303913427 1.711 1.75 
1397508154.321432854 1.688 1.763 
1397508154.341139955 1.666 1.775 
1397508154.358568239 1.634 1.792 
1397508154.376331986 1.612 1.803 
1397508154.395783555 1.591 1.814 
1397508154.412265935 1.57 1.825 
1397508154.435504144 1.539 1.841 
1397508154.454069488 1.518 1.851 
1397508154.471517728 1.487 1.865 
1397508154.488014646 1.467 1.874 
1397508154.505931067 1.447 1.883 
1397508154.522995512 1.427 1.891 
1397508154.540264405 1.408 1.9 
1397508154.563546074 1.379 1.912 
1397508154.581772864 1.359 1.919 
1397508154.600183982 1.331 1.93 
1397508154.617132134 1.312 1.936 
1397508154.634276283 1.294 1.943 
1397508154.654293532 1.275 1.949 
1397508154.672687340 1.248 1.958 
1397508154.699983500 1.221 1.966 
1397508154.718018870 1.204 1.971 
1397508154.735475244 1.178 1.977 
1397508154.753174373 1.16 1.982 
1397508154.770238437 1.143 1.985 
1397508154.787759216 1.127 1.989 
1397508154.813994476 1.11 1.992 
1397508154.832523779 1.077 1.998 
1397508154.851676188 1.061 2 
1397508154.869220632 1.045 2.002 
1397508154.885963803 1.029 2.004 
1397508154.905465839 1.006 2.006 
1397508154.922761648 0.991 2.007 
1397508154.944539603 0.968 2.008 
1397508154.963673239 0.953 2.008 
1397508154.980184400 0.939 2.008 
1397508154.998134241 0.924 2.008 
1397508155.015704947 0.903 2.007 
1397508155.033361822 0.889 2.006 
1397508155.053017951 0.875 2.004 
1397508155.077760895 0.854 2.001 
1397508155.095877382 0.834 1.998 
1397508155.113725098 0.821 1.995 
1397508155.132492358 0.808 1.992 
1397508155.149765788 0.795 1.989 
1397508155.168358029 0.776 1.984 
1397508155.184654929 0.763 1.98 
1397508155.209801752 0.745 1.973 
1397508155.226301270 0.733 1.968 
1397508155.246299226 0.721 1.963 
1397508155.264081895 0.703 1.955 
1397508155.282705784 0.692 1.949 
1397508155.301298618 0.68 1.943 
1397508155.325780361 0.669 1.937 
1397508155.344922733 0.647 1.923 
1397508155.363063808 0.637 1.915 
1397508155.378925146 0.626 1.908 
1397508155.397310991 0.616 1.9 
1397508155.414139603 0.606 1.892 
1397508155.431505124 0.591 1.879 
1397508155.457181160 0.576 1.865 
1397508155.474021149 0.566 1.855 
1397508155.493285548 0.557 1.845 
1397508155.509827351 0.548 1.835 
1397508155.527376808 0.534 1.82 
1397508155.544910416 0.525 1.809 
1397508155.562639026 0.516 1.798 
1397508155.586437221 0.503 1.78 
1397508155.605245609 0.495 1.768 
1397508155.623763043 0.483 1.75 
1397508155.641832105 0.475 1.737 
1397508155.660024645 0.467 1.724 
1397508155.677635465 0.459 1.71 
1397508155.695722323 0.448 1.69 
1397508155.722856617 0.437 1.669 
1397508155.737367848 0.43 1.654 
1397508155.754343159 0.423 1.639 
1397508155.772514173 0.416 1.624 
1397508155.790190571 0.409 1.608 
1397508155.807886386 0.399 1.584 
1397508155.825977909 0.393 1.568 
1397508155.850402304 0.384 1.543 
1397508155.870140445 0.378 1.526 
1397508155.887544730 0.369 1.5 
1397508155.907562555 0.363 1.482 
1397508155.924194344 0.357 1.464 
1397508155.940198927 0.352 1.445 
1397508155.964645328 0.347 1.426 
1397508155.980743044 0.339 1.398 
1397508155.999708932 0.331 1.368 
1397508156.019871507 0.327 1.348 
1397508156.036227510 0.322 1.328 
1397508156.053757902 0.317 1.307 
1397508156.071650098 0.311 1.276 
1397508156.096185519 0.304 1.243 
1397508156.113885149 0.3 1.221 
1397508156.132499677 0.296 1.199 
1397508156.150842939 0.293 1.177 
1397508156.167695095 0.287 1.142 
1397508156.186107030 0.283 1.119 
1397508156.204735159 0.28 1.095 
1397508156.229703536 0.275 1.06 
1397508156.248236907 0.27 1.023 
1397508156.266293329 0.267 0.998 
1397508156.283759350 0.264 0.973 
1397508156.301126367 0.262 0.947 
1397508156.319156641 0.259 0.922 
1397508156.336285781 0.255 0.883 
1397508156.361651425 0.252 0.843 
1397508156.378427721 0.249 0.816 
1397508156.396908577 0.247 0.789 
1397508156.415456164 0.244 0.748 
1397508156.431833792 0.242 0.72 
1397508156.451615553 0.24 0.692 
1397508156.477845509 0.239 0.664 
1397508156.496252111 0.235 0.606 
1397508156.513617105 0.234 0.577 
1397508156.532134602 0.233 0.547 
1397508156.549214936 0.231 0.518 
1397508156.566197035 0.23 0.488 
1397508156.583898629 0.228 0.442 
1397508156.609096194 0.227 0.396 
1397508156.626409896 0.226 0.365 
1397508156.645878195 0.225 0.334 
1397508156.663915140 0.224 0.287 
1397508156.681248168 0.224 0.255 
1397508156.702013295 0.223 0.223 
1397508156.719614364 0.223 0.174 
1397508156.743909230 0.222 0.125 
1397508156.762305761 0.222 0.092 
1397508156.779830743 0.222 0.058 
1397508156.798049876 0.222 0.025 
1397508156.815463181 0.222 -0.025 
1397508156.833771245 0.222 -0.06 
1397508156.860513669 0.223 -0.094 
1397508156.877823711 0.223 -0.146 
1397508156.896345239 0.224 -0.199 
1397508156.914306330 0.224 -0.234 
1397508156.930461164 0.225 -0.269 
1397508156.947842502 0.225 -0.305 
1397508156.966075781 0.226 -0.341 
1397508156.992331097 0.227 -0.414 
1397508157.010103476 0.228 -0.45 
1397508157.028716131 0.229 -0.487 
1397508157.047739837 0.23 -0.542 
1397508157.065386959 0.231 -0.58 
1397508157.082534431 0.232 -0.617 
1397508157.101119663 0.233 -0.655 
1397508157.125863947 0.235 -0.712 
1397508157.144270836 0.237 -0.769 
1397508157.161804726 0.238 -0.807 
1397508157.178835167 0.24 -0.846 
1397508157.197136827 0.241 -0.884 
1397508157.215981277 0.243 -0.942 
1397508157.231865135 0.244 -0.982 
1397508157.257875180 0.247 -1.041 
1397508157.275503391 0.248 -1.08 
1397508157.293275757 0.25 -1.12 
1397508157.311377853 0.252 -1.18 
1397508157.327903677 0.254 -1.22 
1397508157.346257150 0.256 -1.26 
1397508157.372291812 0.257 -1.3 
1397508157.389845744 0.26 -1.361 
1397508157.410223028 0.263 -1.422 
1397508157.436418028 0.265 -1.483 
1397508157.456462658 0.268 -1.544 
1397508157.475864807 0.27 -1.586 
1397508157.500394224 0.272 -1.627 
1397508157.517268719 0.275 -1.689 
1397508157.534317854 0.278 -1.751 
1397508157.552727974 0.28 -1.793 
1397508157.569856715 0.282 -1.835 
1397508157.587607632 0.284 -1.877 
1397508157.605876445 0.286 -1.919 
1397508157.631917240 0.29 -2.003 
1397508157.651509017 0.292 -2.045 
1397508157.670229558 0.294 -2.088 
1397508157.687731819 0.297 -2.151 
1397508157.705742309 0.299 -2.194 
1397508157.722729208 0.301 -2.236 
1397508157.739630751 0.304 -2.279 
1397508157.763520772 0.307 -2.343 
1397508157.779885630 0.309 -2.386 
1397508157.797861376 0.311 -2.429 
1397508157.815664852 0.314 -2.494 
1397508157.841661425 0.317 -2.558 
1397508157.860550978 0.319 -2.602 
1397508157.884332550 0.322 -2.645 
1397508157.904685891 0.326 -2.731 
1397508157.920236859 0.328 -2.775 
1397508157.937864400 0.33 -2.818 
1397508157.955973385 0.332 -2.861 
1397508157.977532532 0.334 -2.905 
1397508158.000070936 0.338 -2.992 
1397508158.025735577 0.341 -3.057 
1397508158.043319976 0.344 -3.101 
1397508158.060803876 0.346 -3.145 
1397508158.077974733 0.348 -3.188 
1397508158.096704011 0.351 -3.254 
1397508158.114818180 0.353 -3.297 
1397508158.132156071 0.355 -3.341 
1397508158.156496063 0.358 -3.407 
1397508158.173123810 0.36 -3.45 
1397508158.191215682 0.362 -3.494 
1397508158.208534233 0.365 -3.56 
1397508158.225816191 0.367 -3.604 
1397508158.242788912 0.369 -3.647 
1397508158.268387685 0.371 -3.691 
1397508158.287070518 0.375 -3.778 
1397508158.305233949 0.377 -3.822 
1397508158.321648300 0.379 -3.866 
1397508158.339873216 0.381 -3.909 
1397508158.356570863 0.383 -3.953 
1397508158.373625331 0.385 -3.997 
1397508158.399551680 0.389 -4.084 
1397508158.416745645 0.391 -4.127 
1397508158.433703547 0.393 -4.171 
1397508158.451447477 0.395 -4.214 
1397508158.468308976 0.397 -4.257 
1397508158.485857789 0.399 -4.3 
1397508158.505115125 0.402 -4.365 
1397508158.529786836 0.405 -4.43 
1397508158.547449341 0.407 -4.473 
1397508158.565055614 0.408 -4.516 
1397508158.582067675 0.41 -4.559 
1397508158.600362400 0.413 -4.623 
1397508158.618070257 0.415 -4.666 
1397508158.634844028 0.417 -4.708 
1397508158.660124267 0.42 -4.772 
1397508158.677326425 0.422 -4.814 
1397508158.694009540 0.423 -4.857 
1397508158.711795154 0.426 -4.92 
1397508158.729174448 0.428 -4.962 
1397508158.747478357 0.43 -5.004 
1397508158.764087751 0.432 -5.045 
1397508158.787412602 0.434 -5.108 
1397508158.806192306 0.436 -5.15 
1397508158.823817757 0.439 -5.212 
1397508158.850128132 0.441 -5.273 
1397508158.867765616 0.443 -5.314 
1397508158.885103611 0.445 -5.355 
1397508158.911500557 0.448 -5.437 
1397508158.930173864 0.45 -5.477 
1397508158.948745621 0.451 -5.517 
1397508158.966045874 0.453 -5.558 
1397508158.983433172 0.456 -5.618 
1397508159.003314127 0.457 -5.657 
1397508159.020062008 0.459 -5.697 
1397508159.043483044 0.461 -5.756 
1397508159.061206309 0.463 -5.795 
1397508159.078094442 0.465 -5.834 
1397508159.095875506 0.467 -5.893 
1397508159.113727752 0.469 -5.931 
1397508159.130334113 0.47 -5.97 
1397508159.147854681 0.472 -6.008 
1397508159.171460160 0.474 -6.065 
1397508159.187840995 0.476 -6.103 
1397508159.205213398 0.477 -6.14 
1397508159.223442778 0.479 -6.196 
1397508159.240040213 0.481 -6.233 
1397508159.260940440 0.482 -6.27 
1397508159.277061361 0.484 -6.307 
1397508159.301917016 0.486 -6.362 
1397508159.319387714 0.488 -6.416 
1397508159.338131563 0.49 -6.451 
1397508159.353667680 0.491 -6.487 
1397508159.371425648 0.492 -6.522 
1397508159.389187673 0.494 -6.557 
1397508159.408411093 0.496 -6.61 
1397508159.433201582 0.498 -6.661 
1397508159.450803104 0.499 -6.695 
1397508159.468932463 0.501 -6.729 
1397508159.485050733 0.502 -6.763 
1397508159.501782398 0.503 -6.796 
1397508159.519361499 0.505 -6.846 
1397508159.536410429 0.506 -6.879 
1397508159.561667531 0.508 -6.927 
1397508159.578787808 0.51 -6.959 
1397508159.594648694 0.511 -6.991 
1397508159.611954273 0.512 -7.023 
1397508159.629191301 0.513 -7.054 
1397508159.647781695 0.515 -7.1 
1397508159.665642089 0.516 -7.131 
1397508159.691310580 0.518 -7.176 
1397508159.709478896 0.519 -7.206 
1397508159.727405321 0.521 -7.25 
1397508159.744333185 0.522 -7.279 
1397508159.764601447 0.523 -7.308 
1397508159.781777817 0.524 -7.336 
1397508159.807572518 0.526 -7.392 
1397508159.824733971 0.527 -7.42 
1397508159.842652172 0.528 -7.447 
1397508159.858781983 0.529 -7.474 
1397508159.875778133 0.53 -7.5 
1397508159.894103574 0.531 -7.527 
1397508159.911253571 0.533 -7.565 
1397508159.936839438 0.534 -7.603 
1397508159.953361423 0.535 -7.628 
1397508159.970765752 0.536 -7.653 
1397508159.987762174 0.537 -7.677 
1397508160.004042040 0.538 -7.701 
1397508160.021174172 0.539 -7.725 
1397508160.039320110 0.54 -7.76 
1397508160.064923927 0.542 -7.794 
1397508160.082061428 0.542 -7.816 
1397508160.100196969 0.543 -7.838 
1397508160.117046884 0.544 -7.859 
1397508160.133893936 0.545 -7.88 
1397508160.151771289 0.546 -7.911 
1397508160.169646993 0.547 -7.932 
1397508160.193448749 0.548 -7.962 
1397508160.210715814 0.549 -7.981 
1397508160.227842315 0.549 -8 
1397508160.244428330 0.55 -8.019 
1397508160.263410327 0.551 -8.046 
1397508160.281418206 0.552 -8.064 
1397508160.298659616 0.552 -8.081 
1397508160.323431880 0.553 -8.106 
1397508160.339768689 0.554 -8.123 
1397508160.356453639 0.555 -8.139 
1397508160.373224439 0.555 -8.155 
1397508160.391670946 0.556 -8.177 
1397508160.409353961 0.557 -8.192 
1397508160.426396087 0.557 -8.207 
1397508160.449449639 0.558 -8.227 
1397508160.465298413 0.559 -8.241 
1397508160.482408265 0.559 -8.254 
1397508160.499940553 0.56 -8.266 
1397508160.517024801 0.56 -8.279 
1397508160.534130759 0.561 -8.291 
1397508160.551540342 0.561 -8.308 
1397508160.577043598 0.562 -8.324 
1397508160.595271677 0.563 -8.334 
1397508160.612944981 0.563 -8.344 
1397508160.629810299 0.563 -8.354 
1397508160.647489998 0.564 -8.367 
1397508160.666132598 0.564 -8.376 
1397508160.682847171 0.565 -8.384 
1397508160.707538771 0.565 -8.396 
1397508160.724533826 0.566 -8.403 
1397508160.742592429 0.566 -8.41 
1397508160.759540809 0.566 -8.419 
1397508160.777070994 0.567 -8.425 
1397508160.795594725 0.567 -8.431 
1397508160.811778781 0.567 -8.436 
1397508160.835329592 0.567 -8.443 
1397508160.853313860 0.568 -8.447 
1397508160.871430516 0.568 -8.452 
1397508160.888298023 0.568 -8.455 
1397508160.905578223 0.568 -8.458 
1397508160.923698339 0.569 -8.461 
1397508160.939704552 0.569 -8.463 
1397508160.963339641 0.569 -8.465 
1397508160.981071784 0.569 -8.466 
1397508160.999365182 0.569 -8.467 
1397508161.016305163 0.569 -8.467 
1397508161.033948852 0.569 -8.466 
1397508161.052952287 0.57 -8.466 
1397508161.070695547 0.57 -8.465 
1397508161.093681624 0.57 -8.462 
1397508161.111525135 0.57 -8.459 
1397508161.129066801 0.57 -8.456 
1397508161.147546299 0.57 -8.453 
1397508161.163931740 0.57 -8.45 
1397508161.181414267 0.57 -8.446 
1397508161.199777206 0.57 -8.44 
1397508161.225010654 0.57 -8.432 
1397508161.243435578 0.57 -8.427 
1397508161.261674961 0.569 -8.421 
1397508161.279643145 0.569 -8.412 
1397508161.297771632 0.569 -8.405 
1397508161.315796323 0.569 -8.398 
1397508161.332022367 0.569 -8.391 
1397508161.356475216 0.569 -8.379 
1397508161.374896457 0.569 -8.366 
1397508161.393110916 0.568 -8.357 
1397508161.412031496 0.568 -8.347 
1397508161.430420634 0.568 -8.338 
1397508161.448308129 0.568 -8.322 
1397508161.473045464 0.567 -8.306 
1397508161.491524264 0.567 -8.294 
1397508161.508426397 0.567 -8.283 
1397508161.524644226 0.566 -8.271 
1397508161.542017045 0.566 -8.258 
1397508161.560303265 0.566 -8.238 
1397508161.577564366 0.565 -8.225 
1397508161.601036126 0.565 -8.204 
1397508161.618780441 0.565 -8.189 
1397508161.635654620 0.564 -8.175 
1397508161.655324421 0.564 -8.152 
1397508161.673216291 0.563 -8.136 
1397508161.690388531 0.563 -8.12 
1397508161.708080257 0.562 -8.103 
1397508161.731464404 0.562 -8.077 
1397508161.749282783 0.561 -8.06 
1397508161.767676556 0.561 -8.033 
1397508161.785293558 0.56 -8.014 
1397508161.803675719 0.56 -7.995 
1397508161.820572558 