1397151534.449885851 -10.6879 6.37952 
1397151534.484472195 -10.6879 6.50045 
1397151534.520541821 -10.3413 6.37952 
1397151534.555489913 -10.1548 6.50045 
1397151534.590405407 -10.4738 6.4583 
1397151534.626363061 -10.6079 6.4583 
1397151534.663353182 -10.7437 6.4583 
1397151534.697147513 -10.7437 6.37952 
1397151534.732209067 -10.4181 6.25994 
1397151534.767264928 -10.3413 6.25994 
1397151534.802271707 -10.5522 6.37952 
1397151534.838144765 -10.6879 6.50045 
1397151534.873125586 -10.881 6.50045 
1397151534.908888920 -10.6079 6.4583 
1397151534.943931717 -10.6879 6.37952 
1397151534.978882644 -10.1548 6.37952 
1397151535.014840015 -10.4738 6.57925 
1397151535.049833741 -10.6879 6.02472 
1397151535.084747213 -10.8252 6.50045 
1397151535.120757598 -10.4738 6.3387 
1397151535.155780749 -10.4738 6.4583 
1397151535.190595569 -10.6079 6.25994 
1397151535.226724257 -10.7437 6.14168 
1397151535.261602655 -10.6079 6.50045 
1397151535.296525750 -10.4181 6.4583 
1397151535.332529154 -10.2657 6.4583 
1397151535.367610152 -10.6879 6.37952 
1397151535.402351771 -10.8252 6.37952 
1397151535.438461069 -10.8252 6.3387 
1397151535.473379499 -11.0201 6.37952 
1397151535.508335348 -10.7437 6.25994 
1397151535.544358858 -10.6079 6.3387 
1397151535.579327987 -10.7437 6.4583 
1397151535.614181995 -10.4181 6.3387 
1397151535.650154328 -10.4738 6.25994 
1397151535.685027014 -10.7437 6.41687 
1397151535.720002122 -10.7437 6.70156 
1397151535.757964341 -10.6879 6.37952 
1397151535.790874163 -10.0254 6.14168 
1397151535.826892010 -10.7437 6.25994 
1397151535.861806455 -11.0201 5.90905 
1397151535.896856597 -10.5522 6.37952 
1397151535.932746970 -10.6633 6.4583 
1397151535.967736094 -10.081 6.3387 
1397151536.002677967 -10.4181 6.25994 
1397151536.038535342 -10.4738 5.90905 
1397151536.073615310 -10.3413 6.37952 
1397151536.108560309 -10.3413 6.37952 
1397151536.144495725 -10.2857 6.4583 
1397151536.179472917 -10.3413 6.3387 
1397151536.214452660 -10.2104 5.90905 
1397151536.250263940 -10.3413 6.25994 
1397151536.285354313 -10.3413 6.25994 
1397151536.320393000 -10.3413 6.3387 
1397151536.356251170 -10.2104 6.3387 
1397151536.391225586 -10.3413 6.14168 
1397151536.426278485 -10.2857 6.37952 
1397151536.462153979 -10.2857 6.3387 
1397151536.496989173 -10.1733 6.37952 
1397151536.531932318 -10.249 6.37952 
1397151536.567995499 -10.249 6.3387 
1397151536.603010238 -9.72862 6.37952 
1397151536.637932155 -10.1166 6.3387 
1397151536.673845599 -10.1166 6.4583 
1397151536.708863033 -9.72862 6.4583 
1397151536.743778361 -9.72862 6.3387 
1397151536.779757013 -9.17505 6.37952 
1397151536.814624868 -9.54533 6.14168 
1397151536.849507039 -9.6023 5.53738 
1397151536.885612605 -9.6023 5.98776 
1397151536.920648146 -9.54533 5.90905 
1397151536.955400349 -9.06018 5.90905 
1397151536.991477013 -9.37231 5.90905 
1397151537.026495258 -9.37231 5.53738 
1397151537.062367230 -9.12417 5.90905 
1397151537.097398485 -9.00221 5.79463 
1397151537.132316538 -8.88163 5.79463 
1397151537.168109542 -8.82331 5.90905 
1397151537.203258491 -8.82331 5.24074 
1397151537.238249802 -8.64451 5.53738 
1397151537.274258658 -8.52793 5.42779 
1397151537.309140038 -8.46967 5.45873 
1397151537.344021062 -8.1228 5.53738 
1397151537.380014329 -8.23678 5.42779 
1397151537.415008319 -8.17742 5.42779 
1397151537.449897803 -8.06345 5.42779 
1397151537.485901637 -7.83921 5.45873 
1397151537.520876119 -7.60916 5.34915 
1397151537.555849598 -7.27086 5.24074 
1397151537.591721664 -6.99724 5.02731 
1397151537.626634812 -7.37878 5.02731 
1397151537.661646107 -7.20964 5.1059 
1397151537.697616275 -7.10288 5.00084 
1397151537.732503639 -6.93564 5.00084 
1397151537.767504876 -6.29932 4.8183 
1397151537.803375253 -6.43811 4.61357 
1397151537.838254306 -6.33681 4.21643 
1397151537.873279930 -6.33681 4.51277 
1397151537.909371209 -6.23654 4.49152 
1397151537.944254909 -5.74999 4.59131 
1397151537.980240108 -5.91221 4.39273 
1397151538.015132688 -5.6546 3.92885 
1397151538.050218336 -5.59014 4.19811 
1397151538.085988588 -5.4948 4.19811 
1397151538.120949316 -5.40038 4.11962 
1397151538.155999024 -5.242 4.31422 
1397151538.191956654 -5.14941 3.83486 
1397151538.226866153 -4.92662 4.00733 
1397151538.261885491 -4.67963 3.83486 
1397151538.297749441 -4.67963 3.83486 
1397151538.332622171 -4.59052 3.74179 
1397151538.367698301 -4.36842 3.74179 
1397151538.403606414 -4.23267 3.83486 
1397151538.438624870 -4.05861 3.82025 
1397151538.473630267 -4.12672 3.55833 
1397151538.509588649 -3.80342 3.46791 
1397151538.544375597 -3.71988 3.46791 
1397151538.579515787 -3.393 3.21965 
1397151538.615414083 -3.555 3.13936 
1397151538.650372478 -3.41739 2.87576 
1397151538.685376641 -3.26649 2.79485 
1397151538.721235317 -3.03587 2.87576 
1397151538.756216163 -2.57035 2.78952 
1397151538.791150042 -2.87806 2.78952 
1397151538.827204968 -2.80016 2.53552 
1397151538.862126599 -2.72292 2.70408 
1397151538.897082142 -2.58127 2.53852 
1397151538.932992592 -2.58127 2.45463 
1397151538.967938363 -2.36089 2.45463 
1397151539.002834613 -2.28177 2.12654 
1397151539.038791079 -2.13491 2.3715 
1397151539.073855220 -2.0608 2.53552 
1397151539.109879866 -2.20705 2.45463 
1397151539.144751429 -1.98729 2.04377 
1397151539.179741365 -1.76845 1.88 
1397151539.215718755 -1.55055 1.88 
1397151539.250481163 -1.54793 1.88 
1397151539.285616071 -1.62231 1.71629 
1397151539.321488633 -1.47618 1.71629 
1397151539.356346603 -1.40498 1.63679 
1397151539.391479491 -1.13152 1.56337 
1397151539.427357817 -1.33434 1.47986 
1397151539.462237109 -1.26424 1.08978 
1397151539.497288462 -1.26424 1.31077 
1397151539.533227626 -1.26424 1.23332 
1397151539.568253965 -0.838706 1.14772 
1397151539.603201681 -1.03764 0.984616 
1397151539.639330814 -0.891367 0.696573 
1397151539.674099449 -0.891367 0.83299 
1397151539.708999304 -0.960917 0.83299 
1397151539.744982735 -0.551412 0.745945 
1397151539.779969660 -0.685865 0.583301 
1397151539.814966045 -0.541057 0.346905 
1397151539.850801630 -0.608532 0.420528 
1397151539.885870760 -0.618388 0.273886 
1397151539.920842265 -0.685865 0.273886 
1397151539.956654242 -0.685865 0.00364807 
1397151539.991740084 -0.685865 -0.232277 
1397151540.026701877 -0.618388 -0.160439 
1397151540.062621305 -0.618388 -0.160439 
1397151540.097598798 -0.685865 -0.232277 
1397151540.132460017 -0.608532 -0.303538 
1397151540.168366794 -0.53058 -0.466707 
1397151540.203482474 -0.171858 -0.65415 
1397151540.239371048 -0.372785 -0.819278 
1397151540.274236700 -0.452 -1.09438 
1397151540.309365815 -0.372785 -0.957901 
1397151540.345195434 -0.372785 -1.21901 
1397151540.380205371 -0.0260033 -1.31664 
1397151540.415096645 -0.305312 -1.38462 
1397151540.451215675 -0.372785 -1.48316 
1397151540.486227261 -0.372785 -1.55063 
1397151540.521114243 -0.372785 -1.68402 
1397151540.556984781 -0.251071 -1.78349 
1397151540.591970026 -0.305312 -2.05121 
1397151540.626979508 -0.292925 -2.28399 
1397151540.662747665 -0.305312 -2.15354 
1397151540.697951956 -0.372785 -2.45182 
1397151540.732868886 -0.53058 -2.49163 
1397151540.768719615 -0.292925 -2.66147 
1397151540.803702956 -0.212412 -2.83189 
1397151540.838707430 -0.0637636 -3.06604 
1397151540.874483577 0.151537 -3.34681 
1397151540.909485816 -0.0493883 -3.51975 
1397151540.944582607 -0.0493883 -3.63156 
1397151540.980426745 -0.0493883 -3.63156 
1397151541.015465452 0.28305 -3.92045 
1397151541.050367539 -0.0493883 -4.15814 
1397151541.086228860 -0.0493883 -4.39794 
1397151541.121422008 -0.0493883 -4.27886 
1397151541.156193524 0.0331398 -4.45513 
1397151541.192251963 -0.131236 -4.75121 
1397151541.227107544 0.0180836 -4.87145 
1397151541.262232252 0.0180836 -5.0472 
1397151541.298200491 0.116358 -4.98901 
1397151541.332969468 0.132297 -5.29162 
1397151541.368990094 0.334722 -5.59918 
1397151541.403930273 0.284903 -5.59918 
1397151541.438980356 0.216924 -5.72609 
1397151541.475005309 0.148432 -5.95383 
1397151541.509875523 0.0794195 -6.21196 
1397151541.544904168 -0.0747481 -6.34317 
1397151541.580633381 0.00987843 -6.39924 
1397151541.615720627 0.0794195 -6.58766 
1397151541.650758948 0.164765 -6.88701 
1397151541.686678677 0.268111 -6.96807 
1397151541.721604769 0.181298 -7.16011 
1397151541.756579702 0.355673 -7.21451 
1397151541.792424756 0.425215 -7.69023 
1397151541.827481339 0.562725 -7.88787 
1397151541.862451165 0.443995 -7.94136 
1397151541.898344645 0.355673 -8.24553 
1397151541.933341537 0.337653 -8.23421 
1397151541.968318849 0.355673 -8.23421 
1397151542.004107133 0.630707 -8.43648 
1397151542.039235937 0.355673 -8.69287 
1397151542.074219158 0.443995 -9.05309 
1397151542.110073224 0.214973 -8.94994 
1397151542.145051303 0.232121 -9.0525 
1397151542.179985088 0.1438 -9.36738 
1397151542.215919295 0.1438 -9.52773 
1397151542.250995857 0.321211 -9.836 
1397151542.285904133 0.339349 -9.68318 
1397151542.321852609 0.339349 -10.0613 
1397151542.356695792 0.339349 -10.5674 
1397151542.392678043 0.430012 -10.9156 
1397151542.427641784 0.339349 -10.9667 
1397151542.462888949 0.593213 -11.1951 
1397151542.498582070 0.430012 -11.0931 
1397151542.533600616 0.339349 -11.2729 
1397151542.568468045 0.501746 -11.2729 
1397151542.604414233 0.501746 -11.1443 
1397151542.639474310 0.874648 -11.3241 
1397151542.674294186 0.430012 -11.0931 
1397151542.710199874 0.430012 -11.1443 
1397151542.745368930 0.521478 -11.2729 
1397151542.780198985 0.430012 -11.9646 
1397151542.816209129 0.783176 -12.0162 
1397151542.851225344 0.593213 -12.0676 
1397151542.886214910 0.430012 -12.2198 
1397151542.922096864 0.713629 -12.0162 
1397151542.956995396 0.756674 -11.8267 
1397151542.991977176 0.613758 -11.8267 
1397151543.027981016 0.488215 -12.0162 
1397151543.062857184 0.582156 -12.1694 
1397151543.097980924 0.655622 -11.9646 
1397151543.133853862 0.728504 -11.9127 
1397151543.168585273 0.943732 -11.6711 
1397151543.203698919 1.03853 -11.4317 
1397151543.239689840 0.872551 -11.4317 
1397151543.274601614 0.655622 -11.2997 
1397151543.309593821 0.750414 -11.379 
1397151543.345528358 0.655622 -11.5658 
1397151543.380544469 0.582156 -11.0882 
1397151543.415329702 1.01436 -10.9062 
1397151543.451421536 0.943732 -10.7266 
1397151543.486340482 0.943732 -10.3877 
1397151543.522315270 0.943732 -10.3743 
1397151543.557319345 0.602888 -10.1583 
1397151543.592236396 0.582156 -9.59205 
1397151543.628069813 1.15401 -9.42582 
1397151543.663156514 0.943732 -9.15126 
1397151543.698179190 1.03853 -8.93347 
1397151543.734102398 0.943732 -8.87744 
1397151543.769100768 0.943732 -8.61525 
1397151543.803938429 0.9905 -8.34674 
1397151543.839967290 0.508098 -8.23302 
1397151543.874792394 0.943732 -8.17561 
1397151543.909910120 0.943732 -7.96362 
1397151543.945851288 0.800811 -7.84696 
1397151543.980686984 0.943732 -7.78805 
1397151544.015678585 0.895606 -7.21765 
1397151544.051648418 0.728504 -7.27729 
1397151544.086561610 0.895606 -7.01068 
1397151544.121593496 0.433438 -6.8894 
1397151544.157571593 0.63456 -7.01068 
1397151544.192449140 0.63456 -6.6213 
1397151544.227453233 0.655622 -6.41576 
1397151544.263377953 0.967348 -6.02123 
1397151544.298211064 0.655622 -6.08509 
1397151544.333176401 0.655622 -6.00836 
1397151544.369253336 0.676947 -5.8921 
1397151544.404157307 0.205759 -5.34571 
1397151544.439107574 0.655622 -5.14417 
1397151544.475138170 0.728504 -5.07749 
1397151544.509996102 0.750414 -5.21035 
1397151544.546012665 0.676947 -4.8744 
1397151544.580859775 0.655622 -4.60264 
1397151544.615935729 0.706865 -4.33956 
1397151544.651822378 0.582156 -4.14041 
1397151544.686822453 0.300546 -3.99923 
1397151544.721898334 0.676947 -3.47613 
1397151544.757694418 0.602888 -3.33043 
1397151544.792588191 0.339499 -3.01033 
1397151544.827698005 0.358168 -3.05851 
1397151544.863579738 0.358168 -2.86105 
1397151544.898583125 0.655622 -2.70926 
1397151544.933720521 0.358168 -2.6324 
1397151544.969560995 -0.106802 -2.35554 
1397151545.004487312 0.358168 -2.03812 
1397151545.039306886 0.377065 -1.7975 
1397151545.075280308 0.750414 -1.71587 
1397151545.110333644 0.358168 -1.48222 
1397151545.145320588 0.358168 -1.52969 
1397151545.181174112 0.205759 -0.919481 
1397151545.216147045 0.128602 -0.834124 
1397151545.251146995 -0.106802 -0.635262 
1397151545.287182817 0.0507957 -0.43673 
1397151545.322217440 -0.0276687 -0.499307 
1397151545.357060788 0.145581 0.0488714 
1397151545.392964426 -0.0431415 0.338563 
1397151545.427951742 0.0507957 0.537833 
1397151545.462936261 -0.0276687 0.644085 
1397151545.498730349 0.0671165 0.761561 
1397151545.533744278 -0.253529 1.13492 
1397151545.568787484 -0.0918278 1.13492 
1397151545.604576932 -0.0766829 1.32713 
1397151545.639703388 0.117237 1.73159 
1397151545.675666105 0.0198346 2.03007 
1397151545.710514597 0.0360369 2.0302 
1397151545.745426629 0.117237 2.33481 
1397151545.781554838 -0.143275 2.538 
1397151545.816431387 -0.282537 2.73433 
1397151545.851351064 0.0360369 2.94498 
1397151545.887653568 0.197737 3.14882 
1397151545.922339047 -0.211867 3.14882 
1397151545.957148648 -0.380837 3.35296 
1397151545.993106350 -0.393378 3.7622 
1397151546.028121895 -0.650285 3.96739 
1397151546.063138843 -0.225906 4.08028 
1397151546.099173557 -0.62978 4.30976 
1397151546.134178593 -0.211867 4.08028 
1397151546.169022959 -0.295975 4.82025 
1397151546.204800993 -0.380837 4.91065 
1397151546.239960418 -0.380837 4.93954 
1397151546.274929622 -0.183327 4.91065 
1397151546.310817329 -0.43043 4.76557 
1397151546.345862125 -0.699389 5.45121 
1397151546.380828378 -0.689661 5.66283 
1397151546.416543418 -0.342428 5.7503 
1397151546.451646806 -0.342428 5.7503 
1397151546.486710375 -0.32936 6.08824 
1397151546.522536334 -0.608898 6.43137 
1397151546.557573420 -0.689661 6.51679 
1397151546.592430670 -0.89088 6.60151 
1397151546.628431047 -0.689661 6.51679 
1397151546.663305729 -0.689661 6.64758 
1397151546.698311184 -0.32936 6.73233 
1397151546.734314182 -0.43043 6.9986 
1397151546.769306578 -0.587637 7.08271 
1397151546.805195554 -0.484652 7.38451 
1397151546.840167971 -0.380691 7.60387 
1397151546.875063166 -0.0204029 7.46666 
1397151546.911190467 -0.275741 7.46666 
1397151546.946097991 -0.461044 7.33106 
1397151546.981079704 -0.275741 7.96486 
1397151547.016930803 -0.380691 8.0255 
1397151547.051973373 -0.109219 8.25111 
1397151547.086806885 -0.367951 8.41251 
1397151547.122741237 -0.380691 7.84658 
1397151547.157667109 -0.380691 8.3482 
1397151547.192653577 -0.275741 8.49229 
1397151547.228868651 0.045196 8.57145 
1397151547.263681397 -0.0470126 8.49229 
1397151547.298588415 0.045196 8.06521 
1397151547.334431288 0.136536 8.49229 
1397151547.369554317 0.045196 8.42734 
1397151547.404416836 0.045196 8.65002 
1397151547.440447025 0.245595 8.80538 
1397151547.475299080 0.405485 8.80538 
1397151547.510339905 0.425728 8.66118 
1397151547.546274167 0.689754 9.0282 
1397151547.581165601 0.514547 9.24872 
1397151547.616221958 0.735887 9.47713 
1397151547.652171875 0.735887 9.09912 
1397151547.687248067 1.19549 8.95135 
1397151547.722157452 1.22328 8.95135 
1397151547.758033236 1.10984 8.66118 
1397151547.793036933 1.30893 8.8822 
1397151547.828944295 1.30893 8.8822 
1397151547.863942695 1.56134 8.8822 
1397151547.898813642 1.62412 8.95845 
1397151547.934721780 1.90857 8.60645 
1397151547.969819451 2.07321 8.96495 
1397151548.004708794 2.23503 8.96495 
1397151548.040565545 2.66867 9.10927 
1397151548.075643026 2.63158 9.10927 
1397151548.110577576 2.59078 8.13457 
1397151548.146768149 2.59078 9.10927 
1397151548.181513667 3.1385 9.10927 
1397151548.216385045 3.26036 9.18387 
1397151548.252258422 3.41054 9.03952 
1397151548.287318089 3.60789 8.68151 
1397151548.322364367 3.75453 9.18387 
1397151548.358327350 3.82699 8.96495 
1397151548.393806693 3.84702 8.96495 
1397151548.428119301 4.16554 8.82237 
1397151548.464190644 4.55856 8.68151 
1397151548.499026466 4.8933 8.47924 
1397151548.534128557 5.02825 8.54232 
1397151548.569998509 5.16125 8.00184 
1397151548.605075086 5.35722 8.26888 
1397151548.639939945 5.61871 8.20897 
1397151548.675974599 6.25497 8.00184 
1397151548.710760122 6.26609 7.87064 
1397151548.745683878 6.38942 7.87064 
1397151548.781710259 6.51111 7.8153 
1397151548.816660892 6.76721 7.21064 
1397151548.851663302 6.98246 7.08683 
1397151548.887690073 7.08208 6.96441 
1397151548.922483218 7.45257 6.96441 
1397151548.958404109 7.9055 7.13471 
1397151548.993491273 7.985 6.76751 
1397151549.028359042 8.20167 6.52949 
1397151549.064346509 8.39756 6.33607 
1397151549.099227163 8.79342 6.22032 
1397151549.134266337 9.14943 6.22032 
1397151549.171613036 9.30288 6.18218 
1397151549.205058322 9.40381 6.57142 
1397151549.240115258 9.75195 5.9926 
1397151549.276127147 10.0979 5.84606 
1397151549.311167728 10.336 5.58327 
1397151549.346035416 10.5828 5.69289 
1397151549.381973107 10.6755 5.1059 
1397151549.416768379 10.9224 5.31936 
1397151549.451798940 11.2156 5.24074 
1397151549.487867142 11.3054 5.45873 
1397151549.522795999 11.8025 5.02731 
1397151549.557848312 12.0963 4.61357 
1397151549.593860913 12.3109 4.89687 
1397151549.628668145 12.5605 4.63624 
1397151549.663563896 12.851 4.45464 
1397151549.699625683 12.8919 4.37423 
1397151549.734561363 13.3902 4.29319 
1397151549.769539492 13.4702 4.39498 
1397151549.805562711 13.6673 3.99396 
1397151549.840363954 13.8605 3.89622 
1397151549.875412984 14.2827 3.88043 
1397151549.911292478 14.4337 3.89622 
1397151549.946256320 14.759 3.63551 
1397151549.982286239 14.6927 3.3619 
1397151550.017147603 14.8377 3.3619 
1397151550.052162522 14.9095 3.6493 
1397151550.088186758 15.2282 2.99924 
1397151550.123164036 15.7637 2.90801 
1397151550.158039397 15.7983 2.90801 
1397151550.194004610 16.1537 2.55523 
1397151550.228927359 16.2553 2.38246 
1397151550.263914183 16.3892 2.56275 
1397151550.299906527 16.7407 2.47636 
1397151550.334839519 16.9298 2.65309 
1397151550.369680407 17.3482 1.95359 
1397151550.405687826 17.5104 2.12344 
1397151550.440641490 17.5746 2.20981 
1397151550.475647042 17.67 2.12344 
1397151550.511629369 17.6013 1.86723 
1397151550.547863009 17.8892 1.44306 
1397151550.581409494 17.9817 1.60376 
1397151550.617503127 18.0123 1.77376 
1397151550.652340247 17.9991 1.51992 
1397151550.687450952 18.164 1.51992 
1397151550.723242766 18.4216 1.18357 
1397151550.758291305 18.3134 1.51992 
1397151550.793170361 18.343 1.51992 
1397151550.829172723 18.3725 1.34751 
1397151550.864168627 18.4896 1.43059 
1397151550.899204342 18.4896 1.43684 
1397151550.935186503 18.5186 1.10268 
1397151550.970111223 18.5476 1.10268 
1397151551.004934639 18.5764 1.43059 
1397151551.040780617 18.6052 1.43684 
1397151551.075889143 18.6052 1.51992 
1397151551.111793166 18.6625 1.43059 
1397151551.146759861 18.691 1.27289 
1397151551.181789953 18.7195 0.95356 
1397151551.217811693 18.7195 1.10268 
1397151551.252496169 18.9176 1.10268 
1397151551.287639807 18.8324 1.02251 
1397151551.323666178 18.7195 1.11182 
1397151551.358537405 18.691 0.786145 
1397151551.393516116 18.946 1.11182 
1397151551.429395920 18.6625 1.03235 
1397151551.464831491 18.7195 1.11182 
1397151551.499329952 18.7455 1.02251 
1397151551.535161006 18.5476 0.875453 
1397151551.570301119 18.1014 0.86425 
1397151551.605263684 17.8529 1.10268 
1397151551.641140185 17.8821 1.10268 
1397151551.676129655 17.5773 1.02251 
1397151551.710997918 17.7355 0.875453 
1397151551.747081993 17.4589 1.10268 
1397151551.781996132 17.5566 1.11182 
1397151551.816905566 17.1539 1.02251 
1397151551.852740121 17.0934 1.02251 
1397151551.887896296 16.8194 1.28055 
1397151551.922848386 16.547 1.28817 
1397151551.958713851 16.5161 1.37523 
1397151551.993729833 16.4851 1.37523 
1397151552.028772884 16.3286 1.29575 
1397151552.064584674 15.8803 1.37523 
1397151552.099633870 15.6752 1.45542 
1397151552.134670477 15.3434 1.37523 
1397151552.170476518 15.2458 1.13884 
1397151552.205532406 15.213 1.53632 
1397151552.241541186 14.9453 1.46156 
1397151552.276409286 14.6453 1.45542 
1397151552.311396210 14.2509 1.45542 
1397151552.347381518 14.115 1.39566 
1397151552.382268281 13.8514 1.71629 
1397151552.417159927 13.5538 1.63208 
1397151552.453434181 13.2425 1.71629 
1397151552.488140841 12.9947 1.7203 
1397151552.523136431 12.8866 1.79648 
1397151552.559155410 12.6246 1.7998 
1397151552.594127476 12.2141 1.63679 
1397151552.628904617 11.8468 1.63679 
1397151552.664942633 11.7664 2.04377 
1397151552.699809736 11.3621 2.04502 
1397151552.734872863 11.1813 2.20747 
1397151552.770869398 10.824 2.28912 
1397151552.805819367 10.785 2.3715 
1397151552.840772565 10.7266 2.3715 
1397151552.876682671 10.2344 2.45238 
1397151552.911624074 9.93811 2.3715 
1397151552.946677066 9.77339 2.45463 
1397151552.982491480 9.38406 2.20747 
1397151553.017541487 8.99893 2.3715 
1397151553.052483579 8.74008 2.45463 
1397151553.088263058 8.61315 2.3715 
1397151553.123244312 8.18693 2.53552 
1397151553.158204903 7.8844 2.12654 
1397151553.194283397 7.83895 2.45238 
1397151553.229285134 7.45953 2.3715 
1397151553.265144466 7.15396 2.45463 
1397151553.300145519 6.94155 2.69967 
1397151553.335035988 6.45181 2.61224 
1397151553.370170709 6.14376 3.02844 
1397151553.405909237 5.88295 3.02844 
1397151553.441010742 5.87182 2.94942 
1397151553.476836549 5.35182 2.78952 
1397151553.511934034 5.14498 2.87576 
1397151553.546810006 4.61442 2.78952 
1397151553.582757975 4.35322 2.78952 
1397151553.617799063 4.35322 2.79485 
1397151553.652639555 3.97802 2.70862 
1397151553.688637336 3.55207 2.45463 
1397151553.723635611 3.33845 2.78952 
1397151553.758380360 3.22276 2.70862 
1397151553.794481262 2.85047 2.79485 
1397151553.829462544 2.65808 2.87576 
1397151553.864308604 2.22872 2.78952 
1397151553.900386362 1.95095 2.70862 
1397151553.935367178 1.73343 2.79485 
1397151553.970158418 1.27027 2.96975 
1397151554.006150880 1.20567 2.96975 
1397151554.040991841 0.919979 2.97686 
1397151554.076099750 0.610617 2.89463 
1397151554.112037500 0.30227 2.81173 
1397151554.147107773 0.00987843 2.46198 
1397151554.181927008 -0.299365 2.72815 
1397151554.217878150 -0.453759 2.81173 
1397151554.252776002 -0.689879 2.81173 
1397151554.288904363 -1.14432 2.63949 
1397151554.323775129 -1.29428 2.46464 
1397151554.358631582 -1.6038 2.81765 
1397151554.394786421 -1.8395 2.81765 
1397151554.429732087 -1.76245 2.55893 
1397151554.464489843 -2.38978 2.56275 
1397151554.500609910 -2.62923 2.20981 
1397151554.535489141 -2.93702 2.47326 
1397151554.570516462 -3.4227 2.65309 
1397151554.606509507 -3.24045 2.6579 
1397151554.641383090 -3.74168 2.57077 
1397151554.676352360 -3.99061 2.30139 
1397151554.712293609 -4.0618 2.57498 
1397151554.747261594 -4.47486 2.48636 
1397151554.782259699 -4.82474 2.39698 
1397151554.818231381 -5.05786 2.48993 
1397151554.853121366 -5.31944 2.39698 
1397151554.888114129 -5.48533 2.21589 
1397151554.923909864 -5.98629 2.21589 
1397151554.959224651 -6.21989 2.12417 
1397151554.993958882 -6.59821 2.03163 
1397151555.030020042 -6.89735 2.03163 
1397151555.064876335 -6.89735 1.93828 
1397151555.099824351 -7.19384 1.84409 
1397151555.135831700 -7.58656 1.65704 
1397151555.170602834 -7.58656 1.93579 
1397151555.205790665 -8.1122 2.0303 
1397151555.241721514 -7.94361 1.93579 
1397151555.276744277 -8.46718 1.83586 
1397151555.311608973 -8.82609 1.55167 
1397151555.347503750 -9.06581 1.64165 
1397151555.382395724 -9.43034 1.63783 
1397151555.418468651 -9.23979 1.53744 
1397151555.453519120 -9.91308 1.33381 
1397151555.488330917 -10.0988 0.864805 
1397151555.524353745 -10.4961 1.33381 
1397151555.559228355 -10.6879 1.33381 
1397151555.594260337 -10.4517 1.23055 
1397151555.630291725 -11.0464 1.02106 
1397151555.665147787 -11.5235 0.819177 
1397151555.700093338 -11.776 1.20741 
1397151555.736149085 -11.8297 1.20741 
1397151555.771122219 -11.936 0.893256 
1397151555.805999655 -12.3358 0.882339 
1397151555.841995983 -12.4334 0.871325 
1397151555.876801266 -12.7938 0.971818 
1397151555.911827250 -12.6416 0.759722 
1397151555.947871511 -13.0504 0.660238 
1397151555.982908364 -13.4156 0.533144 
1397151556.017832135 -13.4662 0.418133 
1397151556.053603497 -13.7769 0.418133 
1397151556.088593670 -14.2031 0.418133 
1397151556.123500107 -14.37 0.103983 
1397151556.159482739 -14.5884 0.301949 
1397151556.194455516 -14.8576 0.0659828 
1397151556.229248723 -14.686 -0.0538386 
1397151556.265354899 -15.5315 -0.0538386 
1397151556.300281993 -15.5315 0.1296 
1397151556.336101946 -15.6269 0.00725305 
1397151556.371299121 -15.6269 -0.0128022 
1397151556.406269429 -15.4953 -0.264048 
1397151556.442094218 -16.3204 -0.137757 
1397151556.477083187 -16.5097 -0.571673 
1397151556.512083371 -16.603 -0.264048 
1397151556.548299198 -16.8876 -0.416074 
1397151556.582886105 -16.4106 -0.52073 
1397151556.617981686 -17.3719 -0.678373 
1397151556.653917576 -17.6181 -0.989176 
1397151556.688912650 -17.6635 -0.678373 
1397151556.723766648 -17.9124 -0.783033 
1397151556.759743241 -18.0468 -0.783033 
1397151556.794762494 -18.0022 -0.783033 
1397151556.829632208 -18.9371 -0.733886 
1397151556.865590730 -18.5079 -0.870175 
1397151556.900650530 -18.9371 -0.90002 
1397151556.935409437 -19.0257 -1.00799 
1397151556.971951638 -18.7652 -0.90002 
1397151557.006234373 -19.0257 -0.790915 
1397151557.041366781 -19.0696 -0.90002 
1397151557.077392109 -19.333 -0.930276 
1397151557.112256095 -19.8696 -1.22061 
1397151557.147266799 -20.0996 -1.03939 
1397151557.183236106 -20.0996 -1.32288 
1397151557.218145389 -19.42 -1.32288 
1397151557.254121250 -19.6864 -1.18033 
1397151557.289062305 -20.2291 -1.18033 
1397151557.324069387 -20.2291 -1.46707 
1397151557.359900069 -20.4628 -1.46707 
1397151557.394986318 -19.815 -1.35794 
1397151557.429883890 -20.5483 -1.46707 
1397151557.465738623 -20.2719 -1.46707 
1397151557.500809347 -20.7858 -1.35794 
1397151557.535738741 -20.5908 -1.13623 
1397151557.571674176 -20.9128 -1.02359 
1397151557.606589453 -21.1119 -1.02359 
1397151557.641635031 -21.3993 -1.02359 
1397151557.677528503 -20.9128 -1.02359 
1397151557.712393539 -21.4833 -1.02359 
1397151557.747500440 -21.238 -1.35794 
1397151557.783373781 -21.2797 -1.02359 
1397151557.818391223 -21.3212 -1.02359 
1397151557.853382397 -20.6075 -1.02359 
1397151557.889275736 -21.525 -1.02359 
1397151557.924319195 -22.0274 -1.35794 
1397151557.959265176 -21.8159 -0.794696 
1397151557.995101186 -21.6492 -0.678388 
1397151558.030102347 -21.6902 -0.706622 
1397151558.065117060 -21.9397 -0.560815 
1397151558.101093804 -21.731 -0.909758 
1397151558.135863381 -21.9806 -0.560815 
1397151558.170860117 -21.7717 -0.416665 
1397151558.206854911 -21.7717 -0.416665 
1397151558.242031407 -21.8122 -0.416665 
1397151558.277781601 -22.1022 -0.155288 
1397151558.312712624 -21.8926 0.227291 
1397151558.347609608 -22.356 0.350139 
1397151558.383611987 -22.1424 0.489488 
1397151558.418482169 -22.1424 0.489488 
1397151558.453636671 -21.8926 0.489488 
1397151558.489438768 -21.3645 0.866381 
1397151558.524445537 -22.7343 0.489488 
1397151558.559420561 -22.7742 0.489488 
1397151558.595234641 -22.7742 0.763578 
1397151558.630380119 -23.303 0.775511 
1397151558.665329223 -22.012 1.02261 
1397151558.701702299 -22.7742 1.28158 
1397151558.736130959 -23.0365 0.898371 
1397151558.771211551 -23.0762 1.54055 
1397151558.806990962 -22.5951 1.53716 
1397151558.842124499 -22.3801 1.66715 
1397151558.877080489 -23.1945 1.92957 
1397151558.913097378 -23.2336 1.67302 
1397151558.948004928 -23.1945 1.92783 
1397151558.982940496 -23.4614 1.92866 
1397151559.018868532 -23.4614 2.05638 
1397151559.053831957 -23.2336 2.18641 
1397151559.088871128 -23.4614 2.70248 
1397151559.124731678 -23.2336 2.82626 
1397151559.159750751 -23.3113 3.20468 
1397151559.194701995 -23.2725 2.68409 
1397151559.230752505 -23.0098 3.08342 
1397151559.265487141 -23.3113 3.47879 
1397151559.300521731 -23.3499 3.85721 
1397151559.336579095 -23.3499 3.71767 
1397151559.371469262 -23.6171 3.30879 
1397151559.406509878 -23.6556 4.11607 
1397151559.442523490 -23.3883 4.11607 
1397151559.477359508 -22.3612 4.49085 
1397151559.512222958 -23.3499 4.46208 
1397151559.548342355 -23.6171 4.83013 
1397151559.583240783 -23.3499 4.60506 
1397151559.618290206 -23.3499 4.71815 
1397151559.654099701 -23.4266 5.0858 
1397151559.689129190 -23.3499 5.19564 
1397151559.725180442 -23.3499 5.3422 
1397151559.760443648 -22.5737 5.59939 
1397151559.794997412 -23.3883 5.49055 
1397151559.830993669 -23.6171 5.85743 
1397151559.865968070 -23.3499 6.07005 
1397151559.900843361 -23.3499 6.17487 
1397151559.936832724 -22.6119 6.17487 
1397151559.971614601 -23.3883 6.32704 
1397151560.006738148 -23.3499 6.08269 
1397151560.042762855 -23.3499 6.78997 
1397151560.077573811 -23.8886 7.04716 
1397151560.112613696 -23.087 7.04716 
1397151560.148669879 -23.6171 7.20524 
1397151560.183571244 -23.6556 6.73685 
1397151560.218542173 -23.3499 7.4048 
1397151560.254475178 -23.6171 7.44259 
1397151560.289226416 -23.6556 7.60081 
1397151560.324366048 -23.6171 7.60081 
1397151560.360355571 -23.2725 7.69751 
1397151560.395231384 -23.2725 7.79337 
1397151560.430092464 -23.5005 7.8884 
1397151560.466241447 -23.2336 7.66784 
1397151560.501111140 -23.4614 8.14297 
1397151560.536172428 -23.4614 8.46987 
1397151560.572117355 -23.5005 8.56337 
1397151560.608453363 -23.422 8.56337 
1397151560.642084259 -23.1158 8.16858 
1397151560.678018150 -23.0762 9.00592 
1397151560.712838873 -23.0762 9.00592 
1397151560.747862375 -22.3016 9.00592 
1397151560.783868811 -23.303 9.00592 
1397151560.818698153 -22.4364 9.18602 
1397151560.854671619 -22.4364 9.10805 
1397151560.889477775 -22.6541 9.36315 
1397151560.924453343 -21.9326 9.36315 
1397151560.960552694 -22.1022 9.45063 
1397151560.995486809 -22.0618 9.28365 
1397151561.030490372 -21.9806 9.45063 
1397151561.066476807 -21.731 9.5374 
1397151561.101219346 -21.7717 9.70885 
1397151561.136266922 -21.731 9.79356 
1397151561.172355001 -21.608 9.70885 
1397151561.207188292 -21.3212 9.70885 
1397151561.242057306 -21.5666 9.87759 
1397151561.278234477 -20.8004 9.46563 
1397151561.313040572 -20.7171 10.0437 
1397151561.347976555 -20.6752 10.0437 
1397151561.384046867 -19.7602 10.0437 
1397151561.419077380 -20.3145 9.71127 
1397151561.453979176 -20.5057 9.38725 
1397151561.489861327 -20.0417 9.79326 
1397151561.524780362 -19.7723 9.54823 
1397151561.559897175 -19.2864 9.38725 
1397151561.595655866 -19.42 9.38725 
1397151561.630723232 -19.1134 8.99814 
1397151561.665711469 -18.8533 9.63111 
1397151561.701663206 -18.6401 9.71115 
1397151561.736592445 -18.3862 9.71115 
1397151561.771570223 -18.1353 9.95176 
1397151561.807326604 -18.298 9.63145 
1397151561.842453600 -18.0022 9.39495 
1397151561.878482562 -17.508 9.2398 
1397151561.913311277 -17.3101 9.08658 
1397151561.948291182 -17.2197 9.16587 
1397151561.984311413 -16.8876 9.2398 
1397151562.019212203 -16.2732 9.08658 
1397151562.054106265 -16.603 9.16587 
1397151562.090233491 -16.0868 8.78578 
1397151562.125103180 -16.0397 8.63813 
1397151562.160075147 -15.4005 8.57145 
1397151562.196090522 -14.6611 8.42734 
1397151562.231080017 -15.0315 8.49229 
1397151562.265832355 -14.8089 7.92624 
1397151562.301915179 -14.4192 8.06521 
1397151562.336817607 -13.989 8.14429 
1397151562.371748374 -13.4581 8.08375 
1397151562.407639359 -13.6265 8.00529 
1397151562.442646229 -13.2574 7.46552 
1397151562.477644363 -13.0504 7.59809 
1397151562.513421130 -12.8962 7.46552 
1397151562.548514179 -12.59 7.25557 
1397151562.583378030 -12.0823 6.99807 
1397151562.619363623 -11.936 6.95039 
1397151562.654396045 -11.6852 6.87153 
1397151562.689238497 -11.3808 6.87153 
1397151562.725182523 -11.0464 6.57925 
1397151562.760267634 -10.6633 6.57925 
1397151562.795053898 -10.3621 6.4583 
1397151562.831133906 -10.0424 6.30013 
1397151562.865940311 -9.6143 6.22012 
1397151562.902088329 -9.30554 5.32981 
1397151562.936967144 -9.18915 5.55485 
1397151562.971972937 -8.82609 5.47367 
1397151563.007950380 -8.52698 5.47367 
1397151563.042968952 -8.28922 5.32981 
1397151563.077875449 -7.98993 5.05616 
1397151563.113892248 -7.63708 4.56562 
1397151563.148801351 -7.17748 4.54261 
1397151563.183610618 -6.58061 4.3546 
1397151563.219690210 -6.55725 4.16702 
1397151563.254567376 -5.85075 3.89477 
1397151563.289582975 -6.22987 3.70727 
1397151563.325571641 -6.02218 3.60659 
1397151563.360456194 -5.45443 3.40825 
1397151563.395439174 -5.25123 3.3218 
1397151563.431471218 -4.73043 2.94451 
1397151563.466340009 -3.93793 2.66795 
1397151563.501334101 -3.95521 2.48636 
1397151563.537249200 -3.88456 2.21193 
1397151563.572111692 -4.00875 2.30311 
1397151563.607104780 -3.84662 2.0333 
1397151563.643109059 -2.5305 1.76432 
1397151563.678098036 -2.77984 1.49788 
1397151563.713107857 -2.46596 1.15792 
1397151563.749098687 -2.22934 1.41172 
1397151563.783995307 -2.07338 1.14926 
1397151563.819833597 -1.76245 0.877971 
1397151563.854789082 -1.99719 0.877971 
1397151563.889841483 -1.68164 0.2955 
1397151563.925866080 -1.06379 0.440148 
1397151563.960657547 -0.835068 0.245814 
1397151563.995632114 -0.762185 -0.0931896 
1397151564.031677573 -0.525494 -0.404266 
1397151564.066547617 -0.215447 -0.327493 
1397151564.101440883 -0.0601986 -0.579822 
1397151564.137534724 -0.273725 -0.959259 
1397151564.172380854 -0.0454743 -0.959259 
1397151564.207456219 0.543141 -1.03412 
1397151564.243462795 0.698183 -1.56782 
1397151564.278313852 1.11657 -1.74656 
1397151564.313335149 1.16497 -1.74656 
1397151564.349194142 1.2305 -1.88973 
1397151564.384189710 1.29557 -2.17622 
1397151564.419190216 1.30693 -2.56319 
1397151564.455187591 1.59812 -2.60523 
1397151564.490061494 2.07572 -2.78551 
1397151564.525026188 2.0441 -3.00886 
1397151564.560967650 2.20007 -2.87635 
1397151564.596052589 2.26628 -3.28151 
1397151564.630958550 2.20346 -3.28151 
1397151564.666696551 2.42528 -3.59334 
1397151564.701878914 2.58475 -3.82739 
1397151564.736815019 2.9052 -4.01086 
1397151564.772697995 2.96595 -4.19513 
1397151564.807689745 3.00547 -4.44713 
1397151564.842645414 3.06622 -4.50624 
1397151564.878559196 3.12656 -4.44713 
1397151564.913581916 3.62591 -4.75324 
1397151564.949593638 3.67067 -4.99986 
1397151564.984457734 3.88003 -5.30602 
1397151565.019447921 3.82121 -5.31278 
1397151565.055477881 3.99655 -5.25212 
1397151565.090340293 4.21002 -5.31278 
1397151565.125325453 4.37606 -5.63089 
1397151565.161197103 4.26774 -6.05737 
1397151565.196168128 4.48545 -6.13167 
1397151565.231055667 4.54282 -5.99908 
1397151565.267130342 4.59984 -6.13167 
1397151565.302063359 4.767 -6.18998 
1397151565.337085645 4.8786 -6.51766 
1397151565.373069354 4.93493 -6.76965 
1397151565.407859963 5.16152 -7.0218 
1397151565.442804632 5.10366 -6.9653 
1397151565.478763460 5.27654 -7.07794 
1397151565.513718087 5.16152 -7.32964 
1397151565.548590697 5.61483 -7.36045 
1397151565.584567089 5.6287 -7.64959 
1397151565.619608648 5.79585 -7.92544 
1397151565.654562072 5.85089 -7.87095 
1397151565.690436044 5.97076 -7.87095 
1397151565.725443673 6.43136 -8.01816 
1397151565.761464161 6.28281 -8.37242 
1397151565.796457811 6.33791 -8.63315 
1397151565.831326774 6.51766 -8.30468 
1397151565.867304885 6.46288 -8.45903 
1397151565.902187518 6.269 -8.525 
1397151565.937129495 6.58918 -8.62484 
1397151565.973102336 6.66169 -8.99398 
1397151566.008130494 6.90067 -9.0995 
1397151566.043083892 6.84585 -9.0995 
1397151566.079071700 6.90067 -9.31633 
1397151566.114059859 7.0311 -9.20355 
1397151566.148949758 6.97626 -9.20355 
1397151566.184956183 7.40501 -9.59205 
1397151566.219805627 7.43096 -9.59205 
1397151566.254752129 7.37607 -9.92369 
1397151566.290662227 7.51227 -9.76038 
1397151566.325668139 7.64999 -9.87572 
1397151566.360561413 7.76317 -10.2232 
1397151566.396528533 7.76317 -10.4681 
1397151566.431514591 7.9055 -11.0009 
1397151566.466529028 7.84919 -11.1321 
1397151566.502446006 7.70688 -11.1875 
1397151566.537402616 7.76317 -10.7775 
1397151566.572284097 7.9931 -10.5935 
1397151566.608329517 8.28585 -10.4798 
1397151566.643332137 8.28585 -10.6063 
1397151566.678338154 8.32092 -10.7348 
1397151566.714188050 8.26348 -10.7348 
1397151566.749130259 8.26348 -10.7348 
1397151566.785168131 8.11466 -10.9236 
1397151566.819949809 8.58534 -11.115 
1397151566.854942041 8.66248 -12.0528 
1397151566.891059705 8.66248 -11.6783 
1397151566.926023863 8.87619 -11.447 
1397151566.960945429 8.8183 -11.1919 
1397151566.996919561 9.14862 -11.3883 
1397151567.031669837 8.8183 -11.9346 
1397151567.066730086 8.72034 -12.1112 
1397151567.102818011 8.70145 -12.2325 
1397151567.137609558 8.95947 -13.1636 
1397151567.172498862 9.12079 -12.6617 
1397151567.208546335 9.28403 -14.0857 
1397151567.243526093 9.12079 -13.7287 
1397151567.278425271 9.28403 -13.9027 
1397151567.314397317 9.22457 -15.265 
1397151567.349367033 9.22457 -15.3277 
1397151567.384488151 9.00154 -13.6057 
1397151567.420300382 9.55688 -13.1452 
1397151567.455287441 9.7856 -14.5678 
1397151567.490205815 9.77697 -15.3277 
1397151567.526168959 9.71623 -15.7128 
1397151567.561250247 9.71623 -15.526 
1397151567.596191007 9.71623 -16.0599 
1397151567.632069838 9.6551 -14.8816 
1397151567.667067287 9.88945 -15.8687 
1397151567.702151357 9.6551 -13.8409 
1397151567.738073055 9.6551 -14.3156 
1397151567.772917432 9.82828 -14.3156 
1397151567.808797807 9.6551 -14.5648 
1397151567.843824432 10.0036 -15.664 
1397151567.878774102 10.0036 -16.077 
1397151567.914821390 9.88945 -15.2709 
1397151567.949549821 9.82828 -17.2767 
1397151567.984584532 10.0036 -16.1416 
1397151568.020522753 10.181 -15.6 
1397151568.055553316 10.3607 -16.354 
1397151568.090844892 10.6034 -18.1111 
1397151568.126390929 10.3607 -18.9891 
1397151568.161395163 10.422 -16.7003 
1397151568.196339222 10.3607 -16.157 
1397151568.232312240 10.0036 -15.8802 
1397151568.267305514 10.4833 -15.8802 
1397151568.302183637 10.422 -15.6736 
1397151568.338090758 10.299 -15.5355 
1397151568.373102077 10.3607 -15.8137 
1397151568.408063101 10.422 -18.5358 
1397151568.443994299 10.2423 -17.6079 
1397151568.479026827 10.0036 -16.0904 
1397151568.514039986 10.181 -14.8145 
1397151568.550006190 10.422 -14.3054 
1397151568.584985352 10.181 -14.0564 
1397151568.621150192 10.3607 -14.7484 
1397151568.655678981 10.0036 -15.6076 
1397151568.690780051 9.82828 -13.6789 
1397151568.725663587 9.66612 -13.6789 
1397151568.761688124 9.71623 -13.5036 
1397151568.796670553 9.6551 -13.8765 
1397151568.831547979 9.82828 -13.6121 
1397151568.867430954 9.71623 -13.3033 
1397151568.902396487 10.0706 -12.5997 
1397151568.938417520 9.71623 -11.07 
1397151568.973403157 9.6551 -10.6567 
1397151569.008432813 9.5451 -10.1932 
1397151569.044302645 9.484 -10.0644 
1397151569.079252661 9.37603 -9.68073 
1397151569.114182809 9.20896 -10.0644 
1397151569.150186746 9.32987 -10.1932 
1397151569.185114090 9.22457 -10.3926 
1397151569.220056796 9.22457 -10.2601 
1397151569.256017147 9.22457 -10.1309 
1397151569.291013538 9.22457 -9.8713 
1397151569.325909108 8.94134 -9.49265 
1397151569.362059172 8.90006 -9.68073 
1397151569.396923614 9.06136 -9.49265 
1397151569.431817021 8.74066 -9.25587 
1397151569.467810628 8.64246 -8.94297 
1397151569.502731984 8.74066 -8.87626 
1397151569.537638887 8.76006 -8.45438 
1397151569.573562818 8.58311 -8.2128 
1397151569.608678191 8.64246 -8.04106 
1397151569.643532159 8.42738 -8.04106 
1397151569.679493824 8.12129 -7.63594 
1397151569.714574060 8.14754 -7.47055 
1397151569.749345376 8.03013 -7.30721 
1397151569.785328818 8.03013 -7.05441 
1397151569.820423399 8.12129 -6.829 
1397151569.855296270 7.67511 -6.51972 
1397151569.891216259 7.52972 -6.67343 
1397151569.926260819 7.38597 -6.80873 
1397151569.962150415 7.24381 -6.14938 
1397151569.997105799 7.27955 -5.9322 
1397151570.031892816 7.14047 -5.8628 
1397151570.068039884 6.88581 -5.77791 
1397151570.103047050 7.00291 -5.21683 
1397151570.138014887 6.80851 -5.21683 
1397151570.174010272 6.77193 -5.07692 
1397151570.208907854 6.23203 -5.00651 
1397151570.243766648 6.4231 -4.8744 
1397151570.279685790 6.35051 -4.66658 
1397151570.314609628 6.0914 -4.66658 
1397151570.349633551 5.83776 -4.40059 
1397151570.385646722 5.9049 -4.33956 
1397151570.420528448 5.77877 -4.34808 
1397151570.455473829 5.71293 -4.14041 
1397151570.491374689 5.53044 -4.01243 
1397151570.526264389 5.28725 -3.83034 
1397151570.561322295 5.34619 -3.51413 
1397151570.597217840 5.04902 -3.56644 
1397151570.632185946 4.99064 -3.25178 
1397151570.667246969 4.81562 -2.94165 
1397151570.703146126 4.81562 -3.15403 
1397151570.738154755 4.87452 -2.75221 
1397151570.773142221 4.5869 -2.52077 
1397151570.809000451 4.59592 -2.40681 
1397151570.844013961 4.30347 -2.29401 
1397151570.879030066 4.24384 -2.29401 
1397151570.915018988 4.07341 -2.10986 
1397151570.949866136 3.96408 -1.96229 
1397151570.985908177 3.70242 -1.81677 
1397151571.020886201 3.68823 -1.70839 
1397151571.055816954 3.58206 -1.42113 
1397151571.091747067 3.4931 -1.31587 
1397151571.126627780 3.32997 -1.13738 
1397151571.161517586 3.26961 -1.03412 
1397151571.197621465 3.06622 -0.830536 
1397151571.232364868 2.92695 -0.80441 
1397151571.267520551 3.10559 -0.704974 
1397151571.303391535 2.76819 -0.630736 
1397151571.338393789 2.51333 -0.924059 
1397151571.373388041 2.35647 -0.457362 
1397151571.409195124 2.29492 -0.434606 
1397151571.444297405 2.47832 -0.263028 
1397151571.479285317 2.1381 -0.337883 
1397151571.515209286 2.0441 -0.63119 
1397151571.549993577 1.92057 -0.337883 
1397151571.585155237 1.85862 -0.147051 
1397151571.620874362 1.73343 0.0219382 
1397151571.656001634 1.64193 0.132858 
1397151571.690967872 1.46133 -0.107472 
1397151571.727046070 1.39809 0.040383 
1397151571.761840318 1.24529 0.115237 
1397151571.796733144 1.22064 0.040383 
1397151571.832660712 1.15695 0.315385 
1397151571.867761354 1.06938 0.315385 
1397151571.902812714 0.982551 0.315385 
1397151571.938633504 0.874785 0.405462 
1397151571.973617808 0.916165 0.184587 
1397151572.008618970 0.960141 0.331228 
1397151572.044504201 0.811111 0.405462 
1397151572.079398236 1.02337 0.405462 
1397151572.115506987 0.4488 0.480318 
1397151572.150374568 0.28305 0.555805 
1397151572.185425752 0.430626 0.405462 
1397151572.221279882 0.348096 0.405462 
1397151572.256248405 0.476799 0.405462 
1397151572.291247423 0.686226 0.480318 
1397151572.327185671 0.28305 0.257605 
1397151572.362149536 0.300062 0.405462 
1397151572.397168142 0.201202 0.494764 
1397151572.433018093 0.422931 0.494764 
1397151572.468014445 0.296927 0.494764 
1397151572.503014584 0.280289 0.569621 
1397151572.538904950 0.422931 0.405462 
1397151572.573952067 0.422931 0.494764 
1397151572.608896842 -0.105862 0.112163 
1397151572.644765079 -0.0403453 0.405462 
1397151572.679771102 0.280289 0.480318 
1397151572.714773928 0.528834 0.405462 
1397151572.750598692 0.280289 0.257605 
1397151572.785525112 0.217067 -0.0309355 
1397151572.820566868 0.217067 0.0945113 
1397151572.856658206 0.280289 -0.160439 
1397151572.891494710 -0.105862 -0.0880149 
1397151572.926396492 -0.158479 -0.252914 
1397151572.964106510 0.217067 -0.466707 
1397151572.997270047 0.0892788 -0.232277 
1397151573.032240136 0.0892788 -0.324753 
1397151573.068264724 0.0246994 -0.512192 
1397151573.103149889 0.0892788 -0.749142 
1397151573.138159198 0.0741858 -0.819278 
1397151573.174138823 -0.238338 -0.749142 
1397151573.209142862 -0.292925 -0.819278 
1397151573.245158478 -0.119559 -0.957901 
1397151573.280025511 -0.0403453 -1.05376 
1397151573.314994154 0.0246994 -1.31664 
1397151573.351042775 0.153399 -1.55063 
1397151573.385861805 -0.119559 -1.48316 
1397151573.420872954 -0.372785 -1.71705 
1397151573.456676550 -0.292925 -1.61758 
1397151573.491773910 -0.305312 -1.84944 
1397151573.526765801 0.0741858 -1.8839 
1397151573.562630365 -0.105862 -2.08758 
1397151573.597648881 -0.384527 -2.41252 
1397151573.632639449 -0.384527 -2.49163 
1397151573.668615228 -0.452 -2.66147 
1397151573.703394150 -0.171858 -2.76784 
1397151573.738408105 -0.372785 -2.87525 
1397151573.774418273 -0.225452 -2.89548 
1397151573.809387362 -0.144939 -3.00291 
1397151573.844385072 -0.131236 -3.34681 
1397151573.880264775 -0.131236 -3.51975 
1397151573.915143563 -0.0637636 -3.45749 
1397151573.950240493 -0.0493883 -3.86774 
1397151573.986162738 0.151537 -4.04284 
1397151574.021149533 0.0180836 -4.15814 
1397151574.056010335 0.0850564 -4.51447 
1397151574.092130350 -0.131236 -4.33522 
1397151574.126987775 -0.131236 -4.69184 
1397151574.161905796 -0.0493883 -4.87145 
1397151574.197943707 -0.0493883 -4.99298 
1397151574.233005130 -0.0493883 -5.16244 
1397151574.267815684 0.18383 -5.16876 
1397151574.303855597 0.284903 -5.4158 
1397151574.338764615 0.200276 -5.59918 
1397151574.373638922 0.267748 -5.78358 
1397151574.409636228 0.132297 -5.8407 
1397151574.444638613 0.0794195 -6.21196 
1397151574.479634654 0.0794195 -6.56532 
1397151574.515469561 0.0638056 -6.61999 
1397151574.550445520 0.00987843 -6.75275 
1397151574.586499920 0.00987843 -6.72187 
1397151574.621265223 0.37025 -7.0503 
1397151574.656368776 0.250839 -7.32231 
1397151574.692387480 0.250839 -7.42882 
1397151574.727249381 0.355673 -7.40751 
1397151574.762238134 0.355673 -7.7084 
1397151574.798116761 0.630707 -7.95598 
1397151574.833128867 0.268111 -8.29777 
1397151574.867998843 0.355673 -8.29777 
1397151574.904018412 0.355673 -8.14011 
1397151574.939030254 0.355673 -8.69793 
1397151574.973969009 0.562725 -9.05309 
1397151575.009961809 0.443995 -8.9514 
1397151575.044811467 0.285595 -9.20563 
1397151575.080274347 0.303294 -9.2589 
1397151575.115725468 0.214973 -9.57396 
1397151575.150748720 0.0720676 -9.47531 
1397151575.185796321 0.232121 -9.57985 
1397151575.221624559 0.411083 -10.0613 
1397151575.256568516 0.430012 -10.4983 
1397151575.291430928 0.430012 -10.599 
1397151575.327387599 0.501746 -10.7479 
1397151575.362492593 0.411083 -10.7699 
1397151575.397519494 0.66439 -11.0681 
1397151575.433392332 0.430012 -11.1443 
1397151575.468410512 0.501746 -11.0931 
1397151575.504269308 0.430012 -11.6253 
1397151575.539237456 0.501746 -11.476 
1397151575.574253797 0.501746 -11.476 
1397151575.610095013 0.463008 -11.4256 
1397151575.645111078 0.430012 -11.4256 
1397151575.679959994 0.521478 -11.6397 
1397151575.715939119 0.501746 -11.2729 
1397151575.750873212 0.501746 -11.2729 
1397151575.786004335 0.284832 -11.296 
1397151575.821989543 0.21137 -11.6079 
1397151575.856864960 0.449175 -11.6909 
1397151575.891817857 0.706865 -12.2597 
1397151575.927718072 0.488215 -12.2597 
1397151575.962683260 0.488215 -12.0162 
1397151575.997745788 0.655622 -11.9127 
1397151576.033540064 0.414158 -12.1567 
1397151576.068610187 0.800811 -12.247 
1397151576.103474528 0.488215 -11.6186 
1397151576.139470320 0.414158 -11.4551 
1397151576.175352815 0.414158 -11.2997 
1397151576.209246442 0.508098 -11.2473 
1397151576.245378000 0.800811 -11.2473 
1397151576.280337162 0.676947 -10.9595 
1397151576.315247744 0.414158 -11.1176 
1397151576.351184752 0.508098 -10.9062 
1397151576.386248937 0.602888 -10.7266 
1397151576.420991539 0.582156 -10.7266 
1397151576.457113671 0.655622 -10.3877 
1397151576.492131380 0.508098 -9.98565 
1397151576.527847937 0.582156 -9.98565 
1397151576.563036460 0.582156 -9.81515 
1397151576.597960868 0.414158 -9.59205 
1397151576.633080323 0.508098 -9.37077 
1397151576.668847572 0.508098 -9.09554 
1397151576.703859362 0.967348 -9.15126 
1397151576.739706762 0.582156 -8.9263 
1397151576.774731619 0.508098 -8.77339 
1397151576.809665257 0.508098 -8.17561 
1397151576.845601574 0.582156 -8.11783 
1397151576.880505638 0.728504 -7.90548 
1397151576.915578906 0.414158 -7.9422 
1397151576.951526193 0.433438 -7.9422 
1397151576.986446206 0.358168 -7.36633 
1397151577.021356166 0.358168 -7.1576 
1397151577.057359780 0.508098 -7.03628 
1397151577.092925401 0.508098 -6.97499 
1397151577.127247134 0.433438 -6.85113 
1397151577.163101436 0.358168 -6.70431 
1397151577.198211192 0.358168 -6.22683 
1397151577.233071841 0.18834 -6.1485 
1397151577.269071962 0.205759 -6.02123 
1397151577.304095109 0.300546 -5.75203 
1397151577.338851999 0.582156 -5.61356 
1397151577.374972115 0.282278 -5.27605 
1397151577.410004423 0.205759 -5.07749 
1397151577.444997121 0.205759 -5.01031 
1397151577.480699364 0.205759 -4.80882 
1397151577.515853149 0.528227 -4.6719 
1397151577.550670630 0.205759 -4.60264 
1397151577.586716491 0.300546 -4.54566 
1397151577.621698990 0.205759 -4.0701 
1397151577.656603803 0.205759 -3.87128 
1397151577.692554863 0.377065 -3.8558 
1397151577.727509270 0.282278 -3.58213 
1397151577.763479779 0.128602 -3.47613 
1397151577.798399461 0.145581 -2.98355 
1397151577.833479391 -0.0276687 -2.90797 
1397151577.869363320 -0.121606 -2.70926 
1397151577.904369202 -0.0276687 -2.46812 
1397151577.939234736 -0.0120164 -2.03812 
1397151577.975230398 -0.0120164 -2.03812 
1397151578.010178327 -0.106802 -1.71587 
1397151578.045135055 -0.0276687 -1.68007 
1397151578.081112736 -0.106802 -1.5161 
1397151578.116066520 -0.106802 -1.48222 
1397151578.150981131 0.205759 -0.919481 
1397151578.186980967 -0.186613 -0.721401 
1397151578.222085954 -0.172328 -0.806756 
1397151578.256740086 -0.348315 -0.460581 
1397151578.292936911 -0.348315 0.139118 
1397151578.327617161 -0.106802 0.230227 
1397151578.362744234 -0.430227 0.338563 
1397151578.398755310 -0.430227 0.264489 
1397151578.433589929 -0.430227 0.842197 
1397151578.468466252 -0.143275 1.04022 
1397151578.504540362 0.0198346 1.13492 
1397151578.539407014 -0.489899 1.32713 
1397151578.574505847 -0.489899 1.42468 
1397151578.610322367 -0.393378 1.83013 
1397151578.645325514 -0.380837 1.92966 
1397151578.681209164 -0.380837 2.03007 
1397151578.716226705 -0.380837 2.12957 
1397151578.751229340 -0.380837 2.63063 
1397151578.787198923 -0.0302047 2.73433 
1397151578.822129741 -0.282537 3.04183 
1397151578.857118674 -0.380837 2.72746 
1397151578.892982452 -0.454575 3.14882 
1397151578.927881191 -0.640079 3.24482 
1397151578.962902199 -0.62978 3.77953 
1397151578.998973100 -0.737488 3.98675 
1397151579.033855350 -0.62978 3.6359 
1397151579.068775966 -0.62978 4.08028 
1397151579.104735532 -0.62978 4.40251 
1397151579.140190298 -0.552878 4.61111 
1397151579.174639910 -0.62978 4.70228 
1397151579.210659012 -0.530566 4.82025 
1397151579.245599788 -0.43043 5.15059 
1397151579.280576344 -0.519249 5.27259 
1397151579.316496980 -0.699389 5.57462 
1397151579.351445522 -0.689661 5.66283 
1397151579.386346378 -0.689661 5.83704 
1397151579.422375069 -0.689661 5.7503 
1397151579.457316755 -0.689661 5.87516 
1397151579.492323354 -0.790737 6.21601 
1397151579.528163328 -0.689661 6.38749 
1397151579.563186911 -0.689661 6.51679 
1397151579.598222175 -0.519249 6.60151 
1397151579.633978114 -0.781877 6.86469 
1397151579.668944900 -0.484652 6.60151 
1397151579.704077808 -0.484652 7.21824 
1397151579.739945404 -0.484652 7.3017 
1397151579.774963644 -0.0204029 7.5217 
1397151579.810935742 -0.380691 7.43887 
1397151579.845840972 -0.275741 7.24893 
1397151579.880758718 -0.169787 7.80103 
1397151579.916809145 -0.275741 7.74273 
1397151579.951721074 -0.275741 7.88327 
1397151579.986542447 -0.367951 8.0255 
1397151580.022645710 -0.169787 7.8243 
1397151580.057575604 -0.275741 8.1881 
1397151580.092453215 -0.169787 8.3482 
1397151580.128444146 -0.1844 8.49229 
1397151580.163427062 -0.275741 8.42734 
1397151580.198503119 -0.380691 8.865 
1397151580.234254406 -0.1844 8.3482 
1397151580.269300961 -0.0470126 8.57145 
1397151580.304361046 -0.0470126 8.20585 
1397151580.340110198 0.0620457 8.87393 
1397151580.375212966 0.0620457 9.17123 
1397151580.410199124 0.514547 8.95135 
1397151580.446091666 0.425728 8.95135 
1397151580.481065522 0.624676 8.73797 
1397151580.516959397 0.514547 9.176 
1397151580.551838062 0.514547 9.09912 
1397151580.586960022 0.886302 8.95135 
1397151580.621851611 1.02342 9.0282 
1397151580.657951468 1.13685 8.73797 
1397151580.692846389 1.25142 8.95135 
1397151580.727708446 1.13685 9.176 
1397151580.763586980 1.39381 8.95135 
1397151580.798707595 1.30893 8.95135 
1397151580.833564389 1.47794 8.80538 
1397151580.869593551 1.75859 9.03414 
1397151580.904569475 1.90857 9.03414 
1397151580.940460915 1.99125 9.10927 
1397151580.975406863 2.19132 9.25537 
1397151581.010356859 2.35315 9.10927 
1397151581.046382914 2.78803 9.10927 
1397151581.081355665 2.78803 9.10927 
1397151581.116309461 2.78803 8.68151 
1397151581.152124458 3.03045 9.10927 
1397151581.187175222 3.4589 9.18387 
1397151581.222081616 3.65813 9.10927 
1397151581.258097863 3.73234 9.03952 
1397151581.293093090 3.879 8.6168 
1397151581.328099840 3.82699 8.82237 
1397151581.363975574 4.09473 8.68151 
1397151581.399011615 4.29136 8.54232 
1397151581.433946552 4.75634 8.54232 
1397151581.469853582 4.96102 8.54232 
1397151581.504842657 5.22498 8.54232 
1397151581.539814002 5.22704 8.54232 
1397151581.575660470 5.48726 8.34331 
1397151581.610659882 5.81603 8.13457 
1397151581.645681335 6.07796 8.00184 
1397151581.681578826 6.51111 7.87064 
1397151581.716480991 6.38942 7.87064 
1397151581.751541448 6.64706 7.79575 
1397151581.787393599 6.8267 7.66609 
1397151581.822396099 7.22115 7.48607 
1397151581.857301763 7.84919 7.36081 
1397151581.893257656 7.9055 7.56036 
1397151581.928202990 7.96147 6.91867 
1397151581.963129042 8.18206 7.33586 
1397151581.999125741 8.29043 6.88853 
1397151582.034143090 8.60821 6.88853 
1397151582.070108352 8.84597 6.76751 
1397151582.105099536 9.29867 6.33607 
1397151582.139935674 9.45218 6.69108 
1397151582.175796835 9.60325 6.57142 
1397151582.210936336 9.801 6.33607 
1397151582.245966303 10.0979 6.25912 
1397151582.281944154 10.4419 6.06587 
1397151582.316832890 10.7842 6.18158 
1397151582.351716657 11.0793 5.9157 
1397151582.387580009 11.0135 5.61543 
1397151582.422606813 11.3054 5.53738 
1397151582.457525227 11.3944 5.34915 
1397151582.493491888 11.6997 5.42779 
1397151582.528602594 12.1396 5.45873 
1397151582.563384443 12.5183 4.73912 
1397151582.599397844 12.521 4.86828 
1397151582.634220454 12.7266 4.78782 
1397151582.669244005 13.047 4.86828 
1397151582.705237035 13.3404 4.60174 
1397151582.740102820 13.6673 4.39498 
1397151582.775181753 13.9168 4.29319 
1397151582.811193807 14.2063 4.19243 
1397151582.845938212 14.3207 4.12916 
1397151582.882034626 14.3342 3.84572 
1397151582.916866559 14.9783 3.6493 
1397151582.951853314 15.4104 3.55255 
1397151582.987913286 15.5532 3.46891 
1397151583.022924069 15.694 3.56565 
1397151583.057865887 15.8075 3.6493 
1397151583.093920141 15.9126 3.3619 
1397151583.128684777 16.3225 3.27828 
1397151583.163615775 16.3225 3.01507 
1397151583.199686095 16.4554 2.7443 
1397151583.234518173 16.554 2.65309 
1397151583.269577147 17.0276 2.56275 
1397151583.305478722 17.252 2.47636 
1397151583.340461264 17.4782 2.38688 
1397151583.375387977 17.5746 2.20981 
1397151583.411354040 17.8582 2.38688 
1397151583.446274401 17.9202 2.47326 
1397151583.481283440 17.9817 2.21044 
1397151583.517164352 18.0429 1.94852 
1397151583.552183980 18.3615 1.69233 
1397151583.587206431 18.224 1.77376 
1397151583.623044520 18.3314 1.68837 
1397151583.658036571 17.9991 1.77376 
1397151583.693066557 18.4019 1.68442 
1397151583.728933026 18.4312 1.51443 
1397151583.763821112 18.381 1.51992 
1397151583.798859057 18.2066 1.51443 
1397151583.834866996 18.2651 1.192 
1397151583.869785225 18.5186 1.51992 
1397151583.904614242 18.8033 1.43684 
1397151583.940701025 18.8606 1.34751 
1397151583.975670289 18.4098 1.43059 
1397151584.011490982 18.6052 1.11182 
1397151584.046439374 18.4955 1.34751 
1397151584.081524990 18.6339 1.18357 
1397151584.117436666 18.5522 1.10268 
1397151584.152437772 18.7761 1.20037 
1397151584.187427729 18.7195 0.86425 
1397151584.223219823 18.7195 1.02251 
1397151584.258279619 18.5522 1.10268 
1397151584.293238915 18.5522 0.943035 
1397151584.329296722 18.691 0.786145 
1397151584.364079980 18.6052 0.786145 
1397151584.399185634 18.9176 0.786145 
1397151584.435059670 18.6339 0.708709 
1397151584.469951085 18.381 1.02251 
1397151584.505034016 18.1593 1.10268 
1397151584.540899051 17.9111 0.875453 
1397151584.575904031 17.9401 0.786145 
1397151584.610912675 17.7944 0.875453 
1397151584.646924182 17.6066 0.569621 
1397151584.681707633 17.5478 0.721237 
1397151584.716781823 17.6166 0.786145 
1397151584.752624968 17.3691 1.02251 
1397151584.787672225 16.9711 1.11182 
1397151584.822682623 16.7 0.733649 
1397151584.858518673 16.6085 1.05179 
1397151584.893552483 16.5778 1.13884 
1397151584.928347814 16.369 1.22517 
1397151584.964457008 16.2449 1.37523 
1397151584.999476436 16.1508 1.37523 
1397151585.034439411 15.9437 1.45542 
1397151585.070326481 15.4401 1.37523 
1397151585.105318201 15.1096 1.13884 
1397151585.141079266 15.0769 1.37523 
1397151585.176169019 15.0442 1.37523 
1397151585.211192561 14.9122 1.37523 
1397151585.247066862 14.4807 1.45542 
1397151585.282053046 14.2171 1.23332 
1397151585.317010473 14.115 1.71629 
1397151585.352996092 13.9773 1.63679 
1397151585.387820667 13.5538 1.79648 
1397151585.422905049 13.2563 1.88 
1397151585.458909034 12.9947 1.71629 
1397151585.493958175 12.8503 1.71629 
1397151585.528815345 12.437 1.71629 
1397151585.564750689 11.8468 1.63679 
1397151585.599660475 11.9177 1.79648 
1397151585.634563125 11.6209 1.88264 
1397151585.670523930 11.3347 1.96481 
1397151585.705520326 10.9016 2.12654 
1397151585.740561028 10.8849 2.20747 
1397151585.776469647 10.4901 2.28912 
1397151585.811502336 10.2745 2.3715 
1397151585.846473028 10.0472 2.3715 
1397151585.882345951 9.93811 2.36999 
1397151585.917203074 9.46778 2.12654 
1397151585.952302386 9.21212 2.45463 
1397151585.988180887 8.99893 2.3715 
1397151586.023177353 8.82927 2.45238 
1397151586.058157749 8.39976 2.45463 
1397151586.093914812 8.01944 2.28834 
1397151586.129031061 7.83895 2.45463 
1397151586.164020145 7.43242 2.3715 
1397151586.199903989 7.05984 2.45238 
1397151586.234823609 6.91966 2.45463 
1397151586.269895583 6.66202 2.53852 
1397151586.305827713 6.29043 2.45463 
1397151586.340819916 6.09436 2.70408 
1397151586.376811910 5.77226 2.3715 
1397151586.411666805 5.56203 2.70408 
1397151586.446601416 5.19312 2.70862 
1397151586.482481430 5.03758 2.78952 
1397151586.517433225 4.71972 2.78952 
1397151586.552476688 4.2937 2.45463 
1397151586.588390845 4.23878 2.87576 
1397151586.623421373 3.76525 2.62318 
1397151586.658422640 3.5655 2.70862 
1397151586.694278966 3.18233 2.78952 
1397151586.729247434 3.12431 2.70862 
1397151586.764024179 2.75384 2.70862 
1397151586.800150850 2.47832 2.78952 
1397151586.835267675 2.10606 2.88189 
1397151586.869909545 1.88857 2.87576 
1397151586.905984082 1.4243 2.79485 
1397151586.941048702 1.39809 2.96975 
1397151586.975809506 1.14062 3.05843 
1397151587.011888129 0.85349 3.05843 
1397151587.046928199 0.456326 2.89463 
1397151587.081915579 0.233778 2.81173 
1397151587.117836031 0.148432 2.81173 
1397151587.152771193 -0.370539 2.72815 
1397151587.187670303 -0.689879 2.5482 
1397151587.223547408 -0.916253 2.81173 
1397151587.258635780 -1.13846 2.81765 
1397151587.294483372 -1.07025 2.81765 
1397151587.329458890 -1.60586 2.81173 
1397151587.364515086 -1.83965 2.29546 
1397151587.400408877 -2.15257 2.56275 
1397151587.435295964 -2.54724 2.38688 
1397151587.470229806 -2.77984 2.56275 
1397151587.506310514 -3.02049 2.56275 
1397151587.541277282 -3.2636 2.29824 
1397151587.576134337 -3.56772 2.56275 
1397151587.612078874 -3.81338 2.6579 
1397151587.647094939 -4.13246 2.30139 
1397151587.681917365 -4.31308 2.48636 
1397151587.718046269 -4.56736 2.48636 
1397151587.753049130 -4.7996 2.48636 
1397151587.787873591 -5.19377 2.48993 
1397151587.823890150 -5.38717 1.94238 
1397151587.858919049 -5.71855 2.12417 
1397151587.893821613 -6.05218 2.12385 
1397151587.929800141 -5.85075 2.12417 
1397151587.964789170 -6.6628 2.12417 
1397151587.999654213 -6.83362 2.03163 
1397151588.035646246 -7.13137 2.03163 
1397151588.070750688 -7.19384 2.03084 
1397151588.107156373 -7.47515 1.93579 
1397151588.141425772 -7.7609 2.0303 
1397151588.176509755 -8.1122 1.7402 
1397151588.211423305 -8.05754 1.83586 
1397151588.247414506 -8.5864 1.64165 
1397151588.282293315 -8.94387 1.83586 
1397151588.317279753 -9.18915 1.63783 
1397151588.353161790 -9.36319 1.7373 
1397151588.388219885 -9.05441 1.53744 
1397151588.423045927 -9.91308 1.4361 
1397151588.459143054 -10.0988 0.864805 
1397151588.494008603 -10.4181 1.33381 
1397151588.530049423 -10.6633 1.33381 
1397151588.565060457 -10.4517 1.33381 
1397151588.599916359 -11.1307 1.22289 
1397151588.635925561 -11.5777 0.630707 
1397151588.670916570 -11.4889 1.11764 
1397151588.705905770 -11.883 0.991757 
1397151588.741739008 -11.9887 0.981829 
1397151588.776744239 -12.3358 0.871325 
1397151588.811641345 -12.4859 0.575821 
1397151588.847677890 -12.7421 0.759722 
1397151588.882715870 -12.9993 0.759722 
1397151588.917562416 -13.4156 0.533144 
1397151588.953598484 -13.308 0.418133 
1397151588.988474838 -13.6769 0.418133 
1397151589.023584411 -13.7769 0.301949 
1397151589.059307314 -14.2031 0.418133 
1397151589.094282602 -14.37 0.202471 
1397151589.129265307 -14.6374 0.0659828 
1397151589.165261805 -15.0315 0.0466411 
1397151589.200126242 -14.5651 0.250674 
1397151589.235004653 -15.5315 0.1296 
1397151589.271089494 -15.7128 0.110838 
1397151589.306056243 -15.7607 -0.0128022 
1397151589.341048856 -15.9028 -0.137757 
1397151589.377032089 -15.7682 -0.137757 
1397151589.411944274 -16.5565 -0.264048 
1397151589.447918081 -16.5565 -0.264048 
1397151589.482841386 -16.7951 -0.159395 
1397151589.517701092 -16.8414 -0.391698 
1397151589.553838154 -16.7413 -0.546509 
1397151589.588650422 -17.3719 -0.651167 
1397151589.623659142 -17.6635 -0.651167 
1397151589.659598736 -17.115 -0.783033 
1397151589.694415035 -17.7087 -0.783033 
1397151589.729505758 -18.0022 -1.32453 
1397151589.765508331 -17.8429 -0.946483 
1397151589.800365186 -18.298 -0.977026 
1397151589.835326693 -17.2929 -0.762207 
1397151589.871356165 -18.7209 -1.00799 
1397151589.906260708 -18.9815 -1.32528 
1397151589.941175724 -18.9815 -0.90002 
1397151589.977150596 -18.9815 -0.790915 
1397151590.012144840 -19.0696 -1.00799 
1397151590.047157077 -19.2452 -0.90002 
1397151590.082993187 -19.7384 -1.11485 
1397151590.118009453 -20.056 -0.790915 
1397151590.153384001 -20.0996 -0.90002 
1397151590.188807385 -20.0996 -0.90002 
1397151590.223813805 -19.8696 -1.32288 
1397151590.258906950 -20.1861 -1.10349 
1397151590.294772260 -19.3717 -1.46707 
1397151590.329821797 -20.2291 -1.46707 
1397151590.364772375 -20.4628 -1.78773 
1397151590.400523468 -20.9411 -1.46707 
1397151590.435642972 -20.7001 -1.35794 
1397151590.470643772 -19.8998 -1.24767 
1397151590.506539417 -21.0695 -1.02359 
1397151590.541537928 -20.3992 -1.02359 
1397151590.577550112 -20.6752 -1.02359 
1397151590.612408655 -20.2108 -1.02359 
1397151590.647387366 -20.2108 -1.02359 
1397151590.683377305 -21.7324 -1.02359 
1397151590.718335189 -21.2797 -1.02359 
1397151590.753283435 -20.5662 -1.13623 
1397151590.789295574 -20.3356 -1.02359 
1397151590.824166761 -20.4178 -1.13623 
1397151590.859166295 -20.6075 -1.02359 
1397151590.895147183 -20.3768 -0.794696 
1397151590.929900556 -19.7869 -0.824199 
1397151590.965064809 -21.6902 -0.678388 
1397151591.000943160 -20.5399 -0.560815 
1397151591.035892204 -20.7708 -0.560815 
1397151591.070763415 -20.4994 -0.587759 
1397151591.106893066 -19.8677 -0.416665 
1397151591.141931171 -20.4994 -0.441955 
1397151591.176764764 -20.8514 -0.508014 
1397151591.212645464 -21.1262 -0.133224 
1397151591.247668485 -22.1424 -0.133224 
1397151591.283446847 -21.3645 -0.014369 
1397151591.318416736 -20.8915 0.00612112 
1397151591.353514802 -20.9314 0.245142 
1397151591.388499902 -21.1661 0.366638 
1397151591.424398248 -21.484 0.489488 
1397151591.459396213 -21.2849 0.245142 
1397151591.494389402 -22.7742 0.489488 
1397151591.530264854 -22.5161 0.627292 
1397151591.565281778 -21.05 0.898371 
1397151591.600285986 -21.8445 1.15594 
1397151591.636130426 -23.0762 0.533836 
1397151591.671136649 -23.0762 1.14824 
1397151591.706153486 -23.0762 1.27531 
1397151591.741889076 -22.3409 1.40865 
1397151591.777073856 -23.1552 1.53716 
1397151591.813032910 -23.1552 1.41347 
1397151591.847882877 -23.5005 1.92957 
1397151591.882852529 -23.5005 1.92866 
1397151591.918883661 -23.3113 1.92783 
1397151591.953877035 -23.2336 2.18641 
1397151591.988672218 -23.2336 2.18641 
1397151592.024594805 -23.5005 2.30781 
1397151592.059664969 -23.7719 2.69318 
1397151592.094703125 -23.5395 2.93689 
1397151592.130607745 -23.5784 3.08342 
1397151592.165521188 -23.3499 3.21966 
1397151592.200446673 -22.5737 3.21966 
1397151592.236417047 -23.6171 3.3247 
1397151592.271419617 -23.3883 3.30879 
1397151592.306409032 -23.3883 3.16157 
1397151592.342243022 -23.8886 3.30879 
1397151592.377245222 -22.8283 3.97486 
1397151592.412240290 -23.6171 4.09133 
1397151592.448000040 -23.3883 3.90686 
1397151592.483024758 -23.3499 4.04322 
1397151592.518057650 -23.6171 4.01984 
1397151592.554040713 -23.3499 4.15622 
1397151592.589015089 -23.3499 4.15622 
1397151592.623862833 -23.3499 4.26812 
1397151592.659743209 -23.087 4.90777 
1397151592.694874992 -23.3499 4.62671 
1397151592.729899176 -23.3883 4.46087 
1397151592.765713997 -23.6171 5.15961 
1397151592.800624255 -23.087 5.26734 
1397151592.836642600 -22.3612 5.37404 
1397151592.871640776 -23.3499 5.58445 
1397151592.906531222 -23.6171 5.15996 
1397151592.942495531 -23.3499 6.17487 
1397151592.977549578 -23.6171 5.97986 
1397151593.012523268 -23.087 6.23123 
1397151593.048404635 -23.3499 6.48355 
1397151593.083362674 -23.087 6.13872 
1397151593.118263924 -23.3883 6.68466 
1397151593.154172850 -23.3499 6.78385 
1397151593.189284968 -23.087 6.88216 
1397151593.224156842 -23.3499 7.50324 
1397151593.260114943 -23.3499 6.97959 
1397151593.295142053 -23.3113 7.13201 
1397151593.330020969 -23.5005 7.13201 
1397151593.365867422 -23.2725 7.17189 
1397151593.401057612 -23.5005 7.41929 
1397151593.435736611 -23.5005 7.51339 
1397151593.471823412 -22.4192 7.82423 
1397151593.506807359 -23.5005 8.39884 
1397151593.541904930 -23.2336 8.01014 
1397151593.577744632 -23.3825 8.03638 
1397151593.612627349 -23.0762 8.03638 
1397151593.647601632 -22.3016 8.51193 
1397151593.683636277 -23.1158 8.83915 
1397151593.718410103 -23.0365 8.35141 
1397151593.753385383 -23.0762 9.09635 
1397151593.789522163 -22.5557 9.18602 
1397151593.824375245 -22.4763 9.10805 
1397151593.860378242 -22.1424 9.19621 
1397151593.895422466 -22.1424 9.19621 
1397151593.930266518 -21.8926 9.36315 
1397151593.966256987 -21.6066 9.45063 
1397151594.001230010 -22.0618 9.1188 
1397151594.036144254 -21.9806 9.5374 
1397151594.072039437 -21.731 9.62347 
1397151594.107090604 -20.9239 9.7927 
1397151594.141998348 -21.6492 9.62641 
1397151594.177917887 -21.3625 9.29847 
1397151594.212918858 -21.3212 9.70885 
1397151594.247865382 -20.8004 9.79356 
1397151594.283757492 -20.8004 9.46563 
1397151594.318855986 -20.4831 9.79373 
1397151594.353732780 -20.3992 9.07134 
1397151594.389704773 -20.5483 9.54823 
1397151594.424726778 -20.3145 9.54823 
1397151594.459630002 -20.0417 9.54823 
1397151594.495504289 -19.7295 9.38725 
1397151594.530696864 -19.4633 9.38725 
1397151594.565606735 -19.0268 9.46917 
1397151594.601473634 -19.3766 9.39143 
1397151594.636479195 -19.1569 9.63111 
1397151594.671387136 -18.6401 9.79059 
1397151594.707370951 -18.8094 9.71115 
1397151594.742257482 -17.7304 9.63145 
1397151594.777253513 -18.209 9.55205 
1397151594.813270387 -18.0022 9.31912 
1397151594.848219251 -17.7087 8.93525 
1397151594.883144826 -17.4628 9.08658 
1397151594.919086230 -16.5519 9.08658 
1397151594.954031595 -16.8414 9.08658 
1397151594.988876810 -16.46 8.57145 
1397151595.024944614 -16.1805 9.08658 
1397151595.059798567 -15.8557 8.78578 
1397151595.095888536 -15.2715 8.71733 
1397151595.130877014 -15.5315 8.49229 
1397151595.165903655 -15.3046 8.20585 
1397151595.200761897 -15.0315 8.49229 
1397151595.236788824 -14.8089 8.20585 
1397151595.271758625 -14.37 8.14429 
1397151595.307575250 -13.989 8.14429 
1397151595.342619135 -13.8895 8.02421 
1397151595.377494426 -13.1518 8.08375 
1397151595.413483292 -13.2065 7.86795 
1397151595.448249610 -12.9993 7.33449 
1397151595.483316518 -12.7421 7.25557 
1397151595.519364422 -12.3358 7.38657 
1397151595.554223993 -12.0293 7.12608 
1397151595.589186261 -11.9223 6.99807 
1397151595.625246470 -11.5777 6.57925 
1397151595.660263999 -11.1855 6.82527 
1397151595.695044551 -11.0755 6.70156 
1397151595.731108516 -10.1548 6.42104 
1397151595.766129182 -10.1548 6.30013 
1397151595.801020902 -9.91308 6.30013 
1397151595.836969326 -9.5566 5.98235 
1397151595.871938896 -9.43034 5.78485 
1397151595.906749802 -9.06581 5.66922 
1397151595.942845285 -8.94799 5.47367 
1397151595.977899607 -8.58631 5.24865 
1397151596.012724193 -8.1122 5.13795 
1397151596.048648467 -8.05126 4.89062 
1397151596.083584822 -7.69919 4.67281 
1397151596.119485714 -7.22431 4.37583 
1397151596.154476573 -6.83362 4.45956 
1397151596.189414681 -6.11761 4.08263 
1397151596.225379059 -6.36219 3.60659 
1397151596.260324578 -6.12548 3.40825 
1397151596.295363285 -5.78581 3.70727 
1397151596.331160602 -5.61687 3.31057 
1397151596.366257165 -5.12606 3.22413 
1397151596.401201242 -4.91998 2.85662 
1397151596.437253923 -4.73043 2.30311 
1397151596.472226800 -4.49718 2.57932 
1397151596.507038312 -4.26279 2.48636 
1397151596.542898466 -3.93648 2.30311 
1397151596.577837522 -3.77382 2.12343 
1397151596.612958762 -3.44938 1.58957 
1397151596.648981615 -3.11525 1.58484 
1397151596.683969120 -2.87102 1.41172 
1397151596.718859717 -2.71195 1.32635 
1397151596.754847942 -2.23887 1.05594 
1397151596.789863741 -1.99843 0.877971 
1397151596.824601684 -1.83931 0.455126 
1397151596.860628757 -1.60175 0.535998 
1397151596.895594000 -1.44337 0.0847842 
1397151596.930614310 -1.13255 -0.0931896 
1397151596.966568487 -0.975412 -0.0931896 
1397151597.001471155 -0.514576 -0.250062 
1397151597.036449767 -0.576999 -0.527282 
1397151597.072262430 -0.346027 -0.781494 
1397151597.107374782 -0.116647 -0.781494 
1397151597.142457243 0.127412 -1.10837 
1397151597.178108450 0.406667 -1.38951 
1397151597.213236929 0.425215 -1.67411 
1397151597.249218564 0.80813 -1.85416 
1397151597.283987237 0.89801 -1.96046 
1397151597.319104754 1.12315 -2.17622 
1397151597.355108103 1.09897 -2.32554 
1397151597.389979726 1.25565 -2.60523 
1397151597.424958061 1.59812 -2.60523 
1397151597.461006517 1.88593 -2.67379 
1397151597.495743793 1.75717 -2.80935 
1397151597.530786500 1.98077 -3.18613 
1397151597.566860792 2.20346 -3.16748 
1397151597.601861317 2.46037 -3.34753 
1397151597.636746637 2.70746 -3.52828 
1397151597.672675572 2.64631 -3.65792 
1397151597.707560224 2.9052 -4.20188 
1397151597.742464612 3.00547 -4.19513 
1397151597.778551139 3.16743 -4.32203 
1397151597.813445369 3.18651 -4.3848 
1397151597.848454980 3.12656 -4.62898 
1397151597.884469774 3.59726 -5.0605 
1397151597.919314526 3.71604 -5.06424 
1397151597.954313409 3.82121 -5.12531 
1397151597.990257555 3.83329 -5.31278 
1397151598.025328072 4.21002 -5.24619 
1397151598.060211557 4.37606 -5.43287 
1397151598.096116022 4.42771 -5.5611 
1397151598.131098051 4.48545 -5.88132 
1397151598.166065040 4.37606 -6.13167 
1397151598.201834629 4.6533 -6.13167 
1397151598.236861660 4.6565 -6.18998 
1397151598.272907199 4.99025 -6.38202 
1397151598.307858939 4.93493 -6.38202 
1397151598.342871346 5.16152 -6.43958 
1397151598.378784550 5.16152 -6.65484 
1397151598.413832048 5.27654 -6.79359 
1397151598.448573515 5.2732 -7.04882 
1397151598.484648892 5.27654 -7.0218 
1397151598.519595951 5.56615 -7.58166 
1397151598.554607617 5.6287 -7.50417 
1397151598.590599866 5.68475 -7.50417 
1397151598.625467560 5.96001 -7.90813 
1397151598.660343972 6.21424 -8.09626 
1397151598.696370245 6.269 -8.26298 
1397151598.731219237 6.39268 -7.79672 
1397151598.766303237 6.33791 -8.09626 
1397151598.802203091 6.33791 -8.24874 
1397151598.837223691 6.33791 -8.24874 
1397151598.872183856 6.46288 -8.30468 
1397151598.907985551 6.58918 -8.45903 
1397151598.943090765 6.84585 -8.71738 
1397151598.978037518 6.84585 -9.0445 
1397151599.013957709 6.97626 -8.93347 
1397151599.048838511 6.79069 -8.93347 
1397151599.083946226 6.97626 -9.03948 
1397151599.119701728 7.10808 -8.93347 
1397151599.154858543 7.37607 -9.42582 
1397151599.189906442 7.43096 -9.42579 
1397151599.225701182 7.51227 -9.59404 
1397151599.260839199 7.62177 -9.5379 
1397151599.296574379 7.23276 -9.82423 
1397151599.331633483 7.67836 -10.2888 
1397151599.366473681 7.76317 -10.4681 
1397151599.402543780 7.70688 -10.7775 
1397151599.437473665 7.76317 -10.8339 
1397151599.472454235 7.84919 -10.5935 
1397151599.508371404 7.70688 -10.964 
1397151599.543336680 8.195 -10.8501 
1397151599.578126497 8.28585 -10.7927 
1397151599.614220817 8.22913 -10.7927 
1397151599.649333131 8.17207 -10.8654 
1397151599.683975332 8.23949 -10.7348 
1397151599.720063230 8.43474 -10.9236 
1397151599.755065604 8.3562 -11.2506 
1397151599.789841541 8.26348 -12.4922 
1397151599.825958021 8.3562 -11.7893 
1397151599.860978366 8.66248 -11.7893 
1397151599.895856740 9.04773 -11.6704 
1397151599.931811909 8.8183 -12.0823 
1397151599.966849199 8.8183 -12.7426 
1397151600.001872631 8.8183 -12.5058 
1397151600.037600908 8.8183 -12.2926 
1397151600.072703893 8.87619 -13.3288 
1397151600.107596846 9.17985 -15.1235 
1397151600.143598776 9.40184 -15.497 
1397151600.178488119 9.28403 -15.0022 
1397151600.213469240 9.28403 -14.203 
1397151600.249325518 9.06136 -13.9027 
1397151600.284350332 9.28403 -13.3738 
1397151600.320348564 9.38974 -13.6057 
1397151600.355339773 9.44923 -14.5678 
1397151600.390144995 9.55688 -14.8173 
1397151600.426175361 9.66612 -15.526 
1397151600.461215100 9.71623 -16.6105 
1397151600.495975904 9.71623 -17.8282 
1397151600.532059522 10.0161 -16.396 
1397151600.567059411 9.6551 -18.1285 
1397151600.602250825 9.82828 -16.7647 
1397151600.638021246 9.6551 -15.664 
1397151600.672916567 9.88945 -15.0746 
1397151600.707796870 9.83731 -15.526 
1397151600.743761402 9.71623 -15.3353 
1397151600.778875559 9.71623 -15.7909 
1397151600.813908418 9.82828 -15.8687 
1397151600.849674143 10.0036 -15.0103 
1397151600.884743795 10.1256 -15.8041 
1397151600.919567420 10.3607 -16.6354 
1397151600.955512734 10.3607 -16.354 
1397151600.990462768 10.181 -15.5355 
1397151601.025470820 10.422 -16.6354 
1397151601.061412379 10.422 -16.9213 
1397151601.096429878 10.3607 -16.2231 
1397151601.131383311 10.422 -16.157 
1397151601.167292832 10.5433 -16.79 
1397151601.202211517 10.237 -17.845 
1397151601.237068521 10.3607 -17.8065 
1397151601.273194980 10.3607 -17.6079 
1397151601.308327134 10.3607 -16.79 
1397151601.343064990 10.5426 -16.0904 
1397151601.379114278 10.3607 -16.157 
1397151601.413966176 10.3607 -17.5067 
1397151601.448881653 10.181 -17.4411 
1397151601.484940096 10.5426 -16.7237 
1397151601.519757382 10.5433 -16.7237 
1397151601.555829863 10.4828 -16.157 
1397151601.590817679 10.1256 -14.2393 
1397151601.625696970 10.0648 -14.3054 
1397151601.661671298 10.1302 -15.5412 
1397151601.696712781 9.6551 -14.9419 
1397151601.731486112 9.71623 -13.6121 
1397151601.767485215 9.95022 -12.898 
1397151601.802377741 10.1915 -12.5997 
1397151601.837296176 10.1302 -11.9256 
1397151601.873350645 10.0161 -11.2795 
1397151601.908242168 10.0161 -11.1367 
1397151601.943280389 9.95685 -11.0028 
1397151601.979152817 9.55688 -11.07 
1397151602.014136980 9.50834 -10.6596 
1397151602.049084622 9.28403 -10.923 
1397151602.084950286 9.40184 -10.0644 
1397151602.120010122 9.40184 -10.1932 
1397151602.155056832 9.63309 -10.2601 
1397151602.190934035 9.62546 -9.99748 
1397151602.225908135 9.68348 -10.0691 
1397151602.260878994 9.22457 -9.68073 
1397151602.296805704 9.57581 -9.49265 
1397151602.331718472 9.41243 -9.30704 
1397151602.366820962 9.1934 -9.05707 
1397151602.402849046 9.09142 -9.07495 
1397151602.437788911 9.03387 -8.87626 
1397151602.473693224 9.09142 -8.45438 
1397151602.508558022 9.09142 -8.28042 
1397151602.543442285 8.58311 -8.2128 
1397151602.579343009 8.77785 -7.97295 
1397151602.614454818 8.5663 -7.63594 
1397151602.649398409 8.41402 -7.30721 
1397151602.685242596 8.32092 -7.50967 
1397151602.720300051 8.41402 -7.14585 
1397151602.755188328 8.47148 -7.14585 
1397151602.791089031 8.39826 -6.829 
1397151602.826207050 7.58893 -6.829 
1397151602.861064150 7.8794 -6.67343 
1397151602.897053778 7.8794 -6.67343 
1397151602.932021850 7.31343 -6.36783 
1397151602.966913428 7.23276 -6.08049 
1397151603.002802202 7.25614 -5.8628 
1397151603.037802182 7.06091 -5.71626 
1397151603.072764065 6.92484 -5.35835 
1397151603.108693249 6.61525 -5.21683 
1397151603.143833272 6.58299 -5.07544 
1397151603.178773926 6.58299 -5.14641 
1397151603.214659469 6.45268 -4.93859 
1397151603.249558800 6.20831 -4.60264 
1397151603.284522276 5.96391 -4.26978 
1397151603.320585244 5.77877 -4.34808 
1397151603.355418882 5.83776 -4.0701 
1397151603.391406184 5.77877 -4.14041 
1397151603.426418156 5.75639 -3.63671 
1397151603.461201311 5.40821 -3.6195 
1397151603.497272530 5.34619 -3.77561 
1397151603.532278614 5.16752 -3.30167 
1397151603.567226525 5.28725 -3.1804 
1397151603.603192013 4.93173 -3.0604 
1397151603.638197068 4.70069 -2.82413 
1397151603.673185713 4.81562 -2.96626 
1397151603.708946328 4.81562 -2.5634 
1397151603.743900624 4.70069 -2.40681 
1397151603.778988565 4.30347 -2.29401 
1397151603.814946636 4.36271 -2.18233 
1397151603.849938252 4.13342 -2.43723 
1397151603.884748405 4.02409 -1.9993 
1397151603.920669082 3.74861 -2.03418 
1397151603.955633698 3.8086 -1.8539 
1397151603.990821070 3.58206 -1.78144 
1397151604.026679295 3.37277 -1.42113 
1397151604.061663874 3.38994 -1.31587 
1397151604.096553788 3.22779 -1.21162 
1397151604.132549540 2.96595 -1.21162 
1397151604.167449010 2.86661 -1.15276 
1397151604.202386288 2.86661 -1.0235 
1397151604.238430329 2.92695 -0.73017 
1397151604.273435606 2.54881 -0.80441 
1397151604.308303661 2.39065 -1.16662 
1397151604.344282619 2.23296 -1.0235 
1397151604.379170020 2.23296 -0.655489 
1397151604.414164199 2.32273 -0.655489 
1397151604.450194179 2.29492 -0.63119 
1397151604.485208084 2.0441 -0.63119 
1397151604.520120359 1.9821 -0.147051 
1397151604.556068378 1.89059 -0.346214 
1397151604.591072562 1.73343 -0.252914 
1397151604.626029128 1.64193 -0.107472 
1397151604.661927443 1.39809 -0.18049 
1397151604.696988090 1.49738 -0.252914 
1397151604.732805341 1.15695 -0.252914 
1397151604.767802104 1.24529 -0.466707 
1397151604.802791865 1.13306 0.224521 
1397151604.838719008 0.982551 0.0220875 
1397151604.873684982 0.896465 0.0945113 
1397151604.908706261 0.896465 0.184587 
1397151604.944553711 0.874785 0.0403247 
1397151604.979560646 0.896465 0.420528 
1397151605.014557959 0.896465 0.405462 
