1397224744.377270256 -0.165018 0.294835 
1397224744.477652744 0.00296296 0.294835 
1397224744.578211610 -0.0735553 0.734086 
1397224744.678822097 -0.0735553 0.211779 
1397224744.779351906 -0.165018 0.394258 
1397224744.879804991 -0.165018 0.548549 
1397224744.980264604 -0.0126113 0.548549 
1397224745.080768179 0.0788516 0.647965 
1397224745.181287229 -0.0735553 0.548549 
1397224745.281720825 -0.0884999 0.647965 
1397224745.382176967 0.00296296 0.647965 
1397224745.482610383 -0.165018 0.129462 
1397224745.583068554 -0.0735553 0.721592 
1397224745.683528709 -0.0884999 0.647965 
1397224745.783994443 -0.0884999 0.562628 
1397224745.884441791 -0.0735553 0.548549 
1397224745.984887051 0.00296296 0.647965 
1397224746.085322633 -0.0735553 0.647965 
1397224746.185702444 -0.0735553 0.647965 
1397224746.286202679 -0.165018 0.647965 
1397224746.386630146 -0.165018 0.548549 
1397224746.487047874 -0.0735553 0.548549 
1397224746.587614838 -0.0735553 0.211779 
1397224746.688026746 -0.319978 0.548549 
1397224746.788334691 0.00296296 0.562628 
1397224746.888797438 -0.165018 0.647965 
1397224746.989311234 0.00296296 0.647965 
1397224747.089913258 -0.165018 0.647965 
1397224747.190378595 0.228776 0.647965 
1397224747.290847827 -0.0126113 0.548549 
1397224747.391297921 0.284828 0.647965 
1397224747.491738632 0.357703 0.821001 
1397224747.592269999 0.302829 0.734086 
1397224747.692695513 -0.255677 0.647965 
1397224747.794450303 -0.0735553 0.647965 
1397224747.895019151 0.00296296 0.647965 
1397224747.995521252 -0.0280037 0.562628 
1397224748.095929058 -0.165018 0.463209 
1397224748.196361597 -0.165018 0.311204 
1397224748.296810262 -0.0884999 0.211779 
1397224748.397233066 -0.345544 0.394258 
1397224748.497479580 -0.43463 0.228888 
1397224748.597903809 -0.255677 0.647965 
1397224748.698318307 -0.165018 0.734086 
1397224748.798885025 -0.345544 0.562628 
1397224748.899282218 -0.345544 0.746462 
1397224748.999630656 -0.345544 0.647965 
1397224749.100050770 -0.206962 0.548549 
1397224749.200546547 -0.522944 0.478063 
1397224749.301023086 -0.358115 0.394258 
1397224749.401472608 -0.522944 0.548549 
1397224749.502007228 -0.522944 0.647965 
1397224749.602395569 -0.522944 0.562628 
1397224749.702692376 -0.43463 0.844053 
1397224749.803045632 -0.358115 0.844053 
1397224749.903424011 -0.206962 0.844053 
1397224750.003873923 -0.522944 0.746462 
1397224750.104323173 -0.43463 0.746462 
1397224750.204761155 -0.29528 0.758723 
1397224750.305234164 -0.522944 0.832579 
1397224750.405681863 -0.600094 0.492764 
1397224750.506115960 -0.370546 0.94075 
1397224750.606688675 -0.282229 0.94075 
1397224750.707125379 -0.370546 1.03657 
1397224750.807571468 -0.29528 1.03657 
1397224750.908013157 -0.0582508 0.94075 
1397224751.008497678 -0.132306 0.94075 
1397224751.108930883 -0.132306 1.03657 
1397224751.209361771 0.214972 0.782903 
1397224751.309727969 0.232119 1.02686 
1397224751.410032771 0.232119 0.94075 
1397224751.510474123 -0.308184 0.770869 
1397224751.611038165 -0.407011 1.02686 
1397224751.711524790 -0.481061 0.770869 
1397224751.812002452 -0.260678 0.770869 
1397224751.912386506 -0.481061 0.782903 
1397224752.012667880 -0.492351 0.644213 
1397224752.113148452 -0.418894 0.564062 
1397224752.213656497 -0.566399 0.818352 
1397224752.314341854 -0.566399 0.737498 
1397224752.414789222 -0.346021 0.982216 
1397224752.515070015 -0.407011 1.07466 
1397224752.615497542 -0.566399 0.982216 
1397224752.715950712 -0.481061 1.06525 
1397224752.816442531 -0.333552 1.06525 
1397224752.916920832 -0.273722 1.07466 
1397224753.017367628 -0.481061 1.15769 
1397224753.117860854 -0.333552 1.07466 
1397224753.218311252 -0.346021 1.06525 
1397224753.318709287 -0.273722 0.992371 
1397224753.419082066 -0.273722 1.07466 
1397224753.519303811 -0.273722 0.982216 
1397224753.619728797 -0.358346 1.16629 
1397224753.720185139 -0.228741 1.25711 
1397224753.820627224 -0.525472 1.34714 
1397224753.921091430 -0.453745 1.34714 
1397224754.021538862 -0.525472 1.43015 
1397224754.121958163 -0.689829 1.34714 
1397224754.222255036 -0.607992 1.10248 
1397224754.322695668 -0.525472 1.51939 
1397224754.423161717 -0.525472 1.43639 
1397224754.523710659 -0.680283 1.43639 
1397224754.624214520 -0.536267 1.43639 
1397224754.724742463 -0.254869 1.43015 
1397224754.825213371 0.100612 1.34714 
1397224754.925460272 -0.0348384 1.26487 
1397224755.025985746 -0.311958 0.864152 
1397224755.126435439 -0.0493883 1.19174 
1397224755.226859830 -0.117366 1.19174 
1397224755.327313329 -0.336714 1.11161 
1397224755.427816302 -0.324408 1.02235 
1397224755.528300281 -0.324408 1.03218 
1397224755.628784217 -0.0493883 0.708655 
1397224755.729219282 -0.254869 0.786071 
1397224755.829680509 -0.241882 1.03218 
1397224755.930258753 -0.254869 0.797938 
1397224756.030854868 -0.241882 0.942907 
1397224756.131385068 -0.254869 0.875351 
1397224756.231924076 -0.172342 1.03218 
1397224756.332472934 -0.336714 1.11161 
1397224756.432994960 -0.487423 1.02235 
1397224756.533463986 -0.417886 1.03218 
1397224756.633980636 -0.498394 0.875351 
1397224756.734501924 -0.567929 0.875351 
1397224756.835158727 -0.567929 0.786071 
1397224756.935599408 -0.567929 0.569593 
1397224757.035937628 -0.578245 0.72118 
1397224757.136472399 -0.567929 0.786071 
1397224757.237018008 -0.647778 0.631894 
1397224757.337536305 -0.647778 0.797938 
1397224757.438001492 -0.647778 0.797938 
1397224757.538306502 -0.292921 0.786071 
1397224757.638635271 -0.567929 0.631894 
1397224757.739140374 -0.578245 0.480302 
1397224757.839573479 -0.657449 0.315381 
1397224757.939797529 -0.567929 0.132858 
1397224758.040041107 -0.578245 0.00364807 
1397224758.140274622 -0.567929 0.040383 
1397224758.240565659 -0.578245 0.115237 
1397224758.340993721 -0.657449 0.040383 
1397224758.441491162 -0.429386 0.040383 
1397224758.542088770 -0.305308 -0.221283 
1397224758.642571603 0.0395134 -0.389883 
1397224758.743013928 -0.225451 -0.462898 
1397224758.843461655 -0.372777 -0.462898 
1397224758.943930379 -0.647778 -0.631152 
1397224759.044298849 -0.578245 -0.462898 
1397224759.144774491 -0.578245 -0.70298 
1397224759.245281994 -0.417886 -0.799684 
1397224759.345855546 -0.185858 -1.2773 
1397224759.446391666 0.0180836 -1.3463 
1397224759.546901799 -0.172342 -1.31629 
1397224759.647336663 -0.254869 -1.54595 
1397224759.747643462 -0.172342 -1.33735 
1397224759.848058559 -0.172342 -1.5782 
1397224759.948506573 -0.241882 -1.91773 
1397224760.049010123 -0.241882 -1.81777 
1397224760.149520703 -0.324408 -1.88566 
1397224760.250029369 -0.117366 -2.09287 
1397224760.350504239 -0.254869 -2.3984 
1397224760.450996061 -0.241882 -2.50445 
1397224760.551491507 -0.0493883 -2.50445 
1397224760.651951012 -0.324408 -2.50445 
1397224760.752434125 -0.324408 -2.80735 
1397224760.852984039 -0.324408 -2.95977 
1397224760.953444120 -0.324408 -3.13469 
1397224761.053940037 -0.241882 -3.19895 
1397224761.154355948 -0.158665 -3.54951 
1397224761.254844744 0.00987843 -3.65049 
1397224761.355299451 0.216923 -3.77744 
1397224761.455795715 0.00987843 -3.90251 
1397224761.556324367 0.00987843 -4.01814 
1397224761.656931586 0.0952235 -3.96436 
1397224761.757456985 0.164764 -4.19674 
1397224761.857907513 0.00987843 -4.73604 
1397224761.958372114 0.0952235 -4.49512 
1397224762.058843677 0.164764 -4.73671 
1397224762.173603274 0.00987843 -5.1004 
1397224762.274086692 0.0952235 -5.28341 
1397224762.374521987 0.267745 70.1733 
1397224762.475045878 0.352369 -5.46724 
1397224762.575515050 69.1081 -5.5937 
1397224762.676029659 0.00987843 -6.13729 
1397224762.776582439 -70.2054 -6.0238 
1397224762.877084075 0.268108 -6.19346 
1397224762.977697724 0.355666 -75.6036 
1397224763.078335172 0.30329 -6.26761 
1397224763.178866149 -13.218 -69.0963 
1397224763.279358988 -13.8181 0.148139 
1397224763.379970753 -14.664 0.250672 
1397224763.480502466 -14.5919 -0.196778 
1397224763.580964522 -14.9347 -0.137756 
1397224763.681412786 -15.398 -0.391689 
1397224763.781835746 -15.5271 -0.28704 
1397224763.882104604 -16.0805 -0.440755 
1397224763.982521918 -16.5145 -0.357821 
1397224764.083068180 -16.2885 -0.625884 
1397224764.183550697 -17.2586 -0.76214 
1397224764.284058855 -17.5223 -0.976884 
1397224764.384528513 -17.9356 -1.03921 
1397224764.485042231 -18.2422 -1.32253 
1397224764.585498002 -18.4726 -1.46659 
1397224764.686133862 -18.7048 -1.32253 
1397224764.786705564 -18.7427 -1.46659 
1397224764.887245076 -18.2051 -1.54048 
1397224764.987665712 -19.4497 -1.57822 
1397224765.088127968 -19.7256 -1.6165 
1397224765.188547547 -19.1246 -1.6165 
1397224765.288992428 -19.9668 -1.6165 
1397224765.389603541 -19.8339 -1.6165 
1397224765.490116918 -19.6673 -1.76907 
1397224765.590562767 -18.8809 -1.54039 
1397224765.690858856 -19.1811 -1.27156 
1397224765.791372959 -19.3763 -1.42417 
1397224765.891847454 -20.0452 -1.15404 
1397224765.992061514 -20.0798 -1.03523 
1397224766.092321628 -20.4903 -1.30667 
1397224766.192742275 -21.1914 -1.50277 
1397224766.293149476 -21.0452 -1.03523 
1397224766.393550958 -21.3247 -1.08782 
1397224766.494178444 -21.1118 -0.824114 
1397224766.594724795 -21.5401 -0.706568 
1397224766.695290355 -21.7579 -0.441942 
1397224766.795886094 -22.0433 0.0467743 
1397224766.896443053 -21.6704 0.586064 
1397224766.996974481 -21.6704 0.726964 
1397224767.097575078 -21.2752 0.855412 
1397224767.197878647 -21.5197 1.26869 
1397224767.298398849 -21.5835 1.14801 
1397224767.398916124 -21.8296 2.06224 
1397224767.499403086 -22.0151 2.32675 
1397224767.599897400 -22.2971 2.45555 
1397224767.700373026 -22.2971 2.45555 
1397224767.800842883 -22.3897 3.10655 
1397224767.901315197 -21.709 3.50894 
1397224768.001886470 -22.1399 3.75138 
1397224768.102347955 -22.1399 3.70987 
1397224768.202783800 -22.8352 4.24727 
1397224768.303189014 -22.359 4.87844 
1397224768.403471223 -22.8352 5.02503 
1397224768.503882770 -22.5806 4.99032 
1397224768.604313218 -22.5806 5.5052 
1397224768.704758952 -21.709 5.76336 
1397224768.805328115 -22.5806 6.12812 
1397224768.905834836 -22.6112 6.49013 
1397224769.006238430 -22.6112 6.90428 
1397224769.106687224 -22.359 6.95031 
1397224769.207148102 -21.9542 6.89556 
1397224769.307624034 -21.9233 7.6578 
1397224769.408100310 -21.861 7.91336 
1397224769.508641876 -20.8126 7.91336 
1397224769.609139813 -20.5781 8.10219 
1397224769.709753778 -20.546 8.44873 
1397224769.810342832 -19.8861 8.44873 
1397224769.910895772 -21.5197 8.54 
1397224770.011432066 -21.423 8.24239 
1397224770.111895269 -21.3904 8.80874 
1397224770.212347567 -21.3904 8.89668 
1397224770.312816338 -21.3576 8.75055 
1397224770.413261003 -21.2584 8.67927 
1397224770.513693955 -20.7331 8.7643 
1397224770.614020005 -19.2865 8.7643 
1397224770.714520128 -20.0105 8.93212 
1397224770.814752509 -19.7029 9.09701 
1397224770.915048590 -19.4314 9.49053 
1397224771.015531361 -18.8084 9.65354 
1397224771.116038861 -19.0879 9.81375 
1397224771.216506113 -18.6239 9.5747 
1397224771.316919759 -18.3189 9.41834 
1397224771.417263676 -17.4957 9.41834 
1397224771.517801212 -17.3781 9.18964 
1397224771.618323058 -16.9959 9.26775 
1397224771.718827444 -16.3384 9.11674 
1397224771.819358082 -16.2547 8.96742 
1397224771.919578765 -15.5666 8.26097 
1397224772.019848181 -14.8903 8.46442 
1397224772.120291544 -14.4757 8.10575 
1397224772.220731059 -14.0208 7.83104 
1397224772.321212899 -13.3693 7.61719 
1397224772.421798249 -12.7759 7.61719 
1397224772.522305762 -12.4322 7.35128 
1397224772.622764249 -11.85 7.22048 
1397224772.723306787 -11.2257 6.38488 
1397224772.823870396 -10.5302 6.58729 
1397224772.924238966 -9.97956 6.22332 
1397224773.024711394 -9.56105 5.74516 
1397224773.125167997 -9.0282 5.4315 
1397224773.225700623 -8.49053 5.01006 
1397224773.326128260 -7.55876 4.73162 
1397224773.426563810 -7.19802 4.32132 
1397224773.526801830 -5.95388 3.91987 
1397224773.627012246 -5.62446 3.42678 
1397224773.727233972 -4.97036 3.0537 
1397224773.827564711 -4.5759 2.39767 
1397224773.928000827 -4.19988 2.49509 
1397224774.028497205 -3.90737 1.93848 
1397224774.128992059 -3.30683 1.48071 
1397224774.229458138 -2.65327 1.20957 
1397224774.329753540 -2.08164 0.687073 
1397224774.430047276 -1.44292 0.0847841 
1397224774.530478726 -1.19209 -0.371743 
1397224774.631056093 -0.868684 -0.730796 
1397224774.731497338 -0.220625 -1.16651 
1397224774.831743209 0.1043 -1.48509 
1397224774.932069559 0.411072 -1.85161 
1397224775.032583182 0.897276 -2.10843 
1397224775.133120787 1.33271 -2.3942 
1397224775.233587275 1.75634 -2.82634 
1397224775.333990265 1.97801 -3.12289 
1397224775.434466151 2.2384 -3.63734 
1397224775.534884888 2.46593 -3.87229 
1397224775.635358033 2.79332 -4.05616 
1397224775.735837403 3.28793 -4.73677 
1397224775.836290217 3.41008 -4.7987 
1397224775.936770369 3.80022 -5.04787 
1397224776.037375579 3.96589 -5.49289 
1397224776.137957275 4.35012 -5.68417 
1397224776.238541507 4.519 -6.18761 
1397224776.339053436 5.02898 -6.32226 
1397224776.439482206 5.14427 -6.51676 
1397224776.540010181 5.26015 -7.07891 
1397224776.640502072 5.43386 -7.10622 
1397224776.741012413 5.60829 -7.30477 
1397224776.841480437 5.7198 -7.44817 
1397224776.941971754 5.9594 -7.76055 
1397224777.042418399 6.08098 -8.10996 
1397224777.142884964 6.54603 -8.16456 
1397224777.243323792 6.50802 -8.61819 
1397224777.343889778 6.70715 -8.77944 
1397224777.444269812 7.29101 -8.98306 
1397224777.544554215 7.42245 -9.24684 
1397224777.644990990 7.47533 -9.5158 
1397224777.745367860 7.63617 -10.0112 
1397224777.845869350 7.50103 -9.95786 
1397224777.946323662 7.77655 -10.363 
1397224778.046804576 8.09019 -10.6607 
1397224778.147370375 8.12281 -10.6061 
1397224778.247957544 7.97839 -10.9663 
1397224778.348523386 8.41616 -11.2578 
1397224778.448928097 8.71568 -11.8419 
1397224778.549272399 8.65943 -12.1177 
1397224778.649861547 8.69804 -12.0749 
1397224778.750337454 8.73689 -12.8293 
1397224778.850851617 9.1645 -13.2488 
1397224778.951256957 9.00738 -13.137 
1397224779.051560475 9.54046 -13.4539 
1397224779.152036517 9.41534 -14.1184 
1397224779.252536227 9.57946 -15.2082 
1397224779.353153269 9.52086 68.8428 
1397224779.453830092 9.74534 -15.8404 
1397224779.554251365 69.2366 -16.7649 
1397224779.654818848 9.85451 -15.5366 
1397224779.755199890 -69.1636 -15.2928 
1397224779.855702548 10.1953 -15.4208 
1397224779.956220274 9.95769 -16.1703 
1397224780.056842854 10.0177 -17.1538 
1397224780.157340228 -71.0483 23.2404 
1397224780.257855685 -22.0465 2.05974 
1397224780.358326209 -22.2971 2.84469 
1397224780.458771165 -21.709 3.36858 
1397224780.559082054 -22.359 3.75138 
1397224780.659571461 -22.1399 4.50615 
1397224780.760073000 -22.3281 4.7654 
1397224780.860652176 -21.74 5.39571 
1397224780.961096106 -22.5806 5.95995 
1397224781.061476621 -22.359 6.06815 
1397224781.161795783 -22.5806 6.38623 
1397224781.262459966 -22.1089 7.1643 
1397224781.362945259 -21.9233 7.14893 
1397224781.463407435 -21.4659 7.91336 
1397224781.563946154 -21.6151 7.8486 
1397224781.664455697 -21.5517 8.44873 
1397224781.764975808 -21.4877 8.54 
1397224781.865341889 -21.2428 8.71999 
1397224781.965591664 -20.5536 8.64778 
1397224782.065950997 -21.3247 8.98383 
1397224782.166385010 -20.8345 8.67927 
1397224782.266864133 -20.1485 9.32463 
1397224782.367343398 -19.0235 9.33018 
1397224782.467829454 -18.5371 9.57239 
1397224782.568229592 -18.0197 9.73399 
1397224782.668756600 -18.2428 9.49548 
1397224782.769244327 -17.573 9.26374 
1397224782.869726830 -16.9186 9.11088 
1397224782.970332090 -16.9373 8.88918 
1397224783.070920567 -16.034 8.89741 
1397224783.171370405 -15.4033 8.40051 
1397224783.271782586 -14.4062 7.98647 
1397224783.372228334 -13.6635 7.5623 
1397224783.472828197 -13.1222 7.4835 
1397224783.573357550 -11.8223 6.9631 
1397224783.673921076 -11.278 6.22332 
1397224783.774404579 -10.5539 5.71007 
1397224783.874859624 -9.13671 5.62874 
1397224783.975389077 -8.60892 5.4315 
1397224784.075808117 -7.784 4.59804 
1397224784.176074631 -7.02448 4.21507 
1397224784.276481422 -6.16512 3.61359 
1397224784.377050981 -5.219 2.96464 
1397224784.477591163 -4.64709 2.40058 
1397224784.578168706 -3.72464 2.12271 
1397224784.678697237 -2.90266 1.3922 
1397224784.779174157 -2.08164 0.674163 
1397224784.879795276 -1.35369 -0.271389 
1397224784.980393976 -0.716306 -0.653378 
1397224785.080979777 -0.14657 -1.37788 
1397224785.181388883 0.552855 -2.21331 
1397224785.281855377 1.26527 -2.32363 
1397224785.382358391 1.75022 -2.87105 
1397224785.482823836 2.49356 -3.42342 
1397224785.583289228 2.75513 -3.92645 
1397224785.683585552 3.12257 -4.42598 
1397224785.784140783 3.80022 -4.98621 
1397224785.884725676 4.12271 -5.36363 
1397224785.985246903 4.46067 -5.79202 
1397224786.085482932 4.74324 -6.18761 
1397224786.185697490 5.08716 -6.57476 
1397224786.286074997 5.31687 -6.96584 
1397224786.386602351 6.05772 -7.44817 
1397224786.486902804 6.17801 -7.85158 
1397224786.587392066 6.63515 -8.25956 
1397224786.687894062 6.57942 -8.6723 
1397224786.788397852 6.83616 -8.82682 
1397224786.888881851 7.18419 -9.24684 
1397224786.989350703 7.36536 -9.73705 
1397224787.089839333 7.25457 -10.2441 
1397224787.190356664 7.66598 -10.4837 
1397224787.290877758 7.75014 -10.7686 
1397224787.391352842 8.28984 -10.8937 
1397224787.491800615 8.47213 -10.8008 
1397224787.592322592 8.75501 -11.4917 
1397224787.692808727 8.96535 -12.4387 
1397224787.793381558 9.04968 -12.019 
1397224787.893874388 9.09227 -13.2488 
1397224787.994387565 9.41534 -13.6728 
1397224788.094759305 9.57946 -14.3452 
1397224788.195272105 9.85451 -15.1094 
1397224788.295673331 10.0774 -16.2853 
1397224788.395950553 10.0177 -17.8632 
1397224788.496397520 10.1953 -17.7502 
1397224788.596866897 9.95769 -16.8888 
1397224788.697269361 9.95769 -16.7422 
1397224788.797598591 10.1311 -16.5686 
1397224788.898114874 10.5435 -17.0958 
1397224788.998596293 10.3064 -16.368 
1397224789.099131404 10.0707 -14.9389 
1397224789.199608328 10.1311 -14.3973 
1397224789.300222605 10.3098 -13.635 
1397224789.400655994 9.95769 -13.635 
1397224789.501189707 10.0177 -12.0931 
1397224789.601639434 10.024 -11.2674 
1397224789.702260410 9.85451 -10.6732 
1397224789.802829638 9.52086 -10.7297 
1397224789.903363465 9.19424 -10.1603 
1397224790.003848974 9.19424 -9.71918 
1397224790.104352373 8.71709 -9.1709 
1397224790.204876965 8.52479 -8.70673 
1397224790.305327269 8.48839 -7.89686 
1397224790.405703283 8.47213 -7.367 
1397224790.506034913 8.32473 -7.04619 
1397224790.606544502 7.89158 -6.86812 
1397224790.707050838 7.1866 -6.20621 
1397224790.807451253 7.06423 -5.54965 
1397224790.907683077 6.66906 -4.85073 
1397224791.007920480 5.94949 -4.44043 
1397224791.108224765 5.63754 -3.84709 
1397224791.208667406 5.38428 -3.46975 
1397224791.309107557 4.79263 -3.26748 
1397224791.409569086 4.32677 -2.77589 
1397224791.510104406 4.05241 -2.18598 
1397224791.610564608 3.49809 -2.18075 
1397224791.711024218 3.28793 -2.06647 
1397224791.811491977 2.79332 -1.28494 
1397224791.912008305 2.59257 -0.781422 
1397224792.012478458 2.36087 -0.503676 
1397224792.112906827 1.88491 -0.228978 
1397224792.213369649 1.69806 -0.13137 
1397224792.313836952 1.64126 0.233609 
1397224792.414277178 1.14039 0.250315 
1397224792.514771581 1.05133 0.343611 
1397224792.615231682 0.81 0.343611 
1397224792.715662441 0.637141 0.343611 
1397224792.816036777 0.334716 0.343611 
1397224792.916336465 0.183829 0.266842 
1397224793.016804849 0.183829 0.19072 
1397224793.117281107 0.217531 0.132858 
1397224793.217831350 0.0331398 0.040383 
1397224793.318154578 -0.131235 -0.127149 
1397224793.418611126 -0.0919985 -0.462898 
1397224793.518999132 -0.21241 -0.870929 
1397224793.619435370 -0.131235 -1.24784 
1397224793.719942232 -0.0493883 -1.40744 
1397224793.820375983 -0.0493883 -1.71561 
1397224793.920854686 -0.185858 -2.12297 
1397224794.021302484 -0.172342 -2.50445 
1397224794.121731143 -0.241882 -2.95977 
1397224794.222125692 0.116358 -3.32602 
1397224794.322421649 -0.00520708 -3.78802 
1397224794.422855787 0.0794194 -4.43955 
1397224794.523289282 0.419339 -4.67629 
1397224794.623750320 0.504679 -5.34956 
1397224794.724181224 0.00987843 -5.5937 
1397224794.824644292 0.388337 -6.26761 
1397224794.925088447 0.456311 -6.69946 
1397224795.025507449 0.355666 -7.21626 
1397224795.126006017 0.249475 -7.60282 
1397224795.226533922 0.429999 -8.15047 
1397224795.327019819 0.429999 -8.84034 
1397224795.427429193 0.501727 -9.24167 
1397224795.527857912 0.284828 -9.55439 
1397224795.628122519 0.488197 -10.1806 
1397224795.728597414 0.488197 -10.605 
1397224795.829079690 0.634521 -10.8672 
1397224795.929579336 0.582126 -11.1842 
1397224796.030124069 0.602854 -11.3093 
1397224796.130712620 0.508078 -11.4362 
1397224796.231252071 0.508078 -11.4362 
1397224796.331748289 0.433426 69.594 
1397224796.432251741 0.377057 -10.8146 
1397224796.532510544 68.9616 -10.7139 
1397224796.632832599 0.396183 -10.5603 
1397224796.733306973 -70.068 -10.1692 
1397224796.833859028 0.590088 -9.56896 
1397224796.934373933 0.892369 -75.6036 
1397224797.034864443 0.688375 -8.65336 
1397224797.135312552 -69.8849 24.3687 
1397224797.235644011 0.30258 8.32327 
1397224797.336211428 0.692601 8.97442 
1397224797.436616561 1.19164 8.91186 
1397224797.537118417 2.09751 9.13052 
1397224797.637555824 2.79143 8.9865 
1397224797.737909521 3.19504 8.84406 
1397224797.838284659 4.04868 8.7032 
1397224797.938681782 5.06642 8.56388 
1397224798.039145817 5.79117 7.96423 
1397224798.139637674 6.73745 7.83381 
1397224798.240123363 7.44042 7.32594 
1397224798.340601175 8.3634 7.10009 
1397224798.441113775 9.22393 6.65619 
1397224798.541691582 10.0992 6.14492 
1397224798.642195251 11.2656 5.60834 
1397224798.742646157 12.2263 4.79595 
1397224798.843098741 13.2077 4.21944 
1397224798.943534832 14.0419 3.67016 
1397224799.043972392 14.8168 3.29412 
1397224799.144391747 15.5409 2.65998 
1397224799.244684531 16.1103 2.66506 
1397224799.345139892 16.632 2.39488 
1397224799.445711771 17.084 1.85196 
1397224799.546175086 17.6747 1.58423 
1397224799.646572853 18.0595 1.32599 
1397224799.747047021 18.212 1.06525 
1397224799.847497992 18.2371 1.06525 
1397224799.950007387 18.0865 0.749811 
1397224800.050312939 17.9127 0.818352 
1397224800.150752889 17.3257 0.921597 
1397224800.251218657 16.7858 1.01243 
1397224800.351715186 16.6531 1.02235 
1397224800.452225822 15.9188 1.10248 
1397224800.552707592 15.2461 1.27257 
1397224800.653225965 14.4011 1.36106 
1397224800.753671472 13.4317 1.38168 
1397224800.854175833 12.6395 1.87381 
1397224800.954622810 11.8412 2.0401 
1397224801.055023236 10.9008 1.87639 
1397224801.155551456 10.0498 2.0401 
1397224801.255994437 8.93125 2.45473 
1397224801.356429657 7.98532 2.62431 
1397224801.456861328 6.86974 2.7056 
1397224801.557306075 5.53601 2.62431 
1397224801.657749092 4.65233 2.71505 
1397224801.758173015 3.3743 2.71999 
1397224801.858552067 2.47601 2.80835 
1397224801.958843912 1.39768 2.46799 
1397224802.059267034 0.302266 2.65025 
1397224802.159734226 -0.770991 2.65998 
1397224802.260177385 -2.14864 2.57238 
1397224802.360442647 -3.58957 2.30306 
1397224802.460910907 -4.23082 2.21424 
1397224802.561403998 -5.68977 2.12357 
1397224802.661995667 -6.93485 1.83691 
1397224802.762518745 -8.02641 1.54162 
1397224802.862924732 -9.20118 1.14324 
1397224802.963223249 -10.0888 0.819093 
1397224803.063548629 -10.9021 0.60351 
1397224803.164042411 -11.4842 0.479243 
1397224803.264486555 -12.6779 0.335168 
1397224803.364837258 -13.21 0.386544 
1397224803.465399350 -14.5209 -0.396729 
1397224803.566035696 -15.2747 -0.264045 
1397224803.666464849 -15.9504 -0.572601 
1397224803.766788868 -16.816 -0.840643 
1397224803.867258371 -17.2586 -1.00784 
1397224803.967697094 -17.6402 -1.18008 
1397224804.068164403 -18.5107 -1.32253 
1397224804.168554278 -19.1749 -1.42913 
1397224804.268977710 -19.4864 -1.90867 
1397224804.369486812 -19.7619 -1.6165 
1397224804.470145924 -19.8695 -1.6165 
1397224804.570700514 -20.3515 -1.76907 
1397224804.671213801 -20.8759 -1.15404 
1397224804.771641453 -20.7671 -1.15404 
1397224804.872155516 -20.4201 -0.61504 
1397224804.972634735 -21.2916 -0.223242 
1397224805.073139197 -21.3904 0.333434 
1397224805.173654618 -20.5865 0.586064 
1397224805.274127136 -21.4877 1.13247 
1397224805.374615973 -21.5197 1.40339 
1397224805.475022241 -21.5517 2.32675 
1397224805.575464592 -21.8296 2.98195 
1397224805.675998385 -22.2971 3.38574 
1397224805.776460290 -22.3281 4.03681 
1397224805.876956542 -21.9233 4.53573 
1397224805.977500153 -21.2877 5.28509 
1397224806.078038767 -22.359 5.76336 
1397224806.178501649 -21.709 6.38623 
1397224806.279048216 -21.0806 7.10672 
1397224806.379597729 -21.0176 7.72087 
1397224806.480140738 -20.8443 8.00823 
1397224806.580612946 -21.5517 8.44873 
1397224806.681232204 -20.4489 8.63041 
1397224806.781819172 -19.7872 8.98383 
1397224806.882407077 -20.8679 9.39724 
1397224806.982892766 -20.5924 8.92125 
1397224807.083363366 -20.0452 9.24752 
1397224807.183921785 -19.4314 9.01493 
1397224807.284483055 -18.6983 8.56953 
1397224807.385002319 -18.3189 9.33904 
1397224807.485586337 -17.6011 8.88918 
1397224807.586211211 -16.4623 8.60715 
1397224807.686795143 -15.11 8.32327 
1397224807.787355777 -14.3161 8.26097 
1397224807.888063342 -12.9204 7.77402 
1397224807.988688152 -12.1436 7.0911 
1397224808.089377552 -10.8217 6.34336 
1397224808.189915646 -10.2366 6.0629 
1397224808.290404061 -8.78647 5.39953 
1397224808.390854003 -7.22941 4.53707 
1397224808.491348337 -6.36216 3.62799 
1397224808.591840190 -5.38667 2.86738 
1397224808.692313556 -4.10815 2.1231 
1397224808.792744436 -3.14323 1.29727 
1397224808.893196474 -2.32299 0.228888 
1397224808.993612464 -1.27051 -0.417065 
1397224809.094277830 -0.458102 -0.965997 
1397224809.194833317 0.321206 -1.74231 
1397224809.295377118 1.19732 -2.54752 
1397224809.395854948 1.91257 -3.30645 
1397224809.496175097 2.71743 -4.11202 
1397224809.596651340 3.08163 -4.61196 
1397224809.697073932 3.74062 -5.10909 
1397224809.797507870 4.07337 -5.6039 
1397224809.897886623 4.74324 -6.18761 
1397224809.998378211 5.08716 -6.7698 
1397224810.098887118 5.43386 -7.10622 
1397224810.199463088 5.72755 -7.64932 
1397224810.300008215 6.36807 -8.05499 
1397224810.400614175 6.70715 -8.61819 
1397224810.501130489 7.23105 -9.19256 
1397224810.601698295 7.50103 -9.79562 
1397224810.702203733 7.91643 -10.1991 
1397224810.802743530 8.30946 -10.5379 
1397224810.903314281 8.54511 -10.8564 
1397224811.003808760 8.84109 -11.6838 
1397224811.104090831 8.97908 -12.8293 
1397224811.204338682 9.10729 -13.7856 
1397224811.304826546 9.31125 -14.5747 
1397224811.405308916 9.69544 -14.9853 
1397224811.505806593 9.74534 -14.6361 
1397224811.606275123 9.79561 -16.2581 
1397224811.706733365 10.0774 -16.0898 
1397224811.807227663 10.0774 -15.1094 
1397224811.907871346 10.0177 -14.8713 
1397224812.008560715 9.95769 -14.9355 
1397224812.109134885 10.1911 -14.6972 
1397224812.209592725 10.2537 -14.6364 
1397224812.309987399 10.1311 -13.9276 
1397224812.410550759 9.84623 -12.9235 
1397224812.511055500 9.73629 -11.6754 
1397224812.611535857 9.46184 -11.067 
1397224812.712126730 9.19424 -10.3517 
1397224812.812731373 9.19424 -9.71918 
1397224812.913351853 8.77596 -8.99234 
1397224813.013920695 8.54579 -8.33632 
1397224813.114615157 8.04091 -7.59798 
1397224813.215224216 7.75025 -6.9351 
1397224813.315638207 7.32535 69.9499 
1397224813.416155608 6.8551 -5.19543 
1397224813.516623581 69.2516 -4.56644 
1397224813.617071821 5.69721 -4.1053 
1397224813.717618563 -69.7743 -3.72 
1397224813.818213164 4.85492 -2.91218 
1397224813.918861030 3.82081 -1.85161 
1397224814.019357854 -9.5204 16.9269 
1397224814.119876648 10.1311 -16.8307 
1397224814.220440063 10.1311 -15.7257 
1397224814.320941353 10.0177 -16.0535 
1397224814.421377695 10.1911 -17.364 
1397224814.521889597 9.95769 -16.6269 
1397224814.622375707 10.0177 -15.8004 
1397224814.722880585 10.1311 -16.0535 
1397224814.823415746 10.0774 -16.0535 
1397224814.923891994 9.95769 -16.1121 
1397224815.024398354 10.1311 -15.235 
1397224815.125037365 10.3064 -14.8173 
1397224815.225688789 10.3663 -15.3031 
1397224815.325907345 10.1911 -15.9175 
1397224815.426193094 10.1311 -15.6815 
1397224815.526648378 10.1311 -14.3359 
1397224815.627186035 10.1953 -14.8172 
1397224815.727640238 10.3117 -15.3707 
1397224815.827989593 10.4268 -14.8172 
1397224815.928422267 10.1911 -14.3359 
1397224816.028645169 10.3117 -14.5751 
1397224816.128888286 10.3117 -14.5751 
1397224816.229179131 10.4847 -15.2485 
1397224816.329579357 9.95769 -13.8659 
1397224816.430054852 9.96518 -13.635 
1397224816.530485174 9.61636 -13.8038 
1397224816.630795105 10.0177 -13.6968 
1397224816.731283049 10.1953 -12.7383 
1397224816.831745776 9.95769 -11.7381 
1397224816.932134687 9.84623 -11.6976 
1397224817.032484151 9.61636 -11.6572 
1397224817.132936639 9.56846 -11.8621 
1397224817.233357942 9.46184 -11.5954 
1397224817.333884172 9.62784 -10.869 
1397224817.434286286 9.6868 -10.6732 
1397224817.534563043 9.6868 -10.869 
1397224817.635004787 9.52086 -10.4797 
1397224817.735665483 9.74534 -10.668 
1397224817.836004881 9.52086 -10.0955 
1397224817.936358845 9.52086 -10.0955 
1397224818.036856822 9.25295 -10.1603 
1397224818.137322579 9.09227 -9.97116 
1397224818.237747571 9.0335 -9.59937 
1397224818.338181193 9.0335 -9.46869 
1397224818.438753182 9.09227 -9.10516 
1397224818.539257969 8.81523 -9.12237 
1397224818.639693645 8.56137 -8.5754 
1397224818.740007694 8.40728 -8.5754 
1397224818.840509425 8.46624 -8.46883 
1397224818.940938678 8.58294 -8.0636 
1397224819.041214183 8.43059 -8.0636 
1397224819.141682827 8.69804 -7.89686 
1397224819.242197248 8.43059 -7.89686 
1397224819.342665266 8.07236 -7.76622 
1397224819.443208992 8.04091 -7.34101 
1397224819.543653076 7.98299 -7.04619 
1397224819.643980756 8.09844 -7.04619 
1397224819.744440547 8.04091 -6.50963 
1397224819.844908736 7.9524 -6.35708 
1397224819.945400970 7.77895 -6.35708 
1397224820.045751122 7.46553 -6.35708 
1397224820.146230696 7.46553 -6.057 
1397224820.246578868 7.63744 -5.90944 
1397224820.347029267 7.30174 -5.83235 
1397224820.447516926 7.39032 -5.76348 
1397224820.548057459 7.19864 -5.69405 
1397224820.648551752 7.31015 -5.33507 
1397224820.749029323 6.62913 -5.26433 
1397224820.849541176 6.72512 -5.19533 
1397224820.950052458 6.66906 -4.85073 
1397224821.050686770 6.59605 -4.57438 
1397224821.151104282 6.12591 -4.36902 
1397224821.251343110 5.93186 -4.65118 
1397224821.351640174 5.81533 -3.97552 
1397224821.452055478 5.63223 -4.05987 
1397224821.552571335 5.44989 -3.72 
1397224821.653091346 5.5092 -3.75254 
1397224821.753592109 5.26831 -3.6827 
1397224821.854136521 5.14764 -3.55956 
1397224821.954578456 5.02814 -3.55956 
1397224822.054945361 4.85246 -3.6456 
1397224822.155224687 4.67658 -2.91218 
1397224822.255659916 4.67658 -2.86613 
1397224822.356126727 4.3875 -2.79388 
1397224822.456548090 4.4478 -2.60391 
1397224822.556961831 4.33506 -2.41447 
1397224822.657396926 4.46067 -2.22554 
1397224822.757872611 4.17271 -2.11185 
1397224822.858354162 4.05241 -2.21986 
1397224822.958904607 3.88203 -1.99929 
1397224823.059381651 3.60465 -1.88782 
1397224823.159875865 3.49809 -1.66814 
1397224823.260421899 3.22621 -1.66814 
1397224823.360927429 3.12257 -1.48509 
1397224823.461424403 3.2643 -1.3465 
1397224823.561980933 3.08163 -1.16651 
1397224823.662511784 2.91814 -1.28494 
1397224823.763037457 2.71743 -1.06233 
1397224823.863504304 2.71743 -0.931726 
1397224823.963939178 2.61843 -0.830449 
1397224824.064411647 2.39543 -0.73011 
1397224824.164942464 2.2982 -0.579792 
1397224824.265423501 2.20183 -0.503676 
1397224824.365981138 2.04318 -0.42691 
1397224824.466463294 1.94851 -0.305748 
1397224824.566922248 2.10632 -0.13137 
1397224824.667390770 1.79107 -0.0346492 
1397224824.767853467 1.69806 -0.0346492 
1397224824.868324349 1.45039 0.0427802 
1397224824.968834469 1.47725 -0.0346492 
1397224825.069342413 1.45039 -0.0346492 
1397224825.169871771 1.73264 0.233609 
1397224825.270379765 1.46086 0.343611 
1397224825.370853121 1.39768 0.250315 
1397224825.471333558 0.985837 0.343611 
1397224825.571849055 0.985837 0.115237 
1397224825.672269120 1.30864 0.436081 
1397224825.772702228 1.15672 0.421037 
1397224825.873236633 0.637141 0.343611 
1397224825.973727439 0.637141 0.436081 
1397224826.074174005 0.617315 0.266842 
1397224826.174571028 0.551805 0.283193 
1397224826.275024438 0.637141 0.343611 
1397224826.375501938 0.637141 0.115237 
1397224826.475948238 0.702649 0.040383 
1397224826.576343911 0.485816 -0.0338501 
1397224826.676631653 0.250801 0.115237 
1397224826.777105785 0.100612 0.436081 
1397224826.877602988 0.0331398 0.343611 
1397224826.977926662 0.300057 0.19072 
1397224827.078416871 -0.0493883 0.115237 
1397224827.178982226 0.0331398 -0.180489 
1397224827.279528903 0.0331398 0.040383 
1397224827.380128996 -0.0493883 0.040383 
1397224827.480596262 -0.131235 0.040383 
1397224827.580865856 0.0180836 0.040383 
1397224827.681182042 0.0331398 0.115237 
1397224827.781645405 0.300057 0.132858 
1397224827.882190222 0.0331398 0.132858 
1397224827.982772516 -0.0493883 -0.160438 
1397224828.083368238 -0.0493883 0.132858 
1397224828.183955804 -0.0637636 -0.107471 
1397224828.284390066 -0.21241 -0.180489 
1397224828.384903738 -0.292921 -0.462898 
1397224828.485417375 -0.131235 -0.462898 
1397224828.585787778 0.283047 -0.535316 
1397224828.686050772 -0.0493883 -0.607147 
1397224828.786493183 -0.0493883 -0.774228 
1397224828.887012037 -0.0493883 -0.631152 
1397224828.987483308 -0.267703 -0.774228 
1397224829.087804178 -0.131235 -1.10929 
1397224829.188317767 -0.0493883 -1.13766 
1397224829.288669691 -0.0493883 -1.13766 
1397224829.389160170 0.283047 -1.20776 
1397224829.489545651 -0.0493883 -1.47697 
1397224829.589905250 0.0331398 -1.64718 
1397224829.690508065 0.0331398 -1.71561 
1397224829.791102270 -0.185858 -1.88566 
1397224829.891635081 -0.267703 -1.81777 
1397224829.992149359 0.167584 -2.05613 
1397224830.092705838 0.151537 -2.29335 
1397224830.193369185 0.151537 -2.3984 
1397224830.293843824 -0.406252 70.3985 
1397224830.394285172 -0.324408 -2.78538 
1397224830.494738933 69.1081 -3.02452 
1397224830.595169949 0.0331398 -3.24594 
1397224830.695751495 -70.2443 -3.84989 
1397224830.796198767 -0.00520708 -3.84021 
1397224830.896634813 -0.00520708 -75.5489 
1397224830.997049029 0.00987843 -4.7952 
1397224831.097457143 -9.5204 -69.1729 
1397224831.197958187 0.0850563 -1.37668 
1397224831.298428698 -0.0493883 -1.85248 
1397224831.398656492 -0.0493883 -2.26528 
1397224831.498937089 -0.131235 -2.89452 
1397224831.599428345 0.0331398 -3.53593 
1397224831.699827167 0.0638055 -4.25288 
1397224831.800235687 0.148432 -4.8582 
1397224831.900683925 0.200275 -5.52546 
1397224832.001127739 0.181297 -6.0238 
1397224832.101579516 0.630669 -6.88877 
1397224832.202101538 0.651008 -7.44063 
1397224832.302674033 0.602599 -8.08539 
1397224832.403120864 0.761458 -8.53678 
1397224832.503623155 0.622925 -9.19426 
1397224832.604170508 0.827215 -9.98189 
1397224832.704588750 0.561653 -10.3594 
1397224832.805124277 0.414147 -11.3093 
1397224832.905565647 0.488197 -11.5504 
1397224833.005964718 0.508078 -11.4853 
1397224833.106421487 0.508078 -11.3093 
1397224833.206816738 0.433426 -11.4242 
1397224833.307203846 0.54858 -10.914 
1397224833.407650692 0.569207 -10.4759 
1397224833.508229701 0.742474 -9.62176 
1397224833.608644976 0.590088 -9.30079 
1397224833.709083157 0.590088 -8.66353 
1397224833.809369494 0.764881 -7.92423 
1397224833.910002247 0.300541 -7.00883 
1397224834.010521862 0.223386 -6.45528 
1397224834.110990908 0.241225 -5.80642 
1397224834.211570660 0.259277 -5.0579 
1397224834.312040092 0.590088 -4.16443 
1397224834.412508793 0.215535 -3.27802 
1397224834.513059168 0.134336 -2.43859 
1397224834.613533426 0.375842 -1.58461 
1397224834.714009764 -0.128504 -0.889817 
1397224834.814490637 -0.380829 0.0103336 
1397224834.914945447 -0.282533 0.807428 
1397224835.015516708 -0.45456 1.62206 
1397224835.115977521 -0.168822 2.64625 
1397224835.216467990 -0.519228 3.37391 
1397224835.316963286 -0.598282 4.20484 
1397224835.417446906 -0.22734 4.95037 
1397224835.517884906 -0.472887 5.53052 
1397224835.618345403 -0.659945 6.21945 
1397224835.718825659 -0.555009 6.69593 
1397224835.819198593 -0.543953 7.26595 
1397224835.919657674 -0.436987 7.56771 
1397224836.019926106 -0.219927 7.92725 
1397224836.120178693 -0.125031 8.30812 
1397224836.220611954 0.446194 8.67376 
1397224836.321101210 0.48787 8.89741 
1397224836.421531859 1.10286 8.55309 
1397224836.521986893 1.56987 9.27616 
1397224836.622407065 2.1815 8.9865 
1397224836.722669276 2.429 8.84406 
1397224836.823074277 3.27259 8.7032 
1397224836.923486810 4.04868 8.77735 
1397224837.023968495 4.99846 8.22936 
1397224837.124477316 6.05212 8.02166 
1397224837.224944613 7.24437 7.25126 
1397224837.325421808 7.8857 7.30099 
1397224837.425825501 9.07875 6.85394 
1397224837.526267952 9.61756 6.34034 
1397224837.626765808 11.0049 5.91363 
1397224837.727253948 12.1049 5.49678 
1397224837.827821246 12.737 4.82114 
1397224837.928289140 13.3937 4.42439 
1397224838.028732103 14.1817 3.55877 
1397224838.129287880 14.9814 3.20881 
1397224838.229748797 15.8669 2.47726 
1397224838.330141596 16.2292 2.30125 
1397224838.430657558 16.7735 1.94579 
1397224838.531132784 17.3662 1.4176 
1397224838.631678528 17.8578 1.07466 
1397224838.732254106 18.1107 0.992371 
1397224838.832680049 18.212 0.910806 
1397224838.932903590 17.8876 1.07466 
1397224839.033237745 17.7407 0.818352 
1397224839.133741128 17.7155 0.910806 
1397224839.234170351 17.2746 0.932297 
1397224839.334450567 16.7595 0.932297 
1397224839.434688401 16.111 1.10248 
1397224839.534944488 15.6185 1.19174 
1397224839.635318276 15.141 1.36797 
1397224839.735562344 14.2484 1.45495 
1397224839.836008869 13.3034 1.54119 
1397224839.936480912 12.4709 1.87126 
1397224840.036950660 11.4539 1.95603 
1397224840.137467504 10.4114 2.20615 
1397224840.237931403 9.42078 2.45473 
1397224840.338341321 8.43248 2.53914 
1397224840.438748467 7.30654 2.7056 
1397224840.539186272 6.21975 2.7056 
1397224840.639626067 5.06976 2.79699 
1397224840.740134707 3.91329 2.45972 
1397224840.840536903 2.75066 2.71999 
1397224840.940989225 1.76167 2.90428 
1397224841.041454057 0.543117 2.6456 
1397224841.142077614 -0.597765 2.38481 
1397224841.242517735 -1.76006 2.56819 
1397224841.342794089 -2.94216 2.39221 
1397224841.443299863 -3.92722 2.21424 
1397224841.543764765 -4.99705 1.49183 
1397224841.644195680 -6.09077 1.74527 
1397224841.744644153 -7.38608 1.64097 
1397224841.845096267 -8.54976 1.53688 
1397224841.945603474 -9.24938 1.23027 
1397224842.046172622 -9.83744 1.20715 
1397224842.146634893 -10.3558 0.981685 
1397224842.247056922 -12.3369 0.848903 
1397224842.347446831 -13.218 0.20247 
1397224842.447745113 -13.3031 0.129599 
1397224842.548218409 -14.1372 -0.137756 
1397224842.648723161 -15.0333 -0.416063 
1397224842.749275375 -16.5971 -0.440755 
1397224842.849698158 -17.2987 -0.625884 
1397224842.950000851 -17.0959 -1.03921 
1397224843.050460317 -18.3189 -1.18008 
1397224843.150729619 -18.5864 -1.82688 
1397224843.251181510 -18.8177 -1.75963 
1397224843.351640103 -19.3226 -1.90867 
1397224843.452108683 -19.5955 -2.05942 
1397224843.552639950 -19.7029 -1.72902 
1397224843.653146487 -20.1798 -1.6165 
1397224843.753641716 -20.0452 -1.15404 
1397224843.854096635 -20.978 -1.03523 
1397224843.954391658 -21.0452 -1.1207 
1397224844.054850296 -21.0786 -0.346085 
1397224844.155296595 -21.1776 0.31653 
1397224844.255790412 -21.9518 0.586064 
1397224844.356238060 -21.7345 1.3937 
1397224844.456655213 -21.5835 2.06224 
1397224844.557069556 -20.8443 2.71869 
1397224844.657501117 -21.6779 3.24535 
1397224844.757929159 -22.3281 3.89328 
1397224844.858191938 -21.9542 4.27397 
1397224844.958727315 -22.1399 4.91203 
1397224845.059260772 -22.359 5.65504 
1397224845.159653531 -22.1707 6.38623 
1397224845.259960213 -21.9542 6.44003 
1397224845.360404237 -21.74 7.30521 
1397224845.460821275 -21.861 7.56102 
1397224845.561104465 -21.7981 8.00823 
1397224845.661618990 -21.5517 8.44873 
1397224845.762180842 -21.4554 8.71999 
1397224845.862784402 -20.9673 8.35152 
1397224845.963304028 -20.6597 9.15576 
1397224846.063603420 -20.4903 9.32463 
1397224846.164110833 -19.5385 9.49053 
1397224846.264658533 -19.1611 9.57239 
1397224846.365196224 -18.6239 9.49548 
1397224846.465602994 -17.5344 9.33904 
1397224846.566052692 -16.9773 9.26775 
1397224846.666469334 -15.9923 8.40051 
1397224846.766890978 -15.0665 8.5416 
1397224846.867342519 -13.4985 8.04562 
1397224846.967793178 -12.1566 7.35128 
1397224847.068139060 -11.7095 6.9631 
1397224847.168597894 -10.8489 6.38488 
1397224847.269251032 -8.43467 70.6999 
1397224847.369676007 -7.58101 4.92652 
1397224847.470425107 68.5505 3.81676 
1397224847.570747646 -5.75654 3.54055 
1397224847.671026374 -70.4271 2.86738 
1397224847.771280829 -3.96302 1.84747 
1397224847.871597302 -1.91942 0.211779 
1397224847.971956345 -70.1336 -68.8394 
1397224848.072160751 0.488197 -9.76177 
1397224848.172417936 0.582126 -10.4586 
1397224848.272684529 0.582126 -11.0122 
1397224848.373051952 0.358161 -11.2602 
1397224848.473280412 0.508078 -11.4362 
1397224848.573541570 0.358161 -11.2602 
1397224848.674092096 0.508078 -10.9868 
1397224848.774611707 0.358161 -10.4926 
1397224848.875118678 0.492695 -10.2211 
1397224848.975613648 0.892369 -9.35433 
1397224849.076085225 0.569207 -9.03272 
1397224849.176544835 0.569207 -8.34206 
1397224849.277019825 0.590088 -7.48376 
1397224849.377449602 0.300541 -6.8635 
1397224849.477817864 0.282275 -6.20524 
1397224849.578467605 0.415542 -5.60113 
1397224849.680437764 0.33774 -4.9894 
1397224849.780780059 0.356677 -4.23646 
1397224849.881317690 0.215535 -3.27802 
1397224849.981878880 0.215535 -2.75171 
1397224850.082365626 0.0360369 -1.54986 
1397224850.182888660 -0.0302047 -0.598554 
1397224850.283435568 -0.393369 0.212803 
1397224850.383909354 -0.295971 1.01122 
1397224850.484376210 -0.368158 1.92698 
1397224850.584830789 -0.342422 2.75285 
1397224850.685291832 -0.329355 3.69344 
1397224850.785866818 -0.507805 4.1832 
1397224850.886328423 -0.790662 5.07093 
1397224850.986824755 -0.679803 5.74553 
1397224851.087303443 -0.669915 6.30693 
1397224851.187755205 -0.0939142 6.82854 
1397224851.288276886 -0.078446 7.26595 
1397224851.388697708 0.227021 7.43086 
1397224851.489139897 0.227021 8.22898 
1397224851.589574075 0.446194 8.3866 
1397224851.690043567 0.48787 8.75147 
1397224851.790611768 1.04946 8.82853 
1397224851.891115488 0.897588 9.12652 
1397224851.991573759 1.48352 9.27616 
1397224852.092045737 2.26473 9.27616 
1397224852.192540813 3.10316 8.77735 
1397224852.293186925 3.50136 8.50035 
1397224852.393626715 4.32052 7.63023 
1397224852.494155075 5.19758 8.36411 
1397224852.594689144 6.05212 7.45087 
1397224852.695165797 6.87349 7.32594 
1397224852.795635270 7.86136 6.85394 
1397224852.896074488 8.92677 6.73281 
1397224852.996556187 9.95153 6.34034 
1397224853.097078630 10.9162 5.72105 
1397224853.197560220 11.6297 4.87618 
1397224853.298088861 12.4638 4.71504 
1397224853.398588888 13.3937 4.32141 
1397224853.499023325 14.2507 3.85301 
1397224853.599461506 15.1807 3.12277 
1397224853.699926413 15.7896 2.84619 
1397224853.800416046 16.433 2.30306 
1397224853.900851770 16.8294 1.85196 
1397224854.001155431 17.6215 1.67975 
1397224854.101666909 17.8319 1.49737 
1397224854.202164391 18.1615 1.24146 
1397224854.302523352 18.0363 0.982216 
1397224854.403103445 17.7657 0.992371 
1397224854.503615663 17.9127 0.910806 
1397224854.604085366 17.5704 0.737498 
1397224854.704519122 17.2489 0.749811 
1397224854.805027738 16.9253 1.01243 
1397224854.905524115 16.3534 1.10248 
1397224855.005790317 15.7785 1.20011 
1397224855.106116480 14.7982 1.20842 
1397224855.206547586 14.1866 1.70352 
1397224855.306797855 13.2384 1.78576 
1397224855.407133865 12.2603 1.95603 
1397224855.507647127 11.3169 1.7923 
1397224855.608150018 10.3352 2.0401 
1397224855.708673463 9.38674 2.37275 
1397224855.809148092 8.43248 2.62431 
1397224855.909574387 7.12079 2.28729 
1397224856.010162718 6.41129 2.87215 
1397224856.110545869 5.22255 2.88452 
1397224856.210932183 3.98559 2.80259 
1397224856.311287269 2.79413 2.80835 
1397224856.411642364 1.76627 2.80835 
1397224856.512094511 0.677546 2.64108 
1397224856.612408484 -0.54694 2.73564 
1397224856.712820423 -2.07202 2.38256 
1397224856.813279867 -3.11065 2.39221 
1397224856.913718354 -4.08901 2.30496 
1397224857.014154531 -5.35619 1.93848 
1397224857.114585741 -6.36216 1.56057 
1397224857.215058215 -7.44786 1.16853 
1397224857.315554858 -8.26212 1.53688 
1397224857.416054153 -9.61707 1.04951 
1397224857.516464431 -10.5302 0.644044 
1397224857.616875786 -11.6583 0.699112 
1397224857.717307207 -12.678 0.660194 
1397224857.817727728 -13.5697 0.503913 
1397224857.918219762 -13.9107 0.129599 
1397224858.018696581 -14.8159 -0.343871 
1397224858.119193880 -15.3607 -0.416063 
1397224858.219689051 -16.4212 -0.465772 
1397224858.320112079 -17.117 -1.1872 
1397224858.420372005 -18.0136 -1.28799 
1397224858.520884600 -18.3189 -1.32253 
1397224858.621330238 -19.0138 -1.75963 
1397224858.721799950 -19.3226 -1.68955 
1397224858.822209809 -19.8339 -1.79969 
1397224858.922531886 -19.3054 -1.84033 
1397224859.023022997 -20.1448 -1.6165 
1397224859.123489011 -20.1798 -1.38779 
1397224859.223934583 -20.699 -1.27156 
1397224859.324392214 -20.978 -1.06775 
1397224859.424801119 -21.0452 -1.00317 
1397224859.525274776 -21.1118 0.0467743 
1397224859.625734114 -21.1776 0.586064 
1397224859.726207495 -21.3074 1.12461 
1397224859.826758006 -21.5517 1.66272 
1397224859.927308798 -21.6151 2.19652 
1397224860.027807878 -21.4972 2.70897 
1397224860.128312755 -22.1089 3.10655 
1397224860.228862904 -22.359 3.19968 
1397224860.329395925 -22.359 4.24727 
1397224860.429924597 -22.1399 5.02503 
1397224860.530360516 -22.1399 5.35708 
1397224860.630614161 -21.709 6.23313 
1397224860.730936168 -21.709 6.69485 
1397224860.831471034 -21.4972 7.30521 
1397224860.931859904 -21.6465 7.81758 
1397224861.032078048 -20.5781 7.62897 
1397224861.132327306 -20.5138 8.28747 
1397224861.232636797 -21.0326 8.80874 
1397224861.333139029 -20.7592 8.82302 
1397224861.433583840 -19.4244 9.15576 
1397224861.534049389 -19.4814 9.32463 
1397224861.634513629 -18.7617 9.57239 
1397224861.734938504 -18.9654 9.73399 
1397224861.835432427 -18.2428 8.80004 
1397224861.935928374 -17.4957 9.34243 
1397224862.036440418 -16.5437 9.19426 
1397224862.136906688 -15.8222 8.75147 
1397224862.237336355 -15.0665 8.26097 
1397224862.337789339 -13.9107 7.29937 
1397224862.438233880 -12.1081 6.71122 
1397224862.538673204 -11.5706 6.22332 
1397224862.639142386 -10.4762 5.90706 
1397224862.739581423 -9.32386 5.74516 
1397224862.839945582 -8.19617 4.81591 
1397224862.940384089 -7.15129 4.19503 
1397224863.040842957 -5.7232 3.42678 
1397224863.141287989 -4.62298 2.67566 
1397224863.241798929 -3.28215 2.03035 
1397224863.342219346 -2.56244 1.02686 
1397224863.442504010 -1.59703 0.311204 
1397224863.542813769 -0.792181 -0.599746 
1397224863.643232707 0.177176 -1.40966 
1397224863.743628176 1.03579 -2.14215 
1397224863.844106628 1.75022 -2.71389 
1397224863.944562083 2.50187 -3.37366 
1397224864.044985942 3.2456 -3.99155 
1397224864.145445983 3.62019 -4.73677 
1397224864.245899865 4.29138 70.1586 
1397224864.346377795 4.519 -5.93611 
1397224864.446870941 69.2809 -6.51676 
1397224864.547349154 5.54614 -7.13486 
1397224864.647811139 -69.7597 -7.5044 
1397224864.748223696 6.27228 -7.94391 
1397224864.848536274 6.57942 -75.6036 
1397224864.949048778 6.83616 -9.19256 
1397224865.049707890 -68.9249 19.1156 
1397224865.150173483 18.5629 0.899921 
1397224865.250610652 18.2105 0.982216 
1397224865.350974231 18.235 0.899921 
1397224865.451268353 18.3612 0.829956 
1397224865.551996016 18.1859 0.499129 
1397224865.652529423 17.9627 0.749811 
1397224865.752781412 17.9875 0.829956 
1397224865.853222253 17.8404 0.749811 
1397224865.953689962 17.7407 0.829956 
1397224866.054273017 17.5199 0.749811 
1397224866.154754922 17.7407 0.749811 
1397224866.255362829 17.614 0.749811 
1397224866.355912030 17.5884 0.421037 
1397224866.456411822 17.392 0.65735 
1397224866.556965405 17.1972 1.01243 
1397224866.657384453 16.8121 0.942907 
1397224866.757880646 16.733 1.10248 
1397224866.858375053 16.7065 1.11161 
1397224866.958857861 16.733 1.11161 
1397224867.059291322 16.6263 1.02235 
1397224867.159752505 16.6531 1.02235 
1397224867.260187173 16.4619 1.19174 
1397224867.360641385 16.1905 1.11161 
1397224867.461106683 15.7868 1.11161 
1397224867.561633831 15.6468 1.10248 
1397224867.662199151 15.5041 1.11161 
1397224867.762621342 15.4753 1.02235 
1397224867.862858372 15.141 1.02235 
1397224867.963094862 14.7383 0.974208 
1397224868.063440161 14.4933 1.20842 
1397224868.163999907 14.3706 0.98447 
1397224868.264502590 14.2461 1.13862 
1397224868.364962018 14.1514 1.13862 
1397224868.465483754 13.9096 1.46109 
1397224868.565887176 13.5674 1.37484 
1397224868.666334128 13.3205 1.29542 
1397224868.766818178 13.0738 1.30294 
1397224868.867317989 12.6483 1.78576 
1397224868.967898978 12.546 1.95603 
1397224869.068397346 12.1565 2.0401 
1397224869.168879061 12.1937 2.0401 
1397224869.269482702 11.768 2.12305 
1397224869.369995057 11.4177 2.0401 
1397224869.470452576 11.3081 2.12305 
1397224869.570852135 11.1971 1.7956 
1397224869.671372633 10.7734 1.87639 
1397224869.771837044 10.3904 2.12347 
1397224869.872276082 10.1807 2.04126 
1397224869.972731361 10.1953 2.12305 
1397224870.073193873 9.98366 2.0401 
1397224870.173655913 9.76269 2.04126 
1397224870.273966310 9.3099 2.12347 
1397224870.374486688 8.80613 1.87899 
1397224870.474955366 8.55522 2.45239 
1397224870.575407660 8.42627 2.62044 
1397224870.675884404 8.084 2.62044 
1397224870.776332102 7.9496 2.79153 
1397224870.876839739 7.70707 2.7056 
1397224870.977082907 7.58755 2.79153 
1397224871.077323174 7.02906 2.78622 
1397224871.177616710 6.70299 2.53604 
1397224871.278007768 6.51065 2.7056 
1397224871.378222360 6.24925 2.79153 
1397224871.478512178 5.82354 2.7056 
1397224871.578952019 5.6104 2.79153 
1397224871.679395091 5.39701 2.78622 
1397224871.779892246 5.12758 2.78622 
1397224871.880442171 4.70094 2.7056 
1397224871.980868274 4.43495 2.87215 
1397224872.081266279 4.17243 2.71505 
1397224872.181725518 4.17243 2.63244 
1397224872.282258284 3.60153 2.63244 
1397224872.382677512 3.48865 2.71999 
1397224872.483118242 2.92313 2.80835 
1397224872.583426199 3.08032 2.72506 
1397224872.683758081 2.53615 2.80835 
1397224872.784209847 2.32083 2.72506 
1397224872.884658737 1.63399 2.72506 
1397224872.985080472 1.47725 2.89752 
1397224873.085449455 1.25535 2.37639 
1397224873.185864940 0.965354 2.72506 
1397224873.286287371 0.80805 2.80835 
1397224873.386713284 0.562698 2.71999 
1397224873.487146244 0.285591 2.54568 
1397224873.587610403 -0.0154933 2.37639 
1397224873.688073651 -0.247481 2.37835 
1397224873.788574565 -0.57697 2.46799 
1397224873.889031133 -0.884817 2.03597 
1397224873.989306465 -1.1975 2.65025 
1397224874.089790971 -1.52067 2.74116 
1397224874.190235551 -1.59908 2.74682 
1397224874.290716620 -1.99721 2.74116 
1397224874.391224935 -2.47924 2.48402 
1397224874.491653144 -2.47924 2.57238 
1397224874.591872424 -2.80819 2.48402 
1397224874.692160113 -3.05629 2.21114 
1397224874.792649441 -3.19602 2.48402 
1397224874.893140459 -3.70856 2.48402 
1397224874.993443783 -3.8721 2.48759 
1397224875.093917188 -4.29246 2.48402 
1397224875.194442236 -4.43527 2.30496 
1397224875.294875060 -4.69352 2.21544 
1397224875.395117131 -5.12111 2.1231 
1397224875.495384436 -5.18999 1.93985 
1397224875.595831286 -5.35619 2.30907 
1397224875.696316689 -5.79045 2.40359 
1397224875.796788101 -5.95882 2.02956 
1397224875.897250031 -6.29697 2.12412 
1397224875.997814203 -6.46677 1.93469 
1397224876.098433671 -6.49112 1.84102 
1397224876.198865637 -7.15129 1.83691 
1397224876.299330153 -7.32384 1.4583 
1397224876.399886873 -7.6708 1.73651 
1397224876.500316605 -8.02037 1.64097 
1397224876.600815193 -8.14065 1.73651 
1397224876.701189422 -8.60892 1.73651 
1397224876.801471667 -8.78647 1.53688 
1397224876.901977171 -8.49149 1.43565 
1397224877.002584335 -9.0798 1.33345 
1397224877.103274457 -9.50464 1.33345 
1397224877.203767187 -9.56105 1.33345 
1397224877.304261527 -9.8531 1.5274 
1397224877.404538040 -10.2913 1.31334 
1397224877.505026395 -10.3997 1.31334 
1397224877.605486486 -10.7156 1.30657 
1397224877.705977993 -10.6899 1.19934 
1397224877.806442308 -10.5356 1.09105 
1397224877.906895584 -10.6645 0.871224 
1397224878.007355149 -10.9264 0.971678 
1397224878.107812799 -11.7605 1.07314 
1397224878.208251932 -11.4495 0.771769 
1397224878.308690394 -11.4996 0.533121 
1397224878.409265711 -11.8717 0.418122 
1397224878.509732091 -12.2482 0.31865 
1397224878.610215400 -13.0684 0.418122 
1397224878.710653169 -13.2655 0.00646713 
1397224878.811103423 -13.4638 0.386544 
1397224878.911566070 -13.6168 0.250672 
1397224879.012035747 -13.9107 0.148139 
1397224879.112535494 -14.0669 0.250672 
1397224879.213076186 -14.3847 -0.0744326 
1397224879.313646168 -14.4757 -0.0538386 
1397224879.414111866 -14.7271 -0.545837 
1397224879.514438183 -14.7716 -0.743776 
1397224879.614857523 -14.8599 -0.445365 
1397224879.715342904 -15.0229 -0.159394 
1397224879.815802735 -15.6099 -0.699277 
1397224879.916287542 -15.6528 -0.651125 
1397224880.016941802 -15.6955 -0.857207 
1397224880.117349172 -15.612 -0.678325 
1397224880.217665024 -16.7751 -0.78296 
1397224880.317903109 -16.5971 -1.09049 
1397224880.418173554 -16.7751 -0.78296 
1397224880.518412265 -16.7751 -0.678325 
1397224880.618643125 -16.7194 -0.440755 
1397224880.718863992 -16.8971 -0.599066 
1397224880.819146453 -17.2586 -0.76214 
1397224880.919547171 -16.9773 -0.76214 
1397224881.019816867 -17.4175 -0.76214 
1397224881.120079677 -17.8259 -1.08259 
1397224881.220515719 -17.7869 70.0179 
1397224881.321282123 -17.7869 -1.21349 
1397224881.421663080 67.4164 -1.46659 
1397224881.522156546 -17.8647 -1.46659 
1397224881.622620617 -70.9223 -1.35756 
1397224881.723303215 -17.9416 -1.46659 
1397224881.823532179 -18.7427 -75.2164 
1397224881.923811605 -18.7803 -1.89141 
1397224882.024274272 9.95769 -6.20524 
1397224882.124740426 10.1311 -15.7257 
1397224882.225359487 10.1311 -15.7257 
1397224882.325795373 10.0177 -16.1703 
1397224882.426237424 10.1911 -15.8004 
1397224882.526651767 10.1311 -15.9754 
1397224882.626863972 10.1311 -16.1912 
1397224882.727134320 10.0177 -16.1912 
1397224882.827528332 10.0177 -15.9348 
1397224882.927813986 10.1311 -15.123 
1397224883.028338183 10.1311 -14.8172 
1397224883.128561783 10.1953 -14.0995 
1397224883.228774710 10.1911 -13.8659 
1397224883.329061796 10.0177 -14.0494 
1397224883.429462917 10.1911 -13.8659 
1397224883.529728471 10.0177 -13.8038 
1397224883.629994935 10.1311 -14.1611 
1397224883.730256978 10.1311 -14.0995 
1397224883.830753500 10.1311 -13.8659 
1397224883.931222476 10.3685 -13.1814 
1397224884.031772192 9.95769 -12.8006 
1397224884.132164768 9.84623 -12.9235 
1397224884.232633434 9.79561 -11.8199 
1397224884.333134437 9.6868 -11.883 
1397224884.433638091 9.52086 -11.533 
1397224884.534217909 9.6868 -11.067 
1397224884.634705598 9.6868 -10.4797 
1397224884.735278610 9.91853 -10.2885 
1397224884.835763704 9.52086 -10.3518 
1397224884.936023644 9.6868 -10.477 
1397224885.036641167 9.57946 -10.2247 
1397224885.137091911 9.19424 -9.97116 
1397224885.237527933 9.09227 -10.0955 
1397224885.337994210 9.0335 -10.0301 
1397224885.438239197 9.0335 -10.0301 
1397224885.538486055 9.10729 -9.46869 
1397224885.638764819 9.15062 -9.28587 
1397224885.739072549 9.09227 -9.54543 
1397224885.839691965 9.15062 -8.92654 
1397224885.940214587 8.93328 -8.5754 
1397224886.040706235 8.58294 -8.40285 
1397224886.141212070 8.92362 -8.0636 
1397224886.241724053 8.92362 -8.0636 
1397224886.342406248 8.99141 -7.89686 
1397224886.442942365 8.8822 -7.89686 
1397224886.543366313 8.47213 -7.50222 
1397224886.643699588 8.09844 -7.40785 
1397224886.744197425 8.09844 -7.04619 
1397224886.844672485 7.89483 -6.88848 
1397224886.945121564 7.60716 -6.81989 
1397224887.045586101 7.46553 -6.50963 
1397224887.146180211 7.55395 -6.50963 
1397224887.246654093 7.49737 -6.41081 
1397224887.347220756 7.32535 -6.59218 
1397224887.447828535 7.38308 -5.89141 
1397224887.548192585 7.24437 -5.76348 
1397224887.648692310 6.91332 -5.68802 
1397224887.749165259 6.91332 -5.89141 
1397224887.849444741 6.91332 -5.54031 
1397224887.950016946 6.51367 -5.40067 
1397224888.050729544 6.38312 -5.19533 
1397224888.151020291 6.44107 -5.19327 
1397224888.251469828 6.31185 -4.7154 
1397224888.351894601 6.18392 -4.44043 
1397224888.452142157 5.87379 -4.3079 
1397224888.552377754 6.04683 -4.23646 
1397224888.652639304 5.7496 -4.04701 
1397224888.752907031 5.92272 -3.72 
1397224888.853193210 5.44989 -3.77499 
1397224888.953447606 5.26677 -3.80712 
1397224889.053839196 5.2074 -3.34654 
1397224889.154186808 5.08793 -3.34654 
1397224889.254651479 5.08793 -3.2962 
1397224889.355218538 4.79263 -2.86613 
1397224889.455789875 4.56164 -2.74904 
1397224889.556297849 4.7987 -2.86613 
1397224889.656765635 4.56164 -2.60391 
1397224889.757226337 4.56164 -2.63311 
1397224889.857510187 4.05241 -2.18598 
1397224889.957835302 4.28331 -1.99929 
1397224890.058372351 4.34283 -1.99929 
1397224890.158842718 3.88203 -1.85161 
1397224890.259120634 3.6659 -1.55989 
1397224890.359563793 3.84712 -1.55989 
1397224890.459875916 3.55935 -1.45269 
1397224890.560341798 3.28793 -1.67339 
1397224890.660586323 3.2456 -1.16651 
1397224890.760882687 3.08163 -1.24133 
1397224890.861449114 2.91814 -1.13715 
1397224890.962009488 2.7792 -1.10816 
1397224891.062533963 2.68022 -0.931726 
1397224891.163156799 2.80251 -0.830449 
1397224891.263720149 2.58213 -0.73011 
1397224891.364289648 2.36087 -0.877936 
1397224891.464868507 2.26451 -0.579792 
1397224891.565262382 2.01165 -0.404256 
1397224891.665898112 1.94851 -0.228978 
1397224891.766421161 2.10632 -0.0155745 
1397224891.866925863 2.10464 -0.0346492 
1397224891.967529324 2.16268 -0.0346492 
1397224892.068053855 1.88956 0.0427802 
1397224892.168566390 1.91949 -0.187543 
1397224892.269104659 1.76627 0.0427802 
1397224892.369647658 1.47725 0.233609 
1397224892.470268453 1.20541 0.173544 
1397224892.570757353 1.05133 0.343611 
1397224892.671228279 0.831561 0.359314 
1397224892.771762914 1.22036 0.266842 
1397224892.872202132 0.81 0.283193 
1397224892.972582723 0.96304 0.115237 
1397224893.073090391 0.81 0.207711 
1397224893.173638908 0.788708 0.421037 
1397224893.274122678 0.551805 0.359314 
1397224893.374605731 0.637141 0.115237 
1397224893.475087290 0.702649 0.132858 
1397224893.575522695 0.811029 0.132858 
1397224893.675765317 0.551805 0.618592 
1397224893.776206766 0.551805 0.390232 
1397224893.876724728 0.467186 0.527738 
1397224893.977246805 0.383273 0.541828 
1397224894.077711231 0.00320911 0.390232 
1397224894.178173260 0.0180836 0.207711 
1397224894.278680934 0.100612 0.132858 
1397224894.379225587 0.100612 0.132858 
1397224894.479729462 -0.199213 0.132858 
1397224894.580331845 -0.0493883 -0.0880148 
1397224894.680855089 0.0180836 0.132858 
1397224894.781373693 0.0180836 0.132858 
1397224894.881870261 -0.0493883 0.040383 
1397224894.982311775 -0.0493883 0.040383 
1397224895.082836702 0.0180836 0.132858 
1397224895.183231425 0.135685 0.132858 
1397224895.283712168 -0.225451 0.132858 
1397224895.384203575 -0.292921 -0.324748 
1397224895.484754071 -0.372777 -0.0880148 
1397224895.585412205 -0.372777 -0.252912 
1397224895.685650457 -0.384518 -0.512171 
1397224895.785946608 -0.372777 -0.607147 
1397224895.886290091 -0.372777 -0.631152 
1397224895.986628637 -0.0260033 -0.535316 
1397224896.086899034 -0.144939 -0.583425 
1397224896.187161702 -0.21241 -0.957767 
1397224896.287419969 -0.292921 -0.844905 
1397224896.387692271 -0.21241 -1.03918 
1397224896.487962147 -0.131235 -1.20776 
1397224896.588340535 -0.21241 -1.20776 
1397224896.688595668 -0.21241 -1.44566 
1397224896.789012526 0.135685 -1.61439 
1397224896.889339144 -0.0493883 -1.71561 
1397224896.989671876 -0.0493883 -1.98407 
1397224897.089902815 0.0180836 -1.95303 
1397224897.190134075 -0.131235 -1.88566 
1397224897.290353698 -0.0493883 -1.81777 
1397224897.390581671 -0.117366 -2.22704 
1397224897.490864300 -0.117366 -2.50445 
1397224897.591072143 0.348089 -2.50445 
1397224897.691323033 0.0850563 -2.85065 
1397224897.791614538 0.217531 -3.21589 
1397224897.891942078 0.217531 -3.15258 
1397224897.992416591 -0.172342 -3.19895 
1397224898.092854448 0.217531 -3.37394 
1397224898.193471298 0.151537 70.3367 
1397224898.293979894 -0.199213 -3.61232 
1397224898.394446896 69.0995 -3.84021 
1397224898.495357228 -0.0747481 -3.90251 
1397224898.595880762 -70.2347 -4.14723 
1397224898.696334098 0.00987843 -4.14135 
1397224898.796823575 0.0952235 -75.5527 
1397224898.897278103 -0.0747481 -4.67645 
1397224898.997812908 15.2703 -69.0208 
1397224899.098172767 14.8641 1.28023 
1397224899.198673325 14.5539 1.28785 
1397224899.299073534 14.3706 1.29542 
1397224899.399364101 14.1242 1.46109 
1397224899.499838179 13.7277 1.37484 
1397224899.600267214 13.483 1.53576 
1397224899.700725276 13.2058 1.21668 
1397224899.801319950 13.2215 1.61729 
1397224899.901817477 12.827 1.78576 
1397224900.002139295 12.3967 1.78576 
1397224900.102589694 12.2603 1.87126 
1397224900.203045154 12.2988 1.95603 
1397224900.303723599 12.0866 2.0401 
1397224900.404246663 11.6999 2.12347 
1397224900.504740691 11.2807 1.7956 
1397224900.605491085 11.3813 2.0401 
1397224900.706175415 11.145 2.0401 
1397224900.806660566 10.8045 2.04126 
1397224900.907130840 10.6188 2.12347 
1397224901.007633428 10.5054 1.95977 
1397224901.108223358 9.93205 2.12347 
1397224901.208702497 9.67392 2.0401 
1397224901.309149347 9.46711 1.7956 
1397224901.409681617 8.97308 2.0401 
1397224901.510305840 8.59778 2.28815 
1397224901.610977290 8.38968 2.28815 
1397224901.711584690 8.30344 2.45239 
1397224901.812155837 8.00659 2.20583 
1397224901.912926939 7.84163 2.70107 
1397224902.013623871 7.45079 2.45239 
1397224902.114156291 7.28625 2.12508 
1397224902.214640487 6.79759 2.53304 
1397224902.315197607 6.6553 2.53304 
1397224902.415686809 6.54114 2.53304 
1397224902.516153069 6.0239 2.78622 
1397224902.616659024 5.60225 2.7056 
1397224902.717307166 5.44228 2.7056 
1397224902.817870741 5.12758 2.7056 
1397224902.918454172 4.91522 2.53304 
1397224903.018897880 4.48938 2.78622 
1397224903.119374544 4.32506 2.79153 
1397224903.219958382 4.06998 2.95885 
1397224903.320446038 3.79064 2.79153 
1397224903.421003425 3.51705 2.71505 
1397224903.521513674 3.47407 2.71999 
1397224903.621951906 2.86303 2.80835 
1397224903.722331625 2.64349 2.89752 
1397224903.822605334 2.38857 2.80835 
1397224903.922813606 2.10632 2.63669 
1397224904.023013740 1.98054 2.63669 
1397224904.123217342 1.56946 2.72506 
1397224904.223441420 1.43899 2.72506 
1397224904.323668304 1.09876 2.63669 
1397224904.423917175 0.80805 2.80835 
1397224904.524208405 0.443982 2.71999 
1397224904.624506816 0.355666 2.80835 
1397224904.725035402 -0.102305 2.72506 
1397224904.825509952 -0.273722 2.55638 
1397224904.925847007 -0.725663 2.47096 
1397224905.026352012 -0.960686 2.47096 
1397224905.126592652 -1.36179 2.47096 
1397224905.226887698 -1.52067 2.74116 
1397224905.327315839 -1.91809 2.38256 
1397224905.427801287 -2.23716 2.74682 
1397224905.528357766 -2.39676 2.75264 
1397224905.628622049 -2.54473 2.57238 
1397224905.728944978 -2.87599 2.48402 
1397224905.829498386 -3.20747 2.48402 
1397224905.929976387 -3.28215 2.48402 
1397224906.030426234 -3.78202 2.57238 
1397224906.130646824 -4.01727 2.03269 
1397224906.230947307 -4.27158 2.21424 
1397224906.331468902 -4.34273 2.12271 
1397224906.431974099 -4.64541 2.03085 
1397224906.532416603 -4.55291 2.40359 
1397224906.632697315 -5.35619 2.03035 
1397224906.733161305 -5.55473 2.12271 
1397224906.833685551 -5.29666 2.02993 
1397224906.934197709 -5.72315 1.66022 
1397224907.034670023 -5.88859 2.02926 
1397224907.135163505 -6.11925 2.12475 
1397224907.235621997 -6.3108 1.93469 
1397224907.336099663 -7.214 2.02903 
1397224907.436667989 -7.32384 1.74232 
1397224907.537194320 -7.50921 1.83492 
1397224907.637654235 -8.08072 1.73651 
1397224907.738151957 -8.43212 1.45266 
1397224907.838664807 -8.78647 1.54162 
1397224907.939192255 -8.84461 1.05889 
1397224908.039749301 -9.08626 1.04951 
1397224908.140337372 -9.32386 1.14324 
1397224908.240779452 -9.50464 1.14324 
1397224908.341284184 -9.74227 1.42424 
1397224908.441838754 -10.0522 1.1347 
1397224908.542397298 -10.2913 0.7369 
1397224908.642939866 -10.5302 1.01122 
1397224908.743500620 -10.7156 1.41276 
1397224908.844049252 -10.5596 1.30657 
1397224908.944550856 -11.3301 1.09991 
1397224909.045065340 -11.3818 0.795653 
1397224909.145562736 -11.7095 0.771769 
1397224909.246135888 -12.0429 0.981685 
1397224909.346611396 -12.1935 0.383634 
1397224909.447051871 -12.2431 0.64696 
1397224909.547626044 -12.5806 0.63359 
1397224909.648173749 -12.2482 0.418122 
1397224909.748684390 -12.9204 0.31865 
1397224909.849179946 -13.0684 0.00646713 
1397224909.949675172 -13.5224 0.0659827 
1397224910.050190693 -13.8181 0.0466411 
1397224910.150705969 -13.9565 0.148139 
1397224910.251278334 -13.9107 0.250672 
1397224910.351940629 -14.1127 0.354254 
1397224910.452480064 -14.0474 0.110838 
1397224910.552926371 -14.7271 0.110838 
1397224910.653184011 -14.9789 -0.445365 
1397224910.753449154 -14.8599 -0.264045 
1397224910.853719760 -15.398 -0.264045 
1397224910.953985956 -15.4844 -0.520708 
1397224911.054259039 -15.8659 -0.651125 
1397224911.154759978 -15.8659 -0.678325 
1397224911.255141375 -15.2812 -0.651125 
1397224911.355737389 -16.034 -0.78296 
1397224911.456300338 -16.955 -0.886523 
1397224911.556902896 -16.5971 -0.465772 
1397224911.657400487 -16.816 -0.225969 
1397224911.757949790 -16.7194 -0.625884 
1397224911.858241765 -16.8971 -0.625884 
1397224911.958557389 -17.2987 -0.76214 
1397224912.058966288 -16.7597 -0.76214 
1397224912.159488291 -17.7082 -0.899909 
1397224912.260010035 -17.7869 -1.25392 
1397224912.360662823 -17.8259 -1.18008 
1397224912.461252187 -17.8259 -1.21349 
1397224912.561777966 -18.2036 -1.53719 
1397224912.662257852 -18.0909 -1.46659 
1397224912.762738830 -17.3918 -1.46659 
1397224912.863226171 -17.0741 -1.46659 
1397224912.963680601 -17.7945 -1.46659 
1397224913.064243129 -19.2121 -1.46659 
1397224913.164903028 -18.6239 -1.32253 
1397224913.265507721 -17.8704 -1.46659 
1397224913.366049270 -18.0931 -1.35756 
1397224913.466451973 -18.8549 -1.28174 
1397224913.566980563 -18.6612 -1.57822 
1397224913.667596939 -18.3546 -1.6165 
1397224913.768118750 -18.9654 -1.72902 
1397224913.868608097 -18.9654 -1.95046 
1397224913.969194419 -19.3226 -1.88156 
1397224914.069806229 -19.7619 -1.72902 
1397224914.170406517 -19.798 -2.16723 
1397224914.270922420 -20.2099 -2.05942 
1397224914.371397074 -20.0741 -1.95046 
1397224914.471906461 -20.0741 -2.10296 
1397224914.572528329 -19.9051 -1.99285 
1397224914.673029863 -19.9051 -1.84033 
1397224914.773679163 -19.9051 -1.88156 
1397224914.874193758 -20.1448 -1.46569 
1397224914.974784841 -20.0105 -1.95046 
1397224915.075235265 -20.2147 -1.6165 
1397224915.175803480 -20.2494 69.9146 
1397224915.276291660 -19.4466 -1.30667 
1397224915.376855060 67.0908 -1.38779 
1397224915.477335672 -20.699 -1.54039 
1397224915.577750335 -71.0043 -1.18787 
1397224915.678352618 -20.9442 -1.15404 
1397224915.779076146 -21.225 -75.18 
1397224915.879580342 -21.0117 -1.15404 
1397224915.980079767 6.12591 -69.7909 
1397224916.080603728 5.7496 -3.84709 
1397224916.181035015 5.26677 -3.59423 
1397224916.281306697 4.96963 -3.34654 
1397224916.381820610 4.73643 -3.05605 
1397224916.482309120 4.56164 -2.86613 
1397224916.582929996 4.51357 -2.56083 
1397224916.683430097 4.28331 -2.25949 
1397224916.783958367 4.00319 -1.96197 
1397224916.884500655 3.55935 -1.66814 
1397224916.984917113 3.2456 -1.45269 
1397224917.087236908 2.91814 -1.31553 
1397224917.187877669 2.81733 -0.986866 
1397224917.288106069 2.65522 -1.03396 
1397224917.388345087 2.2982 -0.755609 
1397224917.488597114 2.1387 -0.480374 
1397224917.588979854 1.94851 -0.532196 
1397224917.689445911 1.76167 -0.208141 
1397224917.789743956 1.66947 -0.0346492 
1397224917.890282415 1.20541 0.156181 
1397224917.991222264 1.05133 0.250315 
1397224918.091719970 1.05133 0.266842 
1397224918.192316975 0.875502 0.436081 
1397224918.292788678 0.702649 0.343611 
1397224918.393224920 0.637141 0.115237 
1397224918.493732734 0.702649 0.618592 
1397224918.594299077 0.383273 0.527738 
1397224918.694712190 0.167584 0.541828 
1397224918.795022139 0.100612 0.374853 
1397224918.895505960 0.0180836 0.299372 
1397224918.995997557 0.167584 0.115237 
1397224919.096392245 0.100612 0.132858 
1397224919.196794398 0.100612 -0.180489 
1397224919.297250275 0.120026 -0.0338501 
1397224919.397698775 -0.225451 -0.107471 
1397224919.498245046 -0.305308 -0.273786 
1397224919.598794570 -0.0403453 -0.535316 
1397224919.699313914 0.104558 -0.678398 
1397224919.800086083 0.377433 -0.844905 
1397224919.900737862 0.18507 -1.03918 
1397224920.001322577 0.120026 -1.55006 
1397224920.101918571 -0.225451 -1.61439 
1397224920.202444681 -0.131235 -1.78351 
1397224920.303016265 -0.131235 -2.05613 
1397224920.403544926 -0.131235 -2.3984 
1397224920.503979660 -0.131235 -2.50445 
1397224920.604464767 0.217531 -2.74257 
1397224920.705030432 -0.0493883 -3.27873 
1397224920.805612384 0.0331398 -3.91951 
1397224920.906251175 0.0638055 -3.85896 
1397224921.006820594 0.0794194 -4.01814 
1397224921.107373756 -0.00520708 -4.2581 
1397224921.207884923 0.0794194 -4.7952 
1397224921.308358754 0.0794194 -5.27644 
1397224921.408867596 0.302266 -5.51559 
1397224921.509328699 0.181297 -5.45815 
1397224921.609874259 0.337647 -6.17576 
1397224921.710434175 0.355666 -6.51113 
1397224921.811060543 0.443982 -6.69946 
1397224921.911748586 0.268108 -6.99752 
1397224922.012273995 0.285591 -7.32417 
1397224922.112753350 0.321206 -7.65617 
1397224922.213258207 0.692457 -7.99371 
1397224922.313817938 0.429999 -8.38912 
1397224922.414325036 0.429999 -8.58858 
1397224922.514667149 0.429999 -8.84034 
1397224922.615182265 0.521456 -9.19426 
1397224922.715836481 0.429999 -9.39866 
1397224922.816494906 0.284828 -9.87105 
1397224922.917091932 0.302829 -10.0819 
1397224923.017653253 0.706812 -10.5077 
1397224923.118096315 0.488197 -10.7227 
1397224923.218617034 0.582126 -10.9873 
1397224923.319017363 0.582126 -11.0608 
1397224923.419501920 0.602854 -11.4066 
1397224923.520013011 0.508078 -11.5825 
1397224923.620390405 0.508078 -11.534 
1397224923.720682706 0.6769 -11.6632 
1397224923.820928908 0.6769 -11.4853 
1397224923.921148572 0.602854 -11.6142 
1397224924.021399938 0.508078 -11.2328 
1397224924.121671093 0.582126 -11.2107 
1397224924.222011917 0.452942 -11.2107 
1397224924.322771054 0.282275 -10.8862 
1397224924.423063284 0.377057 -10.663 
1397224924.523343582 0.205758 -10.2211 
1397224924.623635394 0.396183 -10.106 
1397224924.723936189 0.590088 -9.56896 
1397224924.824162700 0.492695 -9.35335 
1397224924.924455693 0.319029 -8.92904 
1397224925.024720429 0.300541 -8.70926 
1397224925.125042809 0.205758 -8.22891 
1397224925.225370625 0.282275 -7.86697 
1397224925.325793732 0.300541 -7.54272 
1397224925.426307299 0.433426 -7.21605 
1397224925.526791399 0.282275 -6.94804 
1397224925.627225281 0.655579 -6.80267 
1397224925.727650531 0.6769 -6.28399 
1397224925.827991619 0.282275 -5.87165 
1397224925.928432135 0.339493 -5.60113 
1397224926.028813348 0.54858 -5.12586 
1397224926.129096392 0.645087 -4.7154 
1397224926.229588590 0.892369 -4.1053 
1397224926.330075621 0.590088 -3.75745 
1397224926.430375559 0.241225 -3.57515 
1397224926.530835154 -0.0120164 -2.87505 
1397224926.631276655 -0.0766828 -2.47441 
1397224926.731503606 -0.157882 -2.11552 
1397224926.831784085 -0.157882 -1.51557 
1397224926.932262852 -0.0458729 -1.3488 
1397224927.032738649 0.117236 -1.06283 
1397224927.133185359 -0.225905 -0.747919 
1397224927.233604058 -0.113568 -0.834036 
1397224927.333866776 -0.295971 0.0297149 
1397224927.434165138 -0.295971 0.71183 
1397224927.534667361 -0.211866 0.724426 
1397224927.634952294 -0.45456 1.22261 
1397224927.735206814 -0.728027 1.82559 
1397224927.835623411 -0.380829 2.23267 
1397224927.936070291 -0.541751 2.86055 
1397224928.036505197 -0.530543 3.05796 
1397224928.136752556 -0.329355 3.69344 
1397224928.237014150 -0.329355 4.01669 
1397224928.337510473 -0.241357 4.32049 
1397224928.438056313 -0.689611 4.85937 
1397224928.538538073 -0.689611 5.16108 
1397224928.638980689 -0.418167 5.40605 
1397224928.739445145 -0.496274 5.61974 
1397224928.839905472 -0.380683 6.0486 
1397224928.940154875 -0.275738 6.39364 
1397224929.040641007 -0.649895 6.78034 
1397224929.140976433 -0.367944 6.99652 
1397224929.241421719 -0.649895 7.1305 
1397224929.341709496 -0.649895 7.48567 
1397224929.442237074 -0.355081 7.70609 
1397224929.542738188 -0.328983 7.92725 
1397224929.643288944 -0.4248 8.08766 
1397224929.743698771 -0.219927 8.08766 
1397224929.844190484 -0.219927 8.3866 
1397224929.944765234 0.154254 8.75147 
1397224930.045172883 0.172168 8.89741 
1397224930.145481368 0.395667 8.97442 
1397224930.246025891 0.601272 8.90496 
1397224930.346589662 0.807123 8.97442 
1397224930.447060835 0.96149 8.82853 
1397224930.547327980 0.96149 8.98076 
1397224930.647704708 1.25112 9.20165 
1397224930.748281894 1.62347 9.27616 
1397224930.848728996 2.0254 9.13052 
1397224930.948978349 2.26473 8.91816 
1397224931.049525466 2.67311 8.91816 
1397224931.150069393 2.91405 8.7032 
1397224931.250524948 3.34949 8.63809 
1397224931.350904970 3.50136 8.77735 
1397224931.451187932 3.97558 8.77735 
1397224931.551729632 4.40543 8.63809 
1397224931.652206040 4.92996 8.36411 
1397224931.752669763 5.265 8.2898 
1397224931.852899382 5.66191 8.155 
1397224931.953137701 6.17757 7.88977 
1397224932.053512113 6.99108 7.32594 
1397224932.153729505 7.41534 70.7861 
1397224932.254023188 7.89158 7.25126 
1397224932.354518553 69.3708 6.92991 
1397224932.455015728 8.78295 6.65619 
1397224932.555538931 -69.4657 6.18409 
1397224932.655989070 9.81003 6.41766 
1397224932.756606723 10.0992 -75.1571 
1397224932.857008429 10.5837 5.57557 
1397224932.957226450 2.23507 -67.7171 
1397224933.057528491 2.10632 -0.404256 
1397224933.158075619 2.0428 -0.208141 
1397224933.258564375 1.76167 -0.11142 
1397224933.359108636 1.51446 -0.462898 
1397224933.459320434 1.29523 -0.0721969 
1397224933.559583016 1.05133 -0.0529157 
1397224933.659900700 1.05133 0.040383 
1397224933.760422164 0.875502 0.343611 
1397224933.860714527 0.723203 0.115237 
1397224933.960971807 0.617315 0.115237 
1397224934.061433261 0.637141 0.283193 
1397224934.162003000 0.485816 0.390232 
1397224934.262579360 0.200275 0.283193 
1397224934.363014947 0.167584 0.207711 
1397224934.463310634 0.0180836 0.22452 
1397224934.563775510 0.0331398 0.040383 
1397224934.664270139 -0.0493883 0.115237 
1397224934.764733723 0.0545094 0.207711 
1397224934.865333228 -0.225451 -0.107471 
1397224934.965634997 -0.292921 -0.396005 
1397224935.066204651 -0.305308 -0.367918 
1397224935.166664000 -0.305308 -0.367918 
1397224935.267320717 -0.292921 -0.678398 
1397224935.367789307 -0.131235 -0.870929 
1397224935.468324714 -0.0493883 -1.03918 
1397224935.568791393 0.217531 -1.3463 
1397224935.669013278 -0.131235 -1.74968 
1397224935.769309133 -0.0493883 -1.95303 
1397224935.869854733 -0.0348384 -1.95303 
1397224935.970394055 -0.185858 -2.29335 
1397224936.070634817 -0.172342 -2.61152 
1397224936.170983525 -0.324408 -2.85065 
1397224936.271510488 -0.324408 -3.19895 
1397224936.372086657 0.116358 -3.54951 
1397224936.472735521 -0.0747481 -3.84021 
1397224936.573275187 0.0794194 -4.31902 
1397224936.673873721 0.0794194 -4.43692 
1397224936.774546771 0.00987843 -4.73671 
1397224936.874855904 0.0794194 -5.1004 
1397224936.975331510 0.00987843 -5.45815 
1397224937.075785182 0.00987843 -5.89477 
1397224937.176392856 0.302266 -6.08074 
1397224937.276878438 0.337647 -6.58844 
1397224937.377161079 0.355666 -6.88877 
1397224937.477656004 0.285591 -6.88877 
1397224937.578175174 0.214972 -7.27039 
1397224937.678481345 0.214972 -7.46275 
1397224937.778973669 0.321206 -7.90331 
1397224937.879434908 0.339343 -8.24305 
1397224937.979978172 0.713574 -8.58858 
1397224938.080502862 0.501727 -8.89112 
1397224938.180762701 0.761458 -9.24463 
1397224938.281184041 0.783103 -9.71185 
1397224938.381475189 0.966799 -9.92093 
1397224938.481699555 0.468559 -10.0819 
1397224938.581898141 0.488197 -10.6249 
1397224938.682196902 0.943604 -10.8421 
1397224938.782752338 1.08426 -10.8421 
1397224938.883124375 0.87245 -11.0608 
1397224938.983463206 0.488197 -11.0608 
1397224939.083861116 0.582126 -11.4066 
1397224939.184246001 0.508078 -11.3093 
1397224939.284718424 0.582126 -11.534 
1397224939.385018929 0.602854 -11.0861 
1397224939.485344188 0.508078 -11.4853 
1397224939.585742039 0.800733 -11.0861 
1397224939.686058940 0.528205 -11.4066 
1397224939.786399988 0.358161 -11.2811 
1397224939.886678729 0.377057 -11.0861 
1397224939.987001395 0.300541 -10.6443 
1397224940.087502492 0.472697 -10.2727 
1397224940.187801772 0.396183 -9.94997 
1397224940.288172146 0.358161 -9.45743 
1397224940.388683254 0.377057 -9.14103 
1397224940.489104657 0.300541 -8.87465 
1397224940.589638189 0.300541 -8.56372 
1397224940.690191747 0.205758 -8.07573 
1397224940.790668746 0.282275 -7.80931 
1397224940.891085639 0.205758 -7.51108 
1397224940.991326896 0.300541 -7.06917 
1397224941.091592309 0.205758 -6.92388 
1397224941.192058684 0.508078 -6.45528 
1397224941.292456167 0.452942 -5.92496 
1397224941.392765361 0.223386 -6.06434 
1397224941.493269382 0.145581 -5.32991 
1397224941.593797617 0.0671165 -4.78505 
1397224941.694178504 -0.0276687 -4.5815 
1397224941.794765436 0.0507957 -3.83075 
1397224941.895205938 0.0671165 -3.83075 
1397224941.995738618 0.492695 -3.42785 
1397224942.096153973 -0.172328 -3.07623 
1397224942.196610847 -0.0613651 -2.79781 
1397224942.297071898 0.117236 -2.19637 
1397224942.397521779 0.0360369 -1.75134 
1397224942.497794380 0.0524262 -1.46611 
1397224942.598227362 0.134336 -0.889817 
1397224942.698636296 -0.113568 -0.395319 
1397224942.798885741 0.0360369 -0.0092767 
1397224942.899157432 -0.380829 0.399437 
1397224942.999570350 -0.380829 0.523397 
1397224943.099912966 -0.295971 1.41851 
1397224943.200191702 -0.368158 1.71974 
1397224943.300695142 -0.45456 2.13152 
1397224943.401060216 -0.442549 2.44056 
1397224943.501516085 -0.241357 3.16673 
1397224943.601792209 -0.255227 3.49988 
1397224943.702025320 -0.329355 3.59711 
1397224943.802373345 -0.405794 3.78888 
1397224943.902833227 -0.507805 4.43737 
1397224944.003119504 -0.598282 4.85937 
1397224944.103468880 -0.689611 5.16108 
1397224944.203674878 -0.679803 5.49531 
1397224944.303978072 -0.576835 5.83392 
1397224944.404274582 -0.198862 6.13539 
1397224944.504725176 -0.461029 6.26381 
1397224944.604972783 -0.0939142 6.61079 
1397224944.705290508 -0.0939142 6.9129 
1397224944.805942379 0.0120396 7.40291 
1397224944.906206696 -0.649895 7.48567 
