1397508113.558866640 21.2631 25.1628 24.8941 31.036
1397508113.659343384 21.2631 25.0468 24.8941 30.5257
1397508113.759669586 21.2631 25.1628 24.8941 30.5257
1397508113.860416281 21.1643 25.0468 24.8941 30.8639
1397508113.961159732 21.1643 24.932 25.0286 31.7451
1397508114.061651813 21.1643 24.932 24.8941 31.2102
1397508114.162226990 21.1643 24.7056 25.0286 31.036
1397508114.263052630 21.2631 24.3739 24.8941 31.2102
1397508114.363822176 21.2631 24.7056 25.0286 31.2102
1397508114.464395594 21.0664 24.594 25.1645 30.5257
1397508114.564843708 20.8728 24.7056 25.4402 31.2102
1397508114.665121646 20.8728 24.7056 25.4402 31.2102
1397508114.765547590 20.8728 24.7056 25.5802 31.9277
1397508114.866110281 20.7772 24.7056 25.5802 31.2102
1397508114.966527677 20.7772 24.7056 25.4402 31.2102
1397508115.066906465 20.8728 24.594 25.5802 31.5647
1397508115.167373014 20.8728 24.7056 25.5802 31.9277
1397508115.268028002 20.7772 24.7056 25.4402 31.3864
1397508115.368805832 20.8728 24.594 25.5802 31.9277
1397508115.469289477 20.7772 24.594 25.5802 31.9277
1397508115.569957269 20.6823 23.9458 25.5802 31.9277
1397508115.670477306 20.8728 24.3739 25.5802 31.9277
1397508115.771201435 20.7772 24.3739 25.5802 31.2102
1397508115.871776985 20.7772 24.2654 25.8643 31.9277
1397508115.972132561 20.7772 24.2654 26.0085 31.9277
1397508116.072655134 20.7772 24.2654 26.0085 31.9277
1397508116.172995193 20.7772 24.1579 26.0085 31.9277
1397508116.273234513 20.7772 24.2654 25.8643 31.9277
1397508116.373577213 20.8728 23.8412 26.1541 31.9277
1397508116.473981891 20.7772 24.1579 26.1541 31.9277
1397508116.574300024 20.6823 23.9458 26.1541 31.2102
1397508116.674693487 20.5881 23.7375 26.1541 31.9277
1397508116.775374148 20.6823 23.8412 26.1541 31.7451
1397508116.875929237 20.7772 23.8412 26.0085 31.9277
1397508116.976542872 20.5881 23.8412 26.0085 31.9277
1397508117.077086322 20.4947 23.7375 26.1541 31.9277
1397508117.177759632 20.4019 23.2327 26.0085 31.7451
1397508117.278447259 20.4019 23.432 26.1541 31.5647
1397508117.379070620 20.4019 23.432 26.4499 31.036
1397508117.479388743 20.4019 23.432 26.6001 31.7451
1397508117.580022528 20.4019 23.432 26.7518 31.7451
1397508117.680692359 20.4947 23.0368 26.6001 31.5647
1397508117.781429518 20.4947 23.1344 26.7518 31.3864
1397508117.881891232 20.4947 23.0368 26.7518 31.3864
1397508117.982567508 20.4019 22.7493 26.6001 31.2102
1397508118.083026383 20.4947 22.9402 26.7518 31.2102
1397508118.183419220 20.4019 22.8443 26.7518 30.6938
1397508118.283974592 20.4019 22.655 26.7518 31.2102
1397508118.384555040 20.4947 22.655 26.7518 31.2102
1397508118.486910408 20.4019 22.2856 27.06 31.036
1397508118.587566999 20.4947 22.5615 27.2166 31.2102
1397508118.688227384 20.4019 22.3768 27.2166 30.8639
1397508118.788792851 20.4019 22.2856 27.3747 31.2102
1397508118.889189185 20.4019 22.2856 27.3747 31.036
1397508118.989701123 20.4019 22.2856 27.3747 31.2102
1397508119.090310001 20.4019 22.1054 27.3747 31.036
1397508119.192191059 20.4019 22.0164 27.3747 31.2102
1397508119.292830787 20.4947 21.5815 27.2166 31.2102
1397508119.393353660 20.4019 21.8404 27.3747 31.2102
1397508119.493884091 20.4019 21.6672 27.3747 30.3595
1397508119.594319229 20.4019 21.6672 27.3747 31.036
1397508119.694784527 20.4019 21.5815 27.3747 30.6938
1397508119.795273744 20.4019 21.4123 27.5346 30.5257
1397508119.895862109 20.4947 21.3286 27.8594 30.5257
1397508119.996432521 20.4019 21.2455 28.0244 30.5257
1397508120.096982787 20.4019 20.7599 28.0244 30.5257
1397508120.197411422 20.4019 21.0001 28.0244 30.3595
1397508120.297867919 20.4947 20.9194 28.0244 29.8722
1397508120.398468373 20.4019 20.7599 28.0244 30.5257
1397508120.499027628 20.4019 20.6027 28.0244 30.5257
1397508120.599443479 20.4019 20.4477 28.1911 30.5257
1397508120.699945094 20.4019 20.4477 28.5301 30.1952
1397508120.800316374 20.4947 20.371 28.5301 30.0328
1397508120.900689524 20.4019 19.9217 28.7024 29.7135
1397508121.000933166 20.4019 19.632 28.7024 29.8722
1397508121.101161312 20.4019 19.9953 28.7024 29.8722
1397508121.201461992 20.4947 19.9217 28.7024 29.8722
1397508121.301971465 20.4019 19.4197 28.7024 29.8722
1397508121.402369834 20.4019 19.0069 28.7024 29.8722
1397508121.502721426 20.3099 19.1428 28.7024 29.5565
1397508121.603161818 20.5881 19.0746 28.7024 29.2479
1397508121.703389608 20.6823 19.0069 28.7024 29.4013
1397508121.803613937 20.7772 18.9396 29.0526 29.2479
1397508121.903920505 20.7772 19.2113 29.2306 29.0961
1397508122.004443716 20.7772 19.1428 29.4106 29.0961
1397508122.104831165 20.7772 18.609 29.4106 29.0961
1397508122.205314714 20.8728 18.4153 29.4106 29.2479
1397508122.305828873 20.8728 18.7401 29.2306 29.0961
1397508122.406323963 20.7772 18.6743 29.2306 28.5056
1397508122.506843328 20.8728 18.5441 29.2306 29.0961
1397508122.607295757 20.6823 18.4153 29.4106 29.0961
1397508122.707680554 20.7772 18.2881 29.2306 28.7976
1397508122.808046544 20.7772 18.1623 29.5925 28.6508
1397508122.908378645 20.7772 18.0999 29.7765 28.6508
1397508123.008837247 20.7772 17.7328 29.7765 28.6508
1397508123.109309295 20.6823 17.7932 29.9626 28.0793
1397508123.209803088 20.7772 17.6728 30.1508 27.3986
1397508123.310312756 20.8728 17.6131 30.1508 28.0793
1397508123.410861042 20.8728 17.4947 30.1508 27.9402
1397508123.511412589 20.8728 17.3194 29.9626 28.2198
1397508123.611911298 20.9692 17.3775 30.1508 28.3619
1397508123.712490604 21.0664 17.204 30.5335 27.6665
1397508123.812997000 21.0664 16.9207 30.7281 27.5318
1397508123.913385822 21.0664 16.9768 30.925 27.3986
1397508124.013748348 21.1643 16.8648 30.7281 27.5318
1397508124.114187498 21.1643 16.699 30.925 27.9402
1397508124.214665559 21.1643 16.5898 30.7281 27.9402
1397508124.315119837 21.1643 16.2685 30.925 27.6665
1397508124.415602068 21.1643 16.428 30.925 27.5318
1397508124.516089755 21.1643 16.3214 30.925 27.3986
1397508124.616509114 21.1643 16.1634 30.925 27.3986
1397508124.716865310 21.1643 16.1112 30.925 27.3986
1397508124.817417570 21.1643 15.956 30.925 27.5318
1397508124.917980549 21.2631 15.9048 30.925 27.3986
1397508125.018478866 21.3626 15.7524 31.3256 27.3986
1397508125.118953445 21.5641 15.5029 31.5293 27.1361
1397508125.219361096 21.4629 15.6519 31.7355 27.1361
1397508125.319586181 21.5641 15.5029 31.5293 26.5033
1397508125.419973065 21.5641 15.3558 31.7355 26.8791
1397508125.520501465 21.5641 15.3072 31.944 26.6273
1397508125.620950997 21.6661 15.2106 31.5293 26.8791
1397508125.721460164 21.5641 15.0672 31.7355 26.8791
1397508125.821946359 21.5641 15.0198 31.7355 26.7525
1397508125.922470826 21.5641 14.7858 31.944 26.7525
1397508126.022858903 21.5641 14.7858 31.944 26.5033
1397508126.123262170 21.5641 14.7395 32.155 26.3805
1397508126.223861708 21.6661 14.6935 32.5844 26.3805
1397508126.324474680 21.8726 14.5564 32.5844 26.3805
1397508126.424888772 21.9771 14.466 32.5844 26.3805
1397508126.525374502 21.9771 14.3317 32.5844 26.3805
1397508126.625865987 21.8726 14.2872 32.5844 26.1387
1397508126.726259336 21.9771 14.0677 32.5844 26.259
1397508126.826592926 21.9771 14.155 32.5844 26.1387
1397508126.927078851 21.9771 14.0243 32.8029 26.0195
1397508127.027410976 21.9771 13.9379 32.5844 25.9015
1397508127.127921231 21.9771 13.8097 32.5844 25.9015
1397508127.228476603 22.0826 13.5991 32.5844 25.9015
1397508127.328936759 21.9771 13.6409 32.8029 25.9015
1397508127.429239643 21.9771 13.5575 33.2478 25.7847
1397508127.529589800 22.1889 13.4746 33.4743 25.9015
1397508127.630061431 22.2962 13.4746 33.4743 25.9015
1397508127.730545928 22.2962 13.3108 33.2478 25.6691
1397508127.831056908 22.4043 13.1895 33.4743 25.5545
1397508127.931465368 22.4043 13.1493 33.4743 25.441
1397508128.031959767 22.4043 12.9114 33.4743 25.441
1397508128.132451664 22.4043 12.9901 33.4743 25.441
1397508128.232933234 22.4043 12.9114 33.4743 25.5545
1397508128.333523710 22.4043 12.8332 33.4743 25.441
1397508128.434056777 22.4043 12.8332 33.4743 25.5545
1397508128.534478506 22.4043 12.7169 33.2478 25.441
1397508128.634866111 22.4043 12.6019 33.4743 25.2173
1397508128.735434685 22.4043 12.5258 33.4743 25.2173
1397508128.835991339 22.5134 12.338 33.7034 25.1071
1397508128.936528721 22.4043 12.3753 33.7034 25.1071
1397508129.037069641 22.4043 12.338 33.4743 24.9979
1397508129.137335874 22.5134 12.3008 33.9354 24.9979
1397508129.237557235 22.7345 12.2638 33.9354 24.9979
1397508129.337810139 22.8465 12.19 34.1701 24.9979
1397508129.438061757 22.8465 12.1534 33.9354 24.9979
1397508129.538402044 22.8465 12.0079 34.1701 24.9979
1397508129.638970328 22.8465 11.8288 34.4077 24.8897
1397508129.739358958 22.9594 11.7227 34.4077 24.6763
1397508129.839588321 22.8465 11.7227 34.6482 24.3634
1397508129.939834776 22.8465 11.8288 34.6482 24.6763
1397508130.040033037 22.8465 11.7933 34.4077 24.571
1397508130.140270770 22.9594 11.5137 34.4077 24.571
1397508130.240499219 22.9594 11.5137 34.6482 24.571
1397508130.340733875 22.8465 11.4793 34.4077 24.571
1397508130.440991996 22.8465 11.445 34.4077 24.571
1397508130.541241342 22.9594 11.5137 34.4077 24.571
1397508130.641499232 22.8465 11.5829 34.1701 24.4668
1397508130.741742739 22.7345 11.5483 34.4077 24.571
1397508130.842056274 22.8465 11.4793 34.4077 24.3634
1397508130.942579202 22.9594 11.3767 34.4077 24.3634
1397508131.043031150 22.8465 11.5137 34.4077 24.4668
1397508131.143416137 22.8465 11.445 34.4077 24.261
1397508131.243700006 22.9594 11.4108 34.4077 24.261
1397508131.344219332 22.8465 11.3767 34.4077 24.059
1397508131.444915593 22.8465 11.3767 34.4077 23.8605
1397508131.545435685 22.8465 11.3427 34.4077 221.351
1397508131.646035476 22.8465 11.3427 34.6482 24.1596
1397508131.746365653 22.8465 11.1744 204.553 23.7626
1397508131.846741994 22.8465 11.2751 34.6482 23.7626
1397508131.947136457 22.9594 216.293 34.6482 23.4738
1397508132.047529013 22.8465 11.2414 34.6482 23.7626
1397508132.147852842 292.645 11.2078 34.6482 23.7626
1397508132.249084040 22.8465 11.2078 34.4077 23.8605
1397508132.349641900 197.008 38.9142 13.3337 28.0793
1397508132.449917356 29.9157 37.8056 13.2846 28.0793
1397508132.550261027 30.1022 38.9142 13.2846 28.0793
1397508132.650796755 29.9157 38.6313 13.2846 28.3619
1397508132.751219540 30.1022 38.9142 13.2846 28.5056
1397508132.851538628 29.9157 38.6313 13.2358 28.5056
1397508132.952126750 29.9157 38.6313 13.0907 28.5056
1397508133.052562935 29.9157 38.9142 13.1389 28.5056
1397508133.154671302 30.1022 39.4922 13.1389 28.5056
1397508133.255188145 29.9157 38.6313 13.0907 28.5056
1397508133.355672161 29.9157 39.4922 13.0907 28.5056
1397508133.456269222 30.1022 39.7874 13.1389 28.6508
1397508133.556657030 29.9157 39.7874 13.1389 28.6508
1397508133.657081555 29.9157 39.7874 13.0907 28.6508
1397508133.757558508 29.9157 40.0868 12.9952 28.5056
1397508133.858045210 29.9157 39.7874 12.9005 28.2198
1397508133.958602168 29.9157 39.7874 12.9477 28.5056
1397508134.058873148 29.9157 40.0868 12.9477 28.6508
1397508134.159189037 30.1022 40.0868 12.9005 28.6508
1397508134.259628164 30.1022 40.0868 12.9005 28.0793
1397508134.360089799 30.1022 39.7874 12.9477 28.6508
1397508134.460543530 30.1022 39.7874 12.9005 28.5056
1397508134.560880924 29.9157 39.7874 12.9005 28.7976
1397508134.661307884 30.1022 39.4922 12.9005 28.946
1397508134.761800894 30.1022 39.7874 12.9005 29.0961
1397508134.862416823 29.9157 39.7874 12.9477 29.0961
1397508134.962952285 29.549 40.0868 12.9005 29.2479
1397508135.063466865 29.1907 39.7874 12.8535 28.6508
1397508135.163929238 29.3688 39.4922 12.9477 29.0961
1397508135.264299042 29.3688 38.3522 12.9005 29.0961
1397508135.364974105 29.1907 37.274 12.8067 29.2479
1397508135.465480491 29.1907 40.0868 12.8067 29.0961
1397508135.566101587 29.1907 39.7874 12.7138 29.2479
1397508135.666596392 29.1907 38.3522 12.7601 29.0961
1397508135.767050073 29.3688 38.3522 12.7138 29.0961
1397508135.867457687 29.1907 38.3522 12.6676 29.2479
1397508135.967811670 29.3688 38.3522 12.7138 29.2479
1397508136.068299504 29.3688 38.3522 12.7138 29.0961
1397508136.168850295 29.1907 37.274 12.7138 29.0961
1397508136.269478502 29.1907 39.7874 12.7601 29.2479
1397508136.370002577 28.8405 39.7874 12.7601 28.6508
1397508136.471255411 28.6683 38.3522 12.7138 29.4013
1397508136.571660199 28.4981 39.7874 12.6676 29.7135
1397508136.671950211 28.6683 39.7874 12.576 29.7135
1397508136.772218236 28.4981 39.2012 12.576 29.7135
1397508136.872546188 28.4981 39.7874 12.5305 29.7135
1397508136.973064335 28.4981 39.7874 12.5305 29.8722
1397508137.073550155 28.4981 39.7874 12.576 29.8722
1397508137.173787894 28.4981 40.0868 12.576 29.2479
1397508137.274038111 28.4981 39.7874 12.5305 29.8722
1397508137.374305460 28.3297 40.0868 12.5305 29.8722
1397508137.474561843 28.1632 40.0868 12.5305 29.4013
1397508137.574940671 28.1632 40.0868 12.576 29.0961
1397508137.675425910 27.9986 39.7874 12.5305 29.2479
1397508137.775873116 27.9986 40.0868 12.5305 29.2479
1397508137.876505918 27.8357 39.7874 12.5305 29.8722
1397508137.977075893 27.9986 40.0868 12.5305 29.2479
1397508138.077727653 27.8357 39.7874 12.4852 29.4013
1397508138.178243170 27.8357 40.0868 12.3952 29.5565
1397508138.278741157 27.9986 39.2012 12.3952 29.7135
1397508138.379148687 27.6746 40.0868 12.3952 29.7135
1397508138.479501646 27.8357 39.7874 12.3952 30.0328
1397508138.580026960 27.5153 40.0868 12.3505 30.1952
1397508138.680612225 27.3576 39.7874 12.3952 30.5257
1397508138.781174387 27.3576 39.7874 12.3505 30.3595
1397508138.881733992 27.2017 40.6985 12.3952 30.0328
1397508138.982360301 27.2017 40.3905 12.3505 30.5257
1397508139.082900431 27.2017 40.0868 12.3952 30.3595
1397508139.183430899 27.2017 40.0868 12.3952 30.3595
1397508139.284047925 27.2017 40.0868 12.3505 29.8722
1397508139.384735631 26.8947 39.7874 12.3505 30.5257
1397508139.485384846 26.7437 40.0868 12.3952 30.6938
1397508139.585980585 26.5942 40.0868 12.3505 30.8639
1397508139.686573206 26.4463 39.7874 12.3505 30.6938
1397508139.787147852 26.5942 39.4922 12.3952 31.036
1397508139.887727428 26.5942 39.7874 12.3952 31.036
1397508139.988269189 26.5942 39.7874 12.3952 31.2102
1397508140.088836924 26.4463 39.7874 12.3952 30.5257
1397508140.189452598 26.5942 39.7874 12.3952 31.2102
1397508140.290026367 26.2999 40.3905 12.3505 31.036
1397508140.390521907 26.155 40.0868 12.306 31.2102
1397508140.490985280 26.0116 40.0868 12.2618 31.2102
1397508140.591499213 26.0116 40.0868 12.2618 31.2102
1397508140.692032601 26.0116 40.0868 12.2177 31.2102
1397508140.792696654 26.0116 39.7874 12.2177 31.2102
1397508140.893210115 26.0116 39.7874 12.2177 30.5257
1397508140.993769857 26.0116 40.0868 12.2177 31.2102
1397508141.094275425 26.0116 39.7874 12.1738 31.3864
1397508141.194732556 25.8697 38.9142 12.1738 31.5647
1397508141.295371226 25.5901 39.7874 12.2177 31.7451
1397508141.395911604 25.4524 39.7874 12.1738 31.2102
1397508141.496561149 25.5901 39.7874 12.2177 31.9277
1397508141.597243314 25.4524 40.0868 12.2177 31.7451
1397508141.697833720 25.4524 39.7874 12.1738 31.7451
1397508141.798264419 25.4524 40.0868 12.2177 31.9277
1397508141.898704704 25.316 39.7874 12.2177 31.9277
1397508141.999290556 25.181 40.0868 12.2177 31.7451
1397508142.099845527 24.915 39.7874 12.2177 31.9277
1397508142.200573470 25.0474 39.7874 12.2177 31.3864
1397508142.301146287 25.0474 39.7874 12.2177 31.9277
1397508142.401765156 24.784 40.0868 12.1738 31.7451
1397508142.502182315 24.784 40.0868 12.1738 32.1125
1397508142.602559601 24.915 40.0868 12.2177 32.4889
1397508142.702848995 24.784 40.0868 12.2177 32.4889
1397508142.803202793 24.6541 38.9142 12.1738 32.6805
1397508142.903764163 24.5256 39.7874 12.2177 32.6805
1397508143.004081353 24.3983 40.6985 12.2177 32.1125
1397508143.104330763 24.3983 40.3905 12.2177 32.6805
1397508143.204562205 24.2721 39.7874 12.306 32.6805
1397508143.304820748 24.3983 40.3905 12.306 32.6805
1397508143.405067784 24.3983 40.3905 12.3505 32.6805
1397508143.505422524 24.2721 40.3905 12.3505 32.6805
1397508143.605975252 24.3983 40.3905 12.3952 32.6805
1397508143.706296512 24.3983 40.3905 12.3505 32.4889
1397508143.806696165 24.2721 40.0868 12.3952 31.9277
1397508143.907219059 24.1472 40.0868 12.3952 32.6805
1397508144.007762943 23.9008 39.7874 12.3952 32.6805
1397508144.108385333 23.9008 40.0868 12.3505 32.6805
1397508144.209037890 23.7794 39.7874 12.3505 32.6805
1397508144.309616696 23.7794 39.7874 12.3952 32.1125
1397508144.410101979 23.9008 40.0868 12.3952 33.0709
1397508144.510666981 23.9008 39.7874 12.3505 32.8745
1397508144.611176173 23.9008 40.0868 12.3505 32.6805
1397508144.711864742 23.9008 40.0868 12.3952 33.0709
1397508144.812495951 23.659 40.0868 12.3952 32.8745
1397508144.913029354 23.5397 39.4922 12.3952 33.0709
1397508145.013609101 23.5397 39.4922 12.3952 33.2697
1397508145.114107142 23.4216 40.0868 12.3952 32.6805
1397508145.214793290 23.4216 40.0868 12.3952 33.471
1397508145.315359016 23.4216 39.4922 12.3952 33.471
1397508145.415935930 23.4216 38.3522 12.4401 33.471
1397508145.516485209 23.4216 38.3522 12.4852 33.471
1397508145.617079484 23.4216 38.3522 12.5305 33.471
1397508145.717513188 23.4216 37.274 12.576 34.0901
1397508145.818038038 23.3045 38.3522 12.5305 33.471
1397508145.918657030 23.0734 40.0868 12.576 32.6805
1397508146.019260885 23.0734 39.7874 12.5305 33.471
1397508146.119789343 22.9594 38.3522 12.576 33.471
1397508146.220430889 22.9594 38.3522 12.5305 33.471
1397508146.321114852 22.9594 38.6313 12.5305 33.471
1397508146.421781006 22.8465 39.7874 12.5305 33.471
1397508146.522413015 22.8465 39.2012 12.6217 33.471
1397508146.623026500 22.8465 39.7874 12.6217 33.471
1397508146.723593377 22.7345 39.7874 12.7138 32.6805
1397508146.824295384 22.6235 40.0868 12.7138 33.6748
1397508146.924744483 22.5134 40.0868 12.7138 33.471
1397508147.025264258 22.5134 39.7874 12.6676 33.471
1397508147.125798588 22.5134 40.0868 12.7138 33.2697
1397508147.226254695 22.5134 39.7874 12.7138 32.8745
1397508147.326826288 22.4043 40.0868 12.7138 32.6805
1397508147.427456881 22.4043 39.7874 12.7138 32.6805
1397508147.528058462 22.5134 39.7874 12.7138 33.2697
1397508147.628563750 22.4043 39.4922 12.8535 33.471
1397508147.729136988 22.5134 39.2012 12.9005 32.6805
1397508147.829632056 22.4043 38.6313 12.9005 32.6805
1397508147.930055937 22.4043 39.2012 12.9005 32.6805
1397508148.030619045 22.1889 38.9142 12.9005 32.1125
1397508148.131173696 22.0826 38.9142 12.9005 32.6805
1397508148.231740379 22.0826 38.9142 12.9477 32.8745
1397508148.332332158 22.0826 38.6313 12.9952 33.471
1397508148.432945517 22.0826 38.9142 13.0428 33.2697
1397508148.533356183 22.0826 38.9142 13.0428 221.351
1397508148.633714084 22.0826 37.8056 13.0907 33.0709
1397508148.733983000 22.0826 38.6313 204.553 33.471
1397508148.834337644 22.0826 38.9142 13.1389 32.6805
1397508148.934907734 22.0826 216.293 13.2358 33.471
1397508149.035479733 21.8726 38.9142 13.2846 33.471
1397508149.136353787 21.6661 38.9142 13.2358 33.471
1397508149.236998538 0.0154065 216.293 32.5844 21.3256
1397508149.337711491 43.2139 20.2191 32.5844 21.3256
1397508149.438285069 42.8547 20.2191 32.5844 21.3256
1397508149.538812307 41.4685 19.9953 32.5844 21.248
1397508149.639391117 41.1341 20.0694 32.5844 21.3256
1397508149.739968875 41.8077 20.2191 32.5844 21.0185
1397508149.840552666 41.1341 20.2191 33.0241 21.248
1397508149.940971290 42.5007 20.2191 32.8029 21.4037
1397508150.041418619 42.1517 20.2191 32.5844 21.248
1397508150.141907215 41.8077 20.2191 32.5844 21.3256
1397508150.242414809 42.8547 20.2191 32.5844 21.3256
1397508150.343004077 43.2139 19.9953 32.8029 21.3256
1397508150.443561224 41.1341 20.144 32.5844 21.248
1397508150.544248915 40.8045 20.2191 33.0241 21.3256
1397508150.644944670 40.4794 20.2191 33.4743 21.3256
1397508150.745581176 41.4685 19.9953 33.2478 21.3256
1397508150.846169858 41.4685 20.144 33.2478 21.248
1397508150.946828264 41.1341 20.2191 33.4743 21.3256
1397508151.047412240 41.1341 20.144 33.0241 21.3256
1397508151.148001589 40.8045 19.9217 32.8029 21.3256
1397508151.248624627 41.1341 20.2191 32.8029 21.4037
1397508151.349072558 40.4794 20.2191 32.8029 21.4037
1397508151.449647504 40.1589 20.2191 32.5844 21.3256
1397508151.550176727 40.4794 20.2191 32.5844 21.3256
1397508151.651970811 40.8045 20.0694 32.5844 21.4037
1397508151.752625779 40.8045 20.2191 32.5844 21.5618
1397508151.853199307 40.4794 20.144 32.5844 21.5618
1397508151.953724989 39.8429 19.7759 32.5844 21.5618
1397508152.054102485 40.1589 19.9217 32.5844 21.6417
1397508152.154564189 39.8429 20.2191 32.3684 21.5618
1397508152.254939539 40.8045 20.144 32.5844 21.6417
1397508152.355367712 41.1341 19.8485 32.5844 21.6417
1397508152.456140392 39.5312 19.49 32.8029 21.6417
1397508152.556746518 38.6218 19.7037 32.5844 21.4825
1397508152.657386887 38.3269 19.7759 32.5844 21.3256
1397508152.757982761 38.6218 19.7759 32.5844 21.6417
1397508152.858445749 38.6218 19.632 32.5844 21.5618
1397508152.958765071 38.0361 20.2191 32.5844 21.6417
1397508153.059274062 37.4661 20.2191 32.5844 21.6417
1397508153.159832410 37.4661 19.8485 32.5844 21.6417
1397508153.261720931 37.7492 19.632 32.3684 21.5618
1397508153.361960925 37.4661 20.2191 32.155 21.6417
1397508153.462333695 37.4661 20.144 32.5844 21.5618
1397508153.562836515 36.1067 20.144 32.3684 21.5618
1397508153.663220008 35.5877 20.2191 32.3684 21.5618
1397508153.763464703 36.1067 20.144 32.5844 21.6417
1397508153.863710532 36.1067 20.2191 32.3684 21.5618
1397508153.964185221 36.1067 20.144 31.7355 21.7222
1397508154.064784924 36.1067 19.9953 31.7355 21.5618
1397508154.165383423 35.8455 20.144 31.7355 21.5618
1397508154.265884001 36.1067 20.0694 31.7355 21.0945
1397508154.366372576 35.8455 19.9953 31.7355 21.3256
1397508154.466874963 34.8344 19.9953 31.7355 21.4037
1397508154.567377014 35.0823 19.7759 31.7355 21.6417
1397508154.667955201 34.8344 19.9953 31.5293 21.5618
1397508154.768553602 34.3483 19.9217 31.7355 21.3256
1397508154.869072501 34.3483 19.9217 31.944 21.3256
1397508154.969747730 34.3483 19.9217 31.944 21.248
1397508155.070446562 34.3483 19.9953 31.5293 21.4037
1397508155.170944531 34.3483 19.8485 31.7355 21.6417
1397508155.271394782 34.3483 19.9217 31.7355 21.8851
1397508155.371937795 34.1099 19.632 31.7355 21.8851
1397508155.472515639 34.1099 19.9217 31.5293 21.8851
1397508155.573147840 34.1099 19.9217 31.3256 21.8851
1397508155.673794843 34.1099 19.9217 31.1241 21.9675
1397508155.774317156 34.1099 19.8485 31.1241 21.9675
1397508155.874808353 33.6422 19.7759 30.925 21.8851
1397508155.975231665 33.6422 19.9217 30.925 21.8851
1397508156.075731315 33.4127 19.9217 30.925 21.8034
1397508156.176131432 33.4127 19.632 30.925 21.8851
1397508156.276510427 33.1862 19.9217 30.925 21.9675
1397508156.377058788 32.7415 19.9217 30.925 21.9675
1397508156.477644048 32.5233 19.9217 30.925 21.9675
1397508156.578264954 32.5233 19.9217 30.925 21.8851
1397508156.678720452 32.3078 19.8485 30.7281 21.9675
1397508156.779232111 32.5233 19.7759 30.5335 21.9675
1397508156.879660493 32.3078 19.8485 30.3411 21.8851
1397508156.980028527 32.5233 19.9217 30.3411 21.9675
1397508157.080618458 32.3078 19.7759 30.1508 21.9675
1397508157.181127654 31.8846 19.7759 30.1508 21.6417
1397508157.281556368 31.6769 19.7037 30.1508 21.8851
1397508157.381971448 31.6769 19.9953 30.1508 21.8851
1397508157.482517404 31.4717 19.7759 29.9626 21.8851
1397508157.583080107 31.4717 19.7037 30.1508 21.8851
1397508157.683613028 31.4717 19.632 29.9626 21.8034
1397508157.784107196 31.269 19.632 29.9626 21.9675
1397508157.884631297 31.0687 19.632 29.5925 22.0506
1397508157.985149845 30.8708 19.632 29.4106 21.9675
1397508158.085694268 30.8708 19.632 29.4106 22.2186
1397508158.186272209 30.8708 19.632 29.4106 22.3036
1397508158.286827397 30.6752 19.3498 29.4106 22.2186
1397508158.387261696 30.6752 19.5608 29.4106 22.2186
1397508158.487620961 30.482 19.5608 29.4106 22.3036
1397508158.588221922 30.1022 19.5608 29.4106 22.3036
1397508158.688767035 30.1022 19.632 29.2306 22.2186
1397508158.789372816 29.9157 19.632 28.8765 22.2186
1397508158.889866819 29.9157 19.5608 28.8765 22.3036
1397508158.990442893 29.9157 19.5608 28.7024 22.2186
1397508159.090874866 29.7313 19.3498 28.7024 22.2186
1397508159.191259474 30.1022 19.632 28.7024 22.3036
1397508159.291787449 29.7313 19.632 28.7024 21.9675
1397508159.392321984 29.549 19.632 28.7024 22.2186
1397508159.492978614 29.3688 19.632 28.7024 22.2186
1397508159.593324019 29.3688 19.632 28.3597 22.3036
1397508159.693566679 29.1907 19.632 28.0244 22.3036
1397508159.793978785 29.0146 19.632 28.0244 22.3036
1397508159.894226985 29.0146 19.632 28.0244 22.3036
1397508159.994468659 28.6683 19.632 28.0244 22.3036
1397508160.094873949 28.6683 19.632 28.0244 21.9675
1397508160.195284408 28.6683 19.5608 28.0244 22.3036
1397508160.295611798 28.4981 19.632 27.6961 22.2186
1397508160.395862422 28.4981 19.632 27.3747 22.2186
1397508160.496256083 28.4981 19.632 27.3747 22.3036
1397508160.596830774 28.3297 19.7037 27.5346 22.4756
1397508160.697364798 28.1632 19.7759 27.3747 22.3036
1397508160.797914423 27.8357 19.632 27.5346 22.4756
1397508160.898250974 27.8357 19.7037 27.2166 22.2186
1397508160.998609032 27.8357 19.7759 27.06 22.6505
1397508161.099045308 27.6746 19.7037 26.7518 22.6505
1397508161.199561111 27.5153 19.632 26.7518 22.6505
1397508161.300062480 27.2017 19.8485 26.7518 22.6505
1397508161.400626762 27.3576 19.7759 26.7518 22.3036
1397508161.501159406 27.2017 19.49 26.6001 22.6505
1397508161.601554862 27.0474 19.49 26.7518 22.5627
1397508161.702075420 27.0474 19.5608 26.6001 22.5627
1397508161.802692916 