1397140806.787891589 1.0051 13.2861 
1397140806.822933750 1.08774 13.1779 
1397140806.857676350 1.08774 13.2861 
1397140806.893823195 1.19682 13.4554 
1397140806.928754368 1.08774 13.1189 
1397140806.963788625 0.979714 12.9539 
1397140806.999666134 1.27875 12.9539 
1397140807.034573869 1.22337 13.1189 
1397140807.069539535 0.837605 13.2861 
1397140807.105554179 1.0051 12.6302 
1397140807.140543333 1.11417 12.9539 
1397140807.175369900 1.22432 12.9539 
1397140807.211327022 1.3889 12.85 
1397140807.246293757 0.946676 12.791 
1397140807.281311933 1.05682 12.3147 
1397140807.317283586 1.11417 13.2861 
1397140807.352161804 1.19682 13.0129 
1397140807.387222625 1.27875 12.9539 
1397140807.423156346 1.19682 12.791 
1397140807.458020653 1.14094 12.791 
1397140807.492925091 1.0051 12.9539 
1397140807.529014565 1.08774 13.1779 
1397140807.563933580 1.19682 12.8946 
1397140807.599909020 1.27875 13.1779 
1397140807.634911616 1.19682 12.9539 
1397140807.669804337 1.41124 12.9539 
1397140807.705653237 1.19682 12.791 
1397140807.740722236 1.08774 12.3147 
1397140807.775938186 0.872726 12.6302 
1397140807.810662579 0.872726 12.85 
1397140807.846658005 0.766762 12.8946 
1397140807.881632181 0.872726 12.6721 
1397140807.917516886 0.954647 12.1362 
1397140807.952469484 0.872726 12.3912 
1397140807.987503224 0.872726 12.7146 
1397140808.023433717 0.743721 12.3687 
1397140808.058410168 0.954647 12.3069 
1397140808.093384720 0.872726 11.9879 
1397140808.129272060 0.766762 11.6441 
1397140808.164162445 0.766762 11.4897 
1397140808.199286045 0.766762 11.2741 
1397140808.235144667 0.684124 11.299 
1397140808.270136377 0.766762 11.0175 
1397140808.305127305 1.0104 10.8671 
1397140808.341031178 0.557842 10.5879 
1397140808.376041696 0.53677 10.0117 
1397140808.411024848 0.454857 9.95425 
1397140808.446942127 0.454857 9.67819 
1397140808.481957295 0.755411 9.4706 
1397140808.516910593 0.676272 9.19535 
1397140808.552780856 0.778298 8.4508 
1397140808.587752711 0.778298 8.57306 
1397140808.622660388 0.676272 8.29614 
1397140808.658789840 0.676272 7.96235 
1397140808.693647026 0.475062 7.68709 
1397140808.728523811 0.475062 7.46253 
1397140808.764457186 0.611262 7.21064 
1397140808.799518209 0.37585 6.81208 
1397140808.835212956 0.356684 6.53648 
1397140808.870328677 0.27755 6.25994 
1397140808.905300280 0.454985 5.86543 
1397140808.940238188 0.590119 5.66922 
1397140808.976298506 0.454985 5.19627 
1397140809.011282961 0.37585 4.50462 
1397140809.047138845 0.356684 4.52778 
1397140809.082058487 0.37585 4.24712 
1397140809.117157861 0.611262 3.85875 
1397140809.153013740 0.356684 3.56136 
1397140809.188008764 0.356684 2.97704 
1397140809.223034536 0.27755 3.09614 
1397140809.258836017 0.180147 2.71424 
1397140809.293745781 -0.106802 2.51408 
1397140809.328814587 -0.0120164 2.22284 
1397140809.364664313 -0.106802 2.03014 
1397140809.399726287 0.0671165 1.83586 
1397140809.434723931 -0.0918278 1.64548 
1397140809.470727165 -0.348315 0.987384 
1397140809.505716560 -0.348315 1.06839 
1397140809.540553640 -0.348315 0.875958 
1397140809.576513289 -0.442255 0.683433 
1397140809.611508849 -0.617273 0.386565 
1397140809.646517859 -0.617273 0.10503 
1397140809.682391258 -0.792193 0.281337 
1397140809.717395481 -0.959682 0.264489 
1397140809.752229636 -1.1476 0.17509 
1397140809.788347469 -1.40572 0.264489 
1397140809.823222153 -1.57973 0.0678068 
1397140809.858281322 -1.84063 -0.00121633 
1397140809.894265973 -2.01399 -0.19543 
1397140809.929169449 -2.26806 -0.174281 
1397140809.964021609 -2.44503 -0.19543 
1397140809.999940057 -2.87321 -0.281564 
1397140810.034981647 -2.77414 -0.281564 
1397140810.070013945 -3.40633 -0.499307 
1397140810.105922614 -3.73952 -0.695154 
1397140810.140891002 -4.16511 -0.609802 
1397140810.175907719 -4.49031 -0.609802 
1397140810.211772448 -4.6389 -0.609802 
1397140810.246786104 -5.18749 -0.721401 
1397140810.281832679 -5.61053 -0.975158 
1397140810.317654085 -5.96355 -0.523664 
1397140810.352654745 -6.388 -0.635262 
1397140810.388621426 -6.50835 -0.43673 
1397140810.423425425 -7.2555 -0.372015 
1397140810.458405490 -7.72956 -0.460581 
1397140810.494374676 -8.04459 -0.548326 
1397140810.529383936 -8.76663 -0.460581 
1397140810.564370391 -9.30554 -0.260421 
1397140810.600240362 -9.67164 -0.282614 
1397140810.635186320 -10.1548 -0.282614 
1397140810.670202469 -10.2459 -0.260421 
1397140810.706193646 -11.1248 -0.348987 
1397140810.741106668 -11.3685 -0.635262 
1397140810.776022516 -11.8576 -0.372015 
1397140810.812026105 -12.2552 -0.282614 
1397140810.846992198 -12.7456 -0.327823 
1397140810.881800075 -12.9403 -0.442833 
1397140810.917808332 -13.4305 -0.713601 
1397140810.952910532 -13.4668 -0.350849 
1397140810.987775019 -14.3787 -0.467034 
1397140811.023766482 -14.7208 -0.374162 
1397140811.058764957 -15.0177 -0.703011 
1397140811.093638104 -15.1057 -0.703011 
1397140811.129830571 -15.3585 -0.943931 
1397140811.164646749 -14.9113 -0.851051 
1397140811.199647630 -15.2012 -0.943931 
1397140811.235385395 -15.5305 -0.851051 
1397140811.270523819 -16.6586 -0.851051 
1397140811.305488147 -16.2106 -0.757271 
1397140811.341257841 -16.0379 -0.662579 
1397140811.376356300 -15.8255 -0.566959 
1397140811.411279219 -15.6574 -0.689313 
1397140811.447168178 -15.7834 -0.937933 
1397140811.482246211 -15.2436 -0.937933 
1397140811.518089185 -15.826 -1.06424 
1397140811.553121588 -16.2643 -1.34838 
1397140811.588025129 -16.3567 -1.15987 
1397140811.624026963 -15.4764 -1.06424 
1397140811.659014996 -15.0942 -0.870142 
1397140811.693922686 -15.2051 -0.771643 
1397140811.729916192 -15.1129 -0.771643 
1397140811.764881537 -14.7561 -0.672159 
1397140811.799623478 -14.6374 -0.672159 
1397140811.835774095 -15.3707 -0.672159 
1397140811.870656893 -15.2201 -0.771643 
1397140811.905868572 -13.7489 -0.672159 
1397140811.941634268 -12.6333 -0.72686 
1397140811.976618907 -12.8909 -0.754759 
1397140812.011483760 -12.3974 -1.05931 
1397140812.047405865 -12.1681 -0.886629 
1397140812.082516128 -11.7163 -0.783033 
1397140812.117384424 -11.8278 -0.651167 
1397140812.153352037 -11.5113 -0.783033 
1397140812.188555297 -10.0852 -0.989176 
1397140812.223243845 -9.53943 -0.465787 
1397140812.259102786 -9.263 -0.491137 
1397140812.294143934 -9.12344 -0.762207 
1397140812.329141954 -8.46788 -0.653106 
1397140812.365124741 -8.59784 -0.680659 
1397140812.400021396 -8.0575 -0.569233 
1397140812.435009343 -7.73102 -0.456618 
1397140812.471002378 -6.77473 -0.849519 
1397140812.506045811 -6.42958 -0.87943 
1397140812.540910187 -6.43931 -0.909758 
1397140812.576893762 -5.61985 -0.678388 
1397140812.611769860 -5.6507 -0.560815 
1397140812.647767882 -5.45763 -1.02359 
1397140812.682730987 -4.72008 -0.615075 
1397140812.717663647 -4.34765 -1.00332 
1397140812.752694806 -3.61861 -1.0354 
1397140812.788521538 -3.79258 -1.15428 
1397140812.823603026 -3.35333 -1.42461 
1397140812.859452476 -3.11033 -0.946423 
1397140812.894438269 -2.75307 -1.18812 
1397140812.929315178 -2.25906 -1.10094 
1397140812.965246514 -1.90882 -1.25729 
1397140813.000357048 -1.6641 -1.29263 
1397140813.035232857 -0.92435 -1.01018 
1397140813.071260972 -1.28751 -1.45275 
1397140813.106127428 -1.03979 -1.45275 
1397140813.141076752 -0.409114 -1.32849 
1397140813.177500281 -0.276893 -1.16839 
1397140813.212152510 0.439523 -1.32849 
1397140813.246942257 0.345258 -1.29263 
1397140813.282923736 0.735048 -1.65726 
1397140813.317923645 0.988598 -1.45275 
1397140813.352863438 1.21309 -1.29263 
1397140813.388797831 1.71654 -1.45275 
1397140813.423732273 1.86072 -1.45275 
1397140813.458742022 2.22183 -1.37882 
1397140813.494720721 2.47528 -1.34265 
1397140813.529730457 2.78695 -0.699331 
1397140813.564701931 3.03791 -0.79371 
1397140813.600622171 3.64088 -0.823562 
1397140813.635570854 3.7388 -0.823562 
1397140813.670388337 4.43179 -1.06794 
1397140813.706425686 4.6832 -1.27187 
1397140813.741369365 5.27995 -1.54103 
1397140813.776346520 5.45919 -0.940511 
1397140813.812323986 5.63521 -0.706622 
1397140813.847318096 6.22312 -0.467589 
1397140813.883132109 6.72511 -0.824199 
1397140813.918186941 7.13836 -1.35794 
1397140813.953085018 7.79991 -0.909758 
1397140813.989125556 8.3849 -0.909758 
1397140814.024243572 8.68325 -1.05558 
1397140814.058871321 9.26546 -1.02359 
1397140814.094951586 9.66428 -0.65054 
1397140814.129742377 10.1295 -0.623069 
1397140814.164873412 10.5229 -0.930276 
1397140814.200870572 10.98 -0.930276 
1397140814.235728474 11.4328 -0.790915 
1397140814.270713420 11.8197 -0.790915 
1397140814.306719755 12.5913 -0.790915 
1397140814.341667555 13.0674 -0.790915 
1397140814.376486145 13.3031 -0.342795 
1397140814.412502567 13.6889 -0.342795 
1397140814.447509883 13.8591 -1.00799 
1397140814.482554814 14.9018 -1.22061 
1397140814.518363200 15.1808 -1.08278 
1397140814.553463041 15.6226 -1.53147 
1397140814.588356063 15.6034 -1.11485 
1397140814.624198181 15.7572 -1.00799 
1397140814.659246114 16.0086 -0.90002 
1397140814.694167084 15.9588 -0.790915 
1397140814.730084595 16.3364 -1.22061 
1397140814.765087660 16.5193 -1.22061 
1397140814.800106667 16.951 -1.11485 
1397140814.835846810 17.2869 -1.11485 
1397140814.870900209 17.6254 -0.90002 
1397140814.907018339 17.7678 -0.90002 
1397140814.941875394 17.9083 -0.90002 
1397140814.976880364 17.7678 -0.790915 
1397140815.012852021 17.8617 -1.15476 
1397140815.047735877 17.9547 -0.491137 
1397140815.082623508 17.9547 -0.705943 
1397140815.118755246 17.9547 -0.357828 
1397140815.153700797 17.9547 -0.0955395 
1397140815.188617688 18.0009 -0.546509 
1397140815.224492155 17.4721 0.252829 
1397140815.259470645 17.2818 0.36425 
1397140815.294383849 17.0487 0.855782 
1397140815.330279508 17.0027 0.979438 
1397140815.365386113 17.0027 1.09328 
1397140815.400223313 16.9102 1.1018 
1397140815.436239321 16.6804 1.46138 
1397140815.471243203 16.4073 1.57524 
1397140815.506233532 16.0903 1.92432 
1397140815.541988085 15.9484 2.15802 
1397140815.577030453 15.6524 2.61158 
1397140815.611973652 15.4153 2.95073 
1397140815.647940067 15.153 3.05921 
1397140815.682989503 14.6847 3.27307 
1397140815.717833243 14.5875 3.49885 
1397140815.753888930 14.2272 3.93097 
1397140815.788748687 13.7815 4.35601 
1397140815.824715784 13.4841 4.40466 
1397140815.859721912 12.8055 4.84125 
1397140815.894677320 12.5163 5.40782 
1397140815.929613238 11.8898 5.81323 
1397140815.965559363 11.8373 6.12423 
1397140816.000862095 11.4258 6.34525 
1397140816.036561593 11.0899 6.69445 
1397140816.071475081 10.5273 7.16615 
1397140816.106305647 10.1917 7.19705 
1397140816.142368546 9.63939 7.70929 
1397140816.177350855 9.30821 8.08375 
1397140816.212207499 9.20548 8.67166 
1397140816.248105602 8.48672 8.88985 
1397140816.283103930 8.15369 8.6168 
1397140816.318101689 7.52012 9.69869 
1397140816.354101815 7.24961 10.0648 
1397140816.388977407 6.83558 10.2766 
1397140816.423949163 6.42636 10.5673 
1397140816.459868384 6.09403 10.2537 
1397140816.494791335 5.55549 10.9064 
1397140816.529832653 5.35513 11.039 
1397140816.565843779 4.6278 11.324 
1397140816.600672035 4.29136 11.4533 
1397140816.635720448 4.14918 11.8956 
1397140816.671766088 3.95147 12.1822 
1397140816.706721842 3.48473 12.3069 
1397140816.741596056 3.09326 11.7999 
1397140816.777504876 2.8985 12.4912 
1397140816.812392445 2.62775 12.5518 
1397140816.848448558 2.47158 12.5518 
1397140816.883257133 2.12528 12.6122 
1397140816.918193232 1.77425 12.2556 
1397140816.954260863 1.50014 12.7318 
1397140816.989143065 1.3889 12.6302 
1397140817.024229424 1.16967 12.7318 
1397140817.060088412 0.729586 12.6302 
1397140817.095089709 0.516646 12.6891 
1397140817.129971252 0.537739 12.791 
1397140817.165852456 0.537739 12.791 
1397140817.200976978 0.431781 12.6721 
1397140817.235982820 0.241202 12.5518 
1397140817.271817852 -0.0521436 12.6122 
1397140817.306846787 0.119891 12.4301 
1397140817.341833463 -0.241359 12.2082 
1397140817.377659268 -0.139341 11.9258 
1397140817.412675338 -0.32936 11.4897 
1397140817.447744539 -0.227341 11.5809 
1397140817.483583635 -0.154161 11.363 
1397140817.518533778 -0.32936 11.0823 
1397140817.553567718 -0.139341 10.5067 
1397140817.589329317 -0.32936 10.5219 
1397140817.624552534 -0.530566 10.4555 
1397140817.659472578 -0.62978 10.0391 
1397140817.695356270 -0.43043 9.97828 
1397140817.730300893 -0.530566 9.61727 
1397140817.765258356 -0.62978 9.6204 
1397140817.801214282 -0.43043 9.18704 
1397140817.836086200 -0.32936 8.82998 
1397140817.872073339 -0.418178 8.4673 
1397140817.907079642 -0.32936 8.04231 
1397140817.942079235 0.0342629 7.67646 
1397140817.977969419 -0.32936 6.96643 
1397140818.012950494 -0.227341 6.21934 
1397140818.047933715 -0.32936 6.38528 
1397140818.083865070 -0.32936 6.00841 
1397140818.118733875 -0.0677545 5.50477 
1397140818.153831338 -0.227341 5.41734 
1397140818.189699400 -0.32936 4.56054 
1397140818.224731301 -0.227341 4.51916 
1397140818.259727061 -0.418178 4.10085 
1397140818.295734254 -0.32936 3.81521 
1397140818.330609936 -0.241359 3.40773 
1397140818.365566802 -0.213177 2.88182 
1397140818.401436864 -0.109219 2.66907 
1397140818.436359914 -0.1844 1.92565 
1397140818.471417985 -0.275741 1.70992 
1397140818.507244475 -0.275741 1.38418 
1397140818.542320584 -0.169787 0.951543 
1397140818.577348728 -0.00427012 0.285052 
1397140818.613180207 -0.169787 0.166463 
1397140818.648203223 -0.261996 -0.19678 
1397140818.683216657 0.045196 -0.743839 
1397140818.719072126 0.154254 -1.09534 
1397140818.753962833 0.316668 -1.54709 
1397140818.789129615 0.0790784 -2.17833 
1397140818.824958954 -0.125032 -2.82582 
1397140818.859940431 -0.0149082 -2.92629 
1397140818.894956192 0.00139884 -3.5478 
1397140818.930859369 0.190283 -3.63822 
1397140818.965844114 0.227112 -4.27051 
1397140819.000626777 0.113699 -4.51345 
1397140819.036721560 0.227112 -4.91625 
1397140819.071722222 0.245832 -5.32608 
1397140819.106688354 0.0513545 -5.91195 
1397140819.142727544 0.185205 -6.1681 
1397140819.177563706 0.422462 -6.2524 
1397140819.213444607 0.596407 -6.8622 
1397140819.248433978 0.422462 -7.38964 
1397140819.283397815 0.322788 -7.89653 
1397140819.319454921 0.422462 -7.84308 
1397140819.354322494 0.422462 -8.30584 
1397140819.389339082 0.222114 -8.50057 
1397140819.426488459 0.485464 -8.89793 
1397140819.460086202 0.485464 -9.49639 
1397140819.495163668 0.382737 -9.75417 
1397140819.531089928 0.403154 -10.1798 
1397140819.566095510 0.403154 -10.3971 
1397140819.601077027 0.506933 -10.4758 
1397140819.636935332 0.506933 -11.1464 
1397140819.671885902 0.759219 -11.6095 
1397140819.706876809 0.887348 -11.6095 
1397140819.742841790 0.887348 -11.9246 
1397140819.777905709 1.01683 -11.8461 
1397140819.812823246 0.913039 -11.8461 
1397140819.848699873 1.32198 -11.8461 
1397140819.883711814 1.01683 -11.6095 
1397140819.918587017 1.01683 -11.8461 
1397140819.954653176 1.01683 -11.6095 
1397140819.989426950 1.01683 -11.767 
1397140820.024510762 1.09179 -11.2177 
1397140820.060475849 1.04389 -10.9077 
1397140820.095410811 1.4136 -10.6003 
1397140820.130431437 1.61808 -9.93976 
1397140820.166235740 1.7532 -9.64433 
1397140820.201328925 1.85392 -9.35122 
1397140820.236251123 1.81852 -9.06038 
1397140820.272229239 1.81852 -8.40047 
1397140820.307113930 2.24701 -8.11528 
1397140820.342203615 1.99051 -7.63765 
1397140820.377951276 2.15018 -7.70175 
1397140820.412973256 2.24701 -7.082 
1397140820.449169264 2.38363 -6.99359 
1397140820.483937618 2.76181 -6.44328 
1397140820.518931087 2.8523 -5.89932 
1397140820.554931820 2.89846 -5.63846 
1397140820.589874409 3.0876 -4.99918 
1397140820.624712765 3.03963 -4.73259 
1397140820.660776232 3.18083 -4.03864 
1397140820.695686979 3.03963 -3.73951 
1397140820.730665845 3.50748 -3.35901 
1397140820.766703177 3.83238 -2.53436 
1397140820.801674651 4.12609 -2.16878 
1397140820.836535063 4.15568 -1.76046 
1397140820.872320562 4.39083 -1.39351 
1397140820.907429591 4.4775 -0.736898 
1397140820.942324278 4.79799 -0.250792 
1397140820.978313953 4.93088 0.0263525 
1397140821.013315886 5.18647 0.04633 
1397140821.048320982 5.42487 0.775511 
1397140821.084093231 5.58134 1.15594 
1397140821.119096963 5.90923 1.67103 
1397140821.154142021 5.81598 2.18276 
1397140821.190038959 6.1449 2.82626 
1397140821.225085464 6.47299 2.96091 
1397140821.260055069 6.88796 3.47879 
1397140821.295889520 7.04808 3.85721 
1397140821.330816440 7.13836 3.97486 
1397140821.365960670 7.21812 4.49085 
1397140821.401849469 7.37566 4.89622 
1397140821.436857682 7.62565 5.26968 
1397140821.471723772 7.79991 5.4198 
1397140821.507686494 7.97629 5.94665 
1397140821.542703009 8.15483 6.21144 
1397140821.577632920 8.46037 6.21144 
1397140821.613654662 8.30883 6.58415 
1397140821.648508274 8.3849 6.69008 
1397140821.684452625 8.46037 7.11693 
1397140821.719450845 8.64125 7.44707 
1397140821.754476131 8.93742 7.65436 
1397140821.790462606 8.89932 7.59035 
1397140821.825342489 8.89932 7.36532 
1397140821.860201818 8.71617 7.85788 
1397140821.896203263 8.86424 7.85788 
1397140821.931205207 9.04346 7.89139 
1397140821.966162694 9.11388 8.15634 
1397140822.001960188 8.93742 7.76103 
1397140822.037065660 8.82899 7.92329 
1397140822.072033722 8.65013 8.116 
1397140822.107932909 8.37083 7.8884 
1397140822.142937841 8.72248 7.8884 
1397140822.177925712 8.79126 7.9826 
1397140822.213697044 9.1278 8.26038 
1397140822.248737229 8.68683 7.94542 
1397140822.283818313 8.00158 7.42934 
1397140822.319669653 7.67063 7.75774 
1397140822.354664039 7.98841 7.55004 
1397140822.389639908 7.93216 7.40458 
1397140822.425598500 7.48876 7.49236 
1397140822.460429108 7.0988 6.79064 
1397140822.495414577 6.65852 7.23953 
1397140822.531400912 6.23281 7.04928 
1397140822.566386434 5.89639 6.73233 
1397140822.601244893 5.68976 6.51169 
1397140822.637229709 5.48558 6.21934 
1397140822.672211667 5.16704 6.09714 
1397140822.708049235 4.98198 5.93871 
1397140822.743104555 4.68192 5.86543 
1397140822.778074121 4.5084 5.49022 
1397140822.814018526 4.27749 5.45873 
1397140822.849035388 3.81516 5.21207 
1397140822.883929126 3.19016 5.26129 
1397140822.919811953 3.20885 5.02606 
1397140822.954927197 3.02629 4.72351 
1397140822.989901198 2.63438 4.43002 
1397140823.025877460 2.64542 4.20367 
1397140823.060632749 2.16049 4.09505 
1397140823.095611686 2.01145 3.72551 
1397140823.131682137 1.56668 3.88644 
1397140823.166552173 1.39374 3.9453 
1397140823.201528386 1.35396 3.77343 
1397140823.237517388 1.10835 3.59365 
1397140823.272423865 0.810039 3.26814 
1397140823.307423689 0.693172 3.03144 
1397140823.343442247 0.288744 2.95391 
1397140823.378282394 0.198543 2.64758 
1397140823.413222279 0.0515632 2.72525 
1397140823.449217212 -0.164734 2.42922 
1397140823.484199877 0.110775 2.50231 
1397140823.519188605 -0.235749 2.35674 
1397140823.555069387 -0.317505 1.93391 
1397140823.590063598 -0.455881 2.21434 
1397140823.625027009 -0.642077 2.14416 
1397140823.660799327 -0.583 2.0726 
1397140823.695907033 -0.659681 1.93391 
1397140823.731824552 -0.785328 1.7345 
1397140823.766810820 -0.970357 1.72532 
1397140823.801734516 -1.03022 1.5796 
1397140823.837806315 -1.03022 1.64759 
1397140823.872550833 -0.970357 1.5796 
1397140823.907656940 -1.02401 1.36425 
1397140823.943693323 -0.889609 1.35693 
1397140823.978684933 -0.950283 1.28158 
1397140824.013690797 -1.00493 1.0617 
1397140824.049546049 -1.07287 0.97437 
1397140824.084297660 -0.998425 0.97437 
1397140824.119411818 -0.806058 0.896071 
1397140824.155423988 -0.915208 0.749711 
1397140824.190280712 -0.836922 0.57663 
1397140824.225300085 -0.829037 0.413036 
1397140824.261297044 -0.957752 0.605308 
1397140824.296046015 -0.885646 0.605308 
1397140824.331070219 -0.804827 0.437653 
1397140824.367041559 -0.731048 0.214172 
1397140824.402057991 -0.771227 0.0938557 
1397140824.437067892 -0.618388 0.0762057 
1397140824.472925442 -0.541057 -0.0824572 
1397140824.507979934 -0.53058 -0.121011 
1397140824.542838725 -0.519981 0.150288 
1397140824.578920389 -0.292925 0.132858 
1397140824.613811266 -0.33672 -0.273789 
1397140824.648780331 -0.406262 -0.583455 
1397140824.684547197 -0.299365 -0.485741 
1397140824.719642538 -0.28662 -0.532219 
1397140824.754540400 -0.0747481 -0.630736 
1397140824.790709832 -0.201992 -0.555878 
1397140824.825661346 -0.418905 -0.755675 
1397140824.860543418 -0.234132 -0.394278 
1397140824.896432322 -0.234132 -0.730856 
1397140824.931416762 -0.370554 -0.730856 
1397140824.967385101 -0.534009 -0.834099 
1397140825.002148408 -0.446444 -1.04358 
1397140825.037193885 -0.358122 -1.14984 
1397140825.073302664 -0.25568 -1.10159 
1397140825.108172939 -0.511802 -0.755863 
1397140825.143149284 -0.668081 -0.593395 
1397140825.179147772 -0.827039 -0.836031 
1397140825.213930295 -0.995881 -0.863156 
1397140825.248942084 -0.995881 -1.08093 
1397140825.285051729 -0.988759 -1.50802 
1397140825.319889826 -1.07068 -1.11055 
1397140825.354922058 -1.23671 -1.22217 
1397140825.390920377 -1.33343 -1.05823 
1397140825.425802282 -1.84001 -1.14056 
1397140825.460665063 -1.92675 -1.30305 
1397140825.496728265 -2.01399 -1.22217 
1397140825.531662635 -2.35613 -0.863552 
1397140825.566618740 -2.61093 -0.806756 
1397140825.602558801 -2.87321 -0.721401 
1397140825.637680881 -3.12659 -0.609802 
1397140825.672429959 -3.47153 -0.609802 
1397140825.708529780 -3.72254 -0.609802 
1397140825.743396486 -4.24143 -0.891338 
1397140825.778380610 -4.33942 -0.721401 
1397140825.814421508 -4.7639 -0.721401 
1397140825.849313127 -4.78525 -0.635262 
1397140825.884376645 -5.61053 -0.806756 
1397140825.920169442 -6.10269 -0.975158 
1397140825.955142184 -6.41538 -0.460581 
1397140825.990156340 -6.76858 -0.372015 
1397140826.026069495 -7.20765 -0.372015 
1397140826.061042338 -7.79342 -0.372015 
1397140826.096055932 -8.40173 -0.523664 
1397140826.131983955 -8.76841 -0.372015 
1397140826.166894162 -9.1304 -0.372015 
1397140826.202936524 -9.79942 -0.192367 
1397140826.237671141 -10.2857 -0.372015 
1397140826.272861296 -10.7731 -0.372015 
1397140826.308809896 -10.722 -0.372015 
1397140826.343690300 -11.6127 -0.460581 
1397140826.378540236 -12.052 -0.548326 
1397140826.414675125 -12.3495 -0.213971 
1397140826.449668659 -12.8941 -0.442833 
1397140826.484558299 -12.8416 -0.327823 
1397140826.520436604 -13.8943 -0.467034 
1397140826.555463434 -14.2405 -0.624196 
1397140826.590430679 -14.5853 -0.467034 
1397140826.626209691 -15.0942 -0.703011 
1397140826.661303051 -15.3951 -0.584415 
1397140826.696254760 -15.5651 -0.703011 
1397140826.732155180 -15.8253 -1.09622 
1397140826.767047911 -15.9123 -0.943931 
1397140826.802148464 -15.826 -0.822843 
1397140826.838058977 -16.3936 -0.943931 
1397140826.872904207 -16.6161 -0.851051 
1397140826.908061466 -16.8409 -0.662579 
1397140826.943878318 -16.9255 -0.851051 
1397140826.978940433 -16.7431 -0.541499 
1397140827.013902546 -16.6586 -0.973413 
1397140827.049814828 -16.7984 -0.908589 
1397140827.084800751 -17.0258 -1.06424 
1397140827.119781536 -16.5304 -1.06424 
1397140827.155666652 -16.6261 -0.96767 
1397140827.190648575 -16.4948 -0.743839 
1397140827.225526084 -16.1796 -0.96767 
1397140827.261662142 -16.2263 -0.545861 
1397140827.296537934 -15.5973 -0.771643 
1397140827.332407946 -15.9497 -0.672159 
1397140827.367417231 -15.7607 -0.672159 
1397140827.402405359 -15.6647 -0.870142 
1397140827.438233039 -15.4203 -0.672159 
1397140827.473153220 -14.7592 -0.799817 
1397140827.508259041 -14.377 -0.92886 
1397140827.544197944 -14.166 -0.72686 
1397140827.579163210 -12.8909 -0.495285 
1397140827.614155140 -13.3873 -0.495285 
1397140827.650004104 -12.9868 -0.92886 
1397140827.684916719 -12.1942 -0.651167 
1397140827.719924878 -11.8278 -0.783033 
1397140827.755895548 -10.8796 -0.678373 
1397140827.790863529 -10.9308 -0.57263 
1397140827.825932490 -10.2838 -1.01995 
1397140827.861820753 -9.9362 -0.733886 
1397140827.896790910 -9.49667 -0.762207 
1397140827.931665384 -9.35322 -0.790915 
1397140827.967651604 -8.74044 -0.43143 
1397140828.002654555 -8.27128 -0.790915 
1397140828.037686196 -7.64774 -0.456618 
1397140828.073522697 -7.39379 -0.482144 
1397140828.108518857 -6.98925 -0.87943 
1397140828.143263952 -6.48952 -1.02359 
1397140828.179355543 -6.07285 -0.909758 
1397140828.214325243 -5.83386 -0.678388 
1397140828.249254832 -5.26107 -0.971697 
1397140828.285266164 -4.72008 -1.35231 
1397140828.320097046 -4.48141 -1.00332 
1397140828.356021510 -3.8998 -1.00332 
1397140828.391072325 -3.18786 -1.15428 
1397140828.426016845 -3.11033 -1.18812 
1397140828.461971251 -2.99675 -1.18812 
1397140828.497025368 -2.76623 -1.15428 
1397140828.531815752 -2.27467 -1.22246 
1397140828.567896922 -2.02933 -1.13442 
1397140828.602744857 -1.53952 -1.29263 
1397140828.637742706 -1.16295 -1.16839 
1397140828.673722416 -1.03481 -1.32849 
1397140828.708781344 -0.911654 -1.29263 
1397140828.743647539 -0.289999 -1.29263 
1397140828.779647366 -0.276893 -1.45275 
1397140828.815132041 -0.143264 -1.29263 
1397140828.849544227 0.82394 -1.32849 
1397140828.885522723 0.735048 -1.45275 
1397140828.920515756 0.988598 -1.81741 
1397140828.955374917 1.24247 -1.16839 
1397140828.991365336 1.64087 -1.29263 
1397140829.026403657 2.32784 -1.32849 
1397140829.061140801 2.11472 -1.01018 
1397140829.097283225 2.47528 -1.34265 
1397140829.132140525 2.93608 -0.546628 
1397140829.167152487 3.34129 -0.823562 
1397140829.203113294 3.79521 -0.699331 
1397140829.238019024 3.99014 -0.823562 
1397140829.273003880 4.43179 -1.06794 
1397140829.308914657 4.93561 -1.06794 
1397140829.343811584 5.36998 -0.764275 
1397140829.378750168 5.5476 -0.735248 
1397140829.414907984 6.22312 -0.587759 
1397140829.449851033 6.64538 -0.824199 
1397140829.485850132 6.89502 -0.706622 
1397140829.520775988 6.96836 -0.560815 
1397140829.555664962 7.37566 -0.909758 
1397140829.591615550 8.13021 -0.587759 
1397140829.626659584 8.53525 -0.587759 
1397140829.661648388 9.04346 -0.560815 
1397140829.697497511 9.40804 -0.909758 
1397140829.732245110 9.87279 -0.508014 
1397140829.767421403 10.1438 -0.482144 
1397140829.803396272 10.7867 -0.482144 
1397140829.838413861 11.1093 -0.342795 
1397140829.873182742 11.8197 -0.342795 
1397140829.909179020 12.5312 -0.456618 
1397140829.944033149 13.186 -0.482144 
1397140829.979066440 13.4189 -0.482144 
1397140830.015126716 13.7023 -0.342795 
1397140830.050026242 14.0264 -0.569233 
1397140830.084971953 14.245 -0.790915 
1397140830.121031269 15.0518 -0.790915 
1397140830.155893551 15.3944 -0.90002 
1397140830.190712709 15.5515 -1.22061 
1397140830.226755980 15.8835 -0.930276 
1397140830.261799377 16.1376 -0.790915 
1397140830.296760728 16.2052 -0.762207 
1397140830.332748513 16.8533 -0.90002 
1397140830.367646210 17.19 -1.22061 
1397140830.402528025 17.2869 -0.90002 
1397140830.438662427 17.3828 -0.90002 
1397140830.473644670 17.6731 -0.790915 
1397140830.508511443 17.7678 -1.00799 
1397140830.544410475 17.5251 -0.90002 
1397140830.579406435 17.9083 -0.653106 
1397140830.615398624 17.9083 -0.625922 
1397140830.650282837 17.7117 -0.705943 
1397140830.685289746 17.7579 -0.357828 
1397140830.721251510 18.0009 -0.382041 
1397140830.756147994 18.1383 -0.382041 
1397140830.791097665 18.0009 -0.116877 
1397140830.827163265 17.5182 -0.0744682 
1397140830.862037395 17.2818 0.491901 
1397140830.897003150 17.0487 0.730816 
1397140830.932870058 17.0487 0.979438 
1397140830.967907524 16.9102 1.09328 
1397140831.002944552 16.4073 0.979438 
1397140831.038837957 16.4538 1.34275 
1397140831.073689208 16.4073 1.92413 
1397140831.108658137 15.8229 2.15802 
1397140831.144742650 15.7756 2.38706 
1397140831.179551616 15.5583 2.49988 
1397140831.214699295 15.6325 2.72219 
1397140831.250595241 15.153 3.27307 
1397140831.285664868 14.5875 3.49885 
1397140831.320481326 14.3817 3.82848 
1397140831.356398389 13.8311 3.91073 
1397140831.391374594 13.9293 4.35601 
1397140831.426372861 13.4841 4.67735 
1397140831.462177263 13.1375 5.31411 
1397140831.497235429 12.6528 5.44315 
1397140831.532127710 12.362 5.85251 
1397140831.568175013 12.0455 5.99356 
1397140831.605967377 11.3195 6.52142 
1397140831.638121093 11.0899 6.56215 
1397140831.674005833 10.582 6.9986 
1397140831.709002454 10.2474 7.5217 
1397140831.745008099 9.74662 7.76631 
1397140831.779892586 9.25098 8.28496 
1397140831.814871723 8.91768 8.59547 
1397140831.850891256 8.76006 8.88985 
1397140831.885722090 8.15369 9.32999 
1397140831.920779274 7.66873 9.18704 
1397140831.956598134 7.04197 9.99321 
1397140831.991497353 6.63038 10.2766 
1397140832.026637246 6.61593 10.4981 
1397140832.062644614 6.02862 10.6361 
1397140832.097498011 5.62506 10.4555 
1397140832.132366006 5.3533 11.039 
1397140832.168276789 4.6278 11.324 
1397140832.203362855 4.2358 11.7033 
1397140832.238225912 4.14918 11.8956 
1397140832.274281530 3.80596 11.5525 
1397140832.309265132 3.41054 12.2447 
1397140832.344097843 3.21389 12.3687 
1397140832.380137644 2.70436 12.4912 
1397140832.415188573 2.43356 12.4912 
1397140832.450142929 2.27716 12.6122 
1397140832.485895225 1.88772 12.6721 
1397140832.521096384 1.6619 12.791 
1397140832.556037104 1.47013 12.4715 
1397140832.591886854 1.3889 12.6302 
1397140832.626884308 1.3889 13.0129 
1397140832.661721484 1.3314 12.8946 
1397140832.697608470 1.3032 12.9539 
1397140832.732718617 0.622605 12.791 
1397140832.768568874 0.537739 12.791 
1397140832.803464524 0.706717 12.6122 
1397140832.838582363 0.391842 12.6122 
1397140832.873541264 0.186841 12.6122 
1397140832.909385580 0.28886 12.4912 
1397140832.944367146 0.28886 12.3687 
1397140832.980375380 0.204753 12.3069 
1397140833.015328117 -0.32936 11.7694 
1397140833.050261309 -0.227341 11.6441 
1397140833.086241676 0.204753 11.4533 
1397140833.121227544 0.434749 11.1698 
1397140833.156121050 0.186841 11.039 
1397140833.192143644 0.00166678 10.021 
1397140833.227097849 -0.0984651 10.2537 
1397140833.261923824 -0.268955 10.1856 
1397140833.297890214 -0.168823 9.83187 
1397140833.332894433 -0.62978 9.6204 
1397140833.367771067 -0.197675 8.84358 
1397140833.403788739 -0.0143587 8.97634 
1397140833.438610634 0.00166678 8.75601 
1397140833.473707553 0.102735 8.4673 
1397140833.509684722 0.102735 8.17813 
1397140833.544545666 0.28886 7.28329 
1397140833.579545671 -0.32936 7.04656 
1397140833.615462105 -0.32936 6.67637 
1397140833.650567435 0.0178734 6.21799 
1397140833.685476593 0.102735 6.00841 
1397140833.721479075 0.186841 5.50477 
1397140833.756231173 0.204753 5.1196 
1397140833.792328931 0.102735 4.70228 
1397140833.827335404 0.0178734 3.96739 
1397140833.862136864 -0.241359 4.12182 
1397140833.898214602 -0.227341 3.71827 
1397140833.933103774 0.454857 3.30813 
1397140833.968089486 0.137244 2.98326 
1397140834.003999292 0.0675973 2.66907 
1397140834.039027170 -0.198863 2.03196 
1397140834.073975768 -0.1844 1.60047 
1397140834.109842588 -0.198863 1.05514 
1397140834.144834588 -0.275741 0.837678 
1397140834.179878136 -0.169787 0.503932 
1397140834.215780557 0.259744 -0.0538386 
1397140834.250738981 0.0120396 -0.716398 
1397140834.285711638 -0.0628125 -0.841364 
1397140834.321488563 0.045196 -1.22439 
1397140834.356809227 0.045196 -1.94722 
1397140834.391638042 0.316668 -2.27217 
1397140834.427596308 -0.125032 -2.54956 
1397140834.462499001 0.208596 -3.20002 
1397140834.497482378 0.113699 -3.16275 
1397140834.533304807 0.208596 -3.78773 
1397140834.568225823 0.509092 -4.27051 
1397140834.603362917 0.227112 -4.829 
1397140834.639233013 0.227112 -5.49676 
1397140834.674205877 0.227112 -5.49076 
1397140834.709155487 0.264758 -5.91251 
1397140834.745069127 0.303234 -6.2524 
1397140834.780015469 0.283892 -6.42557 
1397140834.815020434 0.185205 -7.02732 
1397140834.850981182 0.085533 -7.30737 
1397140834.885998651 0.303234 -7.65592 
1397140834.922006926 0.303234 -8.11366 
1397140834.956902653 0.443231 -8.30584 
1397140834.991832063 0.362538 -8.50057 
1397140835.027714909 0.382737 -8.97837 
1397140835.062732282 0.382737 -9.34008 
1397140835.097737979 0.278959 -10.0646 
1397140835.133634106 0.382737 -10.4758 
1397140835.168602688 0.382737 -10.5539 
1397140835.203597335 0.71136 -10.8518 
1397140835.239465031 0.655435 -11.2246 
1397140835.274411424 0.913039 -11.3763 
1397140835.309359669 0.783562 -11.5305 
1397140835.345341561 0.887348 -11.6095 
1397140835.380313462 0.783562 -11.9246 
1397140835.415176320 0.913039 -12.4084 
1397140835.451183137 0.678709 -12.8879 
1397140835.486094215 1.01683 -13.0622 
1397140835.521158091 1.14768 -12.5637 
1397140835.557122263 0.783562 -12.0862 
1397140835.592117448 0.913039 -11.4508 
1397140835.626873829 0.913039 -11.4546 
1397140835.663065735 1.35215 -11.1464 
1397140835.697987086 1.17613 -10.2585 
1397140835.732842042 1.30979 -9.98796 
1397140835.768870893 1.51636 -9.59504 
1397140835.803818915 1.7532 -9.30615 
1397140835.838664193 2.24701 -8.77173 
1397140835.874662595 1.85392 -8.4852 
1397140835.909661899 1.7188 -8.69792 
1397140835.945482688 1.99051 -8.36935 
1397140835.980652162 2.0524 -7.89373 
1397140836.015559180 2.28679 -7.53187 
1397140836.050618515 2.34291 -7.06953 
1397140836.086531328 2.52174 -6.71074 
1397140836.121528565 2.75729 -5.722 
1397140836.157365807 2.8523 -5.36123 
1397140836.192361452 3.03963 -5.55621 
1397140836.227245504 3.18083 -4.77578 
1397140836.263146340 3.27319 -4.42406 
1397140836.298200076 3.77697 -4.03864 
1397140836.333120023 3.59814 -3.61715 
1397140836.369074507 3.83238 -3.59517 
1397140836.403986192 4.06745 -2.53436 
1397140836.438961915 4.12609 -1.90973 
1397140836.474971803 4.5634 -1.86848 
1397140836.509949497 4.86397 -1.32288 
1397140836.544783576 4.93088 -1.14736 
1397140836.580808092 5.17146 -0.18254 
1397140836.615707004 5.25667 0.162628 
1397140836.650791383 5.42487 0.533836 
1397140836.686729514 5.42487 1.17116 
1397140836.721734850 5.82269 1.67302 
1397140836.756569063 5.89978 1.54736 
1397140836.792613645 6.1449 2.18276 
1397140836.827581297 6.14688 2.55402 
1397140836.862461920 6.72 3.3575 
1397140836.898458905 7.13836 3.85721 
1397140836.933440417 7.45347 3.9984 
1397140836.968335743 7.37566 4.49085 
1397140837.004344089 7.54781 5.04447 
1397140837.039256104 7.97629 4.74976 
1397140837.074120616 8.15483 5.26968 
1397140837.110147522 8.46037 5.49055 
1397140837.145059874 8.15483 5.79274 
1397140837.180946041 8.33557 5.74959 
1397140837.216067977 8.23214 6.53217 
1397140837.250931016 8.56575 6.79503 
1397140837.288714761 8.74883 7.11693 
1397140837.321835591 8.64125 7.16203 
1397140837.356772101 8.71617 7.42621 
1397140837.392772092 8.71617 7.59035 
1397140837.427813344 8.53525 7.6916 
1397140837.462695061 8.46037 7.46558 
1397140837.498684237 8.53525 8.15634 
1397140837.533559168 8.79049 8.15634 
1397140837.568461167 9.15364 7.82565 
1397140837.604559770 9.01005 8.02007 
1397140837.639569065 8.93742 7.53926 
1397140837.674433723 8.7564 8.04873 
1397140837.710464163 8.40093 7.8884 
1397140837.745343178 8.51307 7.82423 
1397140837.780712797 8.37083 7.9826 
1397140837.816315676 8.17004 7.69916 
1397140837.851173112 7.83513 8.19291 
1397140837.886176544 7.52869 7.88179 
1397140837.922184358 7.50807 7.66839 
1397140837.957097285 7.64784 7.60871 
1397140837.992092017 7.39734 7.49236 
1397140838.028104932 7.15359 7.20661 
1397140838.062964529 6.69842 7.10083 
1397140838.098008878 6.2585 7.04928 
1397140838.133838709 6.11512 6.86469 
1397140838.168829572 5.82956 6.68555 
1397140838.204845509 5.75158 6.72225 
1397140838.239698265 5.29126 6.46792 
1397140838.274727485 4.90536 6.17907 
1397140838.310708849 4.84518 6.10057 
1397140838.345607714 4.48438 5.94538 
1397140838.380598578 4.38376 5.87333 
1397140838.416597973 3.84907 5.53738 
1397140838.451550194 3.51475 5.15621 
1397140838.486415373 3.27401 5.05221 
1397140838.522269052 2.85951 4.82334 
1397140838.557314279 2.62117 4.79968 
1397140838.592308896 2.32868 4.4858 
1397140838.628216983 2.07444 4.29679 
1397140838.663141937 2.04188 4.2608 
1397140838.698057680 1.77107 4.07896 
1397140838.734040193 1.50599 3.46895 
1397140838.769049006 1.39374 3.55368 
1397140838.804068294 1.05655 3.532 
1397140838.839959770 1.04966 3.43901 
1397140838.874932111 0.492786 3.35728 
1397140838.909827305 0.397767 2.87704 
1397140838.945795532 0.364261 3.02551 
1397140838.980834746 0.213816 2.72525 
1397140839.015827734 -0.00750999 2.72525 
1397140839.051526388 -0.164734 2.576 
1397140839.086650437 -0.17706 2.28508 
1397140839.121632856 -0.235749 2.28484 
1397140839.157504107 -0.317505 2.28508 
1397140839.192564016 -0.514571 2.14278 
1397140839.227580417 -0.514571 2.21434 
1397140839.263596154 -0.592241 2.0726 
1397140839.298424701 -0.718373 2.00298 
1397140839.334356867 -0.785328 1.72072 
1397140839.369208624 -0.910885 1.37876 
1397140839.404311397 -0.970357 1.57392 
1397140839.440210896 -1.03022 1.50593 
1397140839.475204616 -0.851805 1.50593 
1397140839.510203122 -1.02401 1.35693 
1397140839.546064178 -0.829343 1.21412 
1397140839.581058484 -0.882346 1.21412 
1397140839.616002701 -1.00493 1.19713 
1397140839.651939009 -0.936499 1.12004 
1397140839.686818673 -0.922388 0.97437 
1397140839.721880875 -0.985177 0.964042 
1397140839.757866885 -0.985177 0.874086 
1397140839.792837257 -0.907945 0.932533 
1397140839.827711378 -0.836922 0.770242 
1397140839.863695676 -0.893164 0.68811 
1397140839.898729422 -0.81299 0.437653 
1397140839.933564643 -0.473621 0.507785 
1397140839.969555428 -0.788218 0.479282 
1397140840.004587200 -0.637764 0.267197 
1397140840.039602854 -0.695109 0.289996 
1397140840.075472952 -0.53058 0.273886 
1397140840.110475912 -0.238338 0.16753 
1397140840.145333924 -0.578275 0.150288 
1397140840.181337644 -0.498413 -0.324753 
1397140840.216368929 -0.33672 -0.147051 
1397140840.251202862 -0.406262 -0.167181 
1397140840.287081508 -0.299365 -0.0916974 
1397140840.322163904 -0.358353 -0.22898 
1397140840.358088875 -0.273725 -0.327493 
1397140840.393070739 -0.358353 -0.327493 
1397140840.427944316 -0.407021 -0.171965 
1397140840.463941370 -0.320946 -0.371751 
1397140840.498933797 -0.308188 -0.314814 
1397140840.533691320 -0.295284 -0.314814 
1397140840.569844135 -0.0731094 -0.417076 
1397140840.604779848 -0.282232 -0.62454 
1397140840.639560510 -0.522965 -0.994288 
1397140840.675668937 -0.511802 -0.674988 
1397140840.710689283 -0.589612 -0.568735 
1397140840.745445573 -0.345551 -0.700684 
1397140840.781545131 -0.74722 -0.511074 
1397140840.816566043 -0.827039 -0.618362 
1397140840.851459842 -0.907548 -0.836117 
1397140840.887444719 -0.988759 -1.02895 
1397140840.922314978 -1.15902 -0.94662 
1397140840.957320645 -1.32505 -0.94662 
1397140840.993237210 -1.32084 -0.975158 
1397140841.028228287 -1.58166 -0.806756 
1397140841.063184251 -1.66851 -0.721401 
1397140841.099035585 -2.09682 -0.891338 
1397140841.134034572 -2.35613 -0.609802 
1397140841.169044665 -2.53476 -0.721401 
1397140841.204815076 -2.52203 -0.635262 
1397140841.239884502 -3.21894 -0.635262 
1397140841.275793957 -3.5657 -0.721401 
1397140841.310810170 -3.81764 -0.635262 
1397140841.345868876 -4.16511 -0.635262 
1397140841.381884768 -4.19917 -0.635262 
1397140841.416678770 -4.7639 -0.609802 
1397140841.451612470 -5.18749 -0.891338 
1397140841.487566968 -5.71589 -0.609802 
1397140841.522553872 -5.99617 -0.635262 
1397140841.557511647 -6.63425 -0.43673 
1397140841.593520857 -6.9463 -0.460581 
1397140841.628420379 -7.36925 -0.372015 
1397140841.663315775 -7.67708 -0.460581 
1397140841.699253436 -8.34314 -0.372015 
1397140841.734339986 -8.82866 -0.635262 
1397140841.769304806 -9.18915 -0.260421 
1397140841.805175519 -9.85642 -0.372015 
1397140841.840181387 -9.64619 -0.282614 
1397140841.875039704 -10.639 -0.372015 
1397140841.910942075 -10.9889 -0.635262 
1397140841.946071242 -11.4734 -0.260421 
1397140841.980962705 -11.768 -0.395329 
1397140842.016935324 -12.1623 -0.533944 
1397140842.051912200 -12.9432 -0.350849 
1397140842.086834064 -13.2877 -0.624196 
1397140842.122691410 -13.7849 -0.467034 
1397140842.157651066 -14.2868 -0.650132 
1397140842.192567274 -14.7938 -0.467034 
1397140842.228689837 -15.217 -0.467034 
1397140842.263658951 -15.3509 -0.257979 
1397140842.299516760 -15.6091 -0.467034 
1397140842.334595372 -15.6529 -0.703011 
1397140842.369473555 -15.9555 -0.914836 
1397140842.404564611 -16.1734 -0.943931 
1397140842.440409125 -16.3936 -1.03593 
1397140842.475450458 -16.084 -0.851051 
1397140842.511314596 -16.8409 -0.851051 
1397140842.546343331 -16.8409 -0.636189 
1397140842.581287198 -16.6161 -0.784935 
1397140842.617145557 -16.7984 -0.908589 
1397140842.652155745 -16.4788 -0.937933 
1397140842.687114596 -16.9404 -0.937933 
1397140842.723051279 -17.2315 -1.06424 
1397140842.757976859 -16.9981 -1.06424 
1397140842.792910663 -16.7672 -1.03356 
1397140842.828920967 -16.6351 -0.870142 
1397140842.863950845 -16.501 -0.672159 
1397140842.898833112 -16.3192 -0.672159 
1397140842.934822294 -15.4126 -0.771643 
1397140842.969768811 -15.7607 -0.672159 
1397140843.004674478 -15.6163 -0.96767 
1397140843.040572144 -14.7852 -0.672159 
1397140843.075689061 -14.5833 -0.899305 
1397140843.110565209 -13.6449 -1.05931 
1397140843.146567912 -13.8855 -1.19119 
1397140843.181511413 -13.612 -1.38921 
1397140843.216556760 -13.3873 -0.989176 
1397140843.252417396 -12.7604 -0.783033 
1397140843.287227784 -12.1341 -0.783033 
1397140843.322298249 -11.7653 -0.783033 
1397140843.358284799 -11.4144 -0.886629 
1397140843.393173250 -11.0233 -0.357828 
1397140843.429026759 -10.3698 -0.357828 
1397140843.464130474 -9.9362 -0.625922 
1397140843.498913808 -9.49667 -0.762207 
1397140843.535061262 -8.89959 -0.90002 
1397140843.569948711 -8.2169 -0.569233 
1397140843.604924846 -7.89557 -0.456618 
1397140843.640878207 -7.5866 -0.90002 
1397140843.675778460 -7.16346 -0.456618 
1397140843.710664275 -6.81208 -0.595969 
1397140843.746788127 -5.84581 -0.87943 
1397140843.781866045 -5.84037 -1.02359 
1397140843.816685293 -5.55459 -0.534236 
1397140843.852690125 -5.0244 -0.706622 
1397140843.887552367 -4.72008 -0.884452 
1397140843.922515483 -4.21545 -1.15428 
1397140843.958456024 -3.5329 -1.30701 
1397140843.993557363 -3.20514 -1.30701 
1397140844.028422607 -3.35333 -1.06794 
1397140844.064167628 -3.25929 -1.34265 
1397140844.099254907 -2.64925 -1.25729 
1397140844.134321588 -2.52029 -1.53705 
1397140844.170100616 -1.78422 -1.45275 
1397140844.205052009 -1.05493 -1.32849 
1397140844.240151497 -0.6874 -1.45275 
1397140844.276064912 -0.6874 -1.81741 
1397140844.311038180 -1.03481 -1.16839 
1397140844.346045195 -0.276893 -1.29263 
1397140844.381911082 0.325479 -1.45275 
1397140844.416788668 0.883754 -1.29263 
1397140844.452895473 1.15536 -1.65726 
1397140844.487802837 1.54109 -1.16839 
1397140844.522800981 1.89521 -1.16839 
1397140844.558680120 1.78922 -1.32849 
1397140844.593672411 1.64087 -1.29263 
1397140844.628675437 2.43278 -1.53705 
1397140844.664597495 2.88877 -0.853838 
1397140844.699431339 2.98957 -0.978073 
1397140844.734551411 3.28609 -0.946423 
1397140844.770544737 3.93181 -0.699331 
1397140844.805413874 4.2145 -0.670854 
1397140844.840412906 4.46143 -0.546628 
1397140844.876165877 4.40034 -0.915219 
1397140844.911299229 5.47332 -1.30701 
1397140844.946380472 5.56012 -0.79371 
1397140844.982153879 5.97798 -0.735248 
1397140845.017179608 6.80037 -0.493575 
1397140845.052128837 7.21812 -0.706622 
1397140845.087924148 7.37566 -0.587759 
1397140845.123017003 7.6072 -0.560815 
1397140845.158021493 7.79991 -0.560815 
1397140845.194009086 8.47345 -0.706622 
1397140845.228917262 9.11388 -0.560815 
1397140845.263720941 9.75539 -0.508014 
1397140845.299753466 10.2104 -0.482144 
1397140845.334643399 10.4073 -0.482144 
1397140845.369692116 10.8523 -0.342795 
1397140845.405671024 11.6211 -0.342795 
1397140845.440657828 11.6945 -0.595969 
1397140845.475658830 12.3636 -0.342795 
1397140845.511520568 13.0351 -0.569233 
1397140845.546412078 13.4762 -0.790915 
1397140845.581450008 13.6463 -0.456618 
1397140845.617314706 13.7023 -0.708587 
1397140845.652389334 14.245 -0.90002 
1397140845.688245700 14.6799 -0.653106 
1397140845.723288025 15.2346 -1.22061 
1397140845.758282521 15.3779 -0.790915 
1397140845.794053140 15.4294 -0.680659 
1397140845.829123191 15.7572 -0.790915 
1397140845.864155879 15.8585 -0.790915 
1397140845.900027825 16.0086 -0.90002 
1397140845.934876833 16.1564 -0.90002 
1397140845.969923542 16.6667 -1.03939 
1397140846.005810863 16.9995 -0.90002 
1397140846.040861667 17.0478 -0.790915 
1397140846.075822282 17.4779 -0.790915 
1397140846.111764974 17.6188 -1.03939 
1397140846.146788241 17.5251 -0.762207 
1397140846.181658566 17.6188 -1.18745 
1397140846.217651821 17.6654 -0.625922 
1397140846.252572984 17.4721 -0.491137 
1397140846.287552270 18.0927 -0.248734 
1397140846.323541982 17.7579 -0.138486 
1397140846.358609695 17.7579 -0.310335 
1397140846.393543264 17.2818 0.0135532 
1397140846.429420296 17.0027 0.142581 
1397140846.464179757 16.8188 0.506773 
1397140846.499280302 16.8645 0.161136 
1397140846.535314781 17.0487 0.521481 
1397140846.570174109 16.9566 0.979438 
1397140846.605189060 16.6804 1.1018 
1397140846.641148584 16.6339 1.23012 
1397140846.676107365 16.3137 1.24442 
1397140846.712061112 15.8229 1.69986 
1397140846.747057353 15.9633 2.03678 
1397140846.781942697 15.7282 2.25902 
1397140846.817843869 15.6805 2.47694 
1397140846.852904856 14.9895 3.15402 
1397140846.887734064 14.6362 3.14167 
1397140846.923665062 14.5269 3.46723 
1397140846.958802619 14.0807 4.01133 
1397140846.993712955 13.6333 3.73575 
1397140847.029598773 13.2387 4.18716 
1397140847.064656057 13.1375 4.71798 
1397140847.099644134 12.4137 5.12222 
1397140847.135398760 12.3101 5.81323 
1397140847.170530928 11.6041 5.36228 
1397140847.205519291 11.3728 6.04167 
1397140847.241526072 10.8622 6.51679 
1397140847.276399369 10.5273 6.76892 
1397140847.311255532 10.0799 7.14604 
1397140847.347120729 9.31816 7.30701 
1397140847.382191001 9.47783 7.86795 
1397140847.417138101 8.76006 8.66118 
1397140847.453180738 8.45026 8.05963 
1397140847.488071270 8.06162 8.76415 
1397140847.523065767 7.58132 9.04873 
1397140847.558951188 7.28906 9.54892 
1397140847.593874356 6.91591 9.90824 
1397140847.628846163 6.43812 9.75138 
1397140847.664906381 5.95676 10.5523 
1397140847.699912715 5.55665 10.9064 
1397140847.734825431 5.08635 11.039 
1397140847.770702363 4.41851 11.2346 
1397140847.805550398 4.22054 11.6095 
1397140847.841645796 4.07726 12.1192 
1397140847.876627017 3.6815 12.2447 
1397140847.911525787 3.43644 12.3687 
1397140847.947475469 3.1385 12.4301 
1397140847.982520411 2.82252 12.4912 
1397140848.017568338 2.7387 12.6122 
1397140848.053392425 2.39499 12.3912 
1397140848.088284425 1.88772 12.6721 
1397140848.123267409 1.58137 12.7318 
1397140848.159267287 1.3889 13.0596 
1397140848.194165029 1.55066 12.9539 
1397140848.229118593 0.8137 13.2861 
1397140848.265022952 0.729586 12.791 
1397140848.300044270 0.622605 12.9539 
1397140848.334990943 0.537739 12.85 
1397140848.371029582 0.516646 12.8349 
1397140848.405934852 0.431781 12.6721 
1397140848.440832524 0.241202 12.5518 
1397140848.476814542 0.204753 12.5518 
1397140848.511691301 -0.139341 12.4301 
1397140848.546775920 -0.227341 11.7386 
1397140848.582677163 -0.227341 12.3069 
1397140848.617661196 -0.227341 12.1822 
1397140848.652630460 0.0342629 11.8005 
1397140848.688525408 -0.32936 11.5173 
1397140848.723531537 -0.32936 10.7185 
1397140848.759541235 -0.32936 11.039 
1397140848.794520767 -0.227341 10.9064 
1397140848.829430056 -0.32936 10.7721 
1397140848.865416055 -0.32936 10.4021 
1397140848.900301335 -0.43043 9.75675 
1397140848.935309287 -0.718602 9.83772 
1397140848.971292791 -0.342428 9.40442 
1397140849.006281028 -0.43043 8.90941 
1397140849.041137427 -0.32936 8.75601 
1397140849.077031117 -0.227341 8.39172 
1397140849.112023689 -0.32936 7.88843 
1397140849.146998281 -0.32936 7.51911 
1397140849.182782975 -0.32936 6.91858 
1397140849.217903848 -0.32936 6.85163 
1397140849.252877532 -0.227341 6.51169 
1397140849.288732113 -0.154161 5.92308 
1397140849.323758047 -0.32936 5.53939 
1397140849.358777505 -0.227341 5.24026 
1397140849.394626264 -0.227341 4.79266 
1397140849.429552202 -0.227341 4.21621 
1397140849.464628096 -0.32936 3.70114 
1397140849.500507299 -0.227341 3.62046 
1397140849.535499846 -0.0204029 3.40773 
1397140849.570506335 0.259744 2.98326 
1397140849.606467924 0.0845457 2.4614 
1397140849.641400917 -0.109219 1.9252 
1397140849.676302488 -0.0939143 1.70736 
1397140849.712306743 -0.169787 1.15982 
1397140849.747274594 -0.00427012 0.837678 
1397140849.782144123 -0.275741 0.40243 
1397140849.818150354 -0.169787 -0.349321 
1397140849.853007596 -0.0628125 -0.618876 
1397140849.888993022 0.045196 -0.997806 
1397140849.924005740 0.425728 -1.32097 
1397140849.959015527 0.154254 -1.81236 
1397140849.994752928 -0.0149082 -2.54837 
1397140850.029911687 -0.0149082 -2.50303 
1397140850.064716258 -0.219929 -3.20002 
1397140850.100672877 0.0962957 -3.3444 
1397140850.135706486 0.227112 -3.63822 
1397140850.170572612 0.227112 -4.05406 
1397140850.206650169 0.227112 -4.60066 
1397140850.241585792 0.13129 -4.7575 
1397140850.276500083 0.13129 -5.24911 
1397140850.312413988 0.0513545 -5.82826 
1397140850.347521687 0.361521 -6.2524 
1397140850.382505865 0.692234 -6.60094 
1397140850.418355936 0.422462 -6.60094 
1397140850.453366309 0.422462 -7.36965 
1397140850.488259195 0.422462 -7.47119 
1397140850.524284509 0.303234 -8.00424 
1397140850.559116836 0.73932 -8.41953 
1397140850.594090899 0.58716 -8.50057 
1397140850.630009031 0.382737 -8.85803 
1397140850.665024995 0.506933 -9.34008 
1397140850.699945769 0.506933 -9.54572 
1397140850.735941060 0.382737 -9.96551 
1397140850.770847158 0.382737 -10.4758 
1397140850.805797123 0.506933 -10.6962 
1397140850.841901239 0.528639 -10.7613 
1397140850.876714956 0.783562 -11.0675 
1397140850.911769244 0.783562 -11.6095 
1397140850.947592372 1.22128 -11.5305 
1397140850.982615089 0.913039 -11.8461 
1397140851.018502423 1.32198 -11.8461 
1397140851.053607543 0.913039 -12.0862 
1397140851.088478971 0.913039 -12.3298 
1397140851.124509571 1.01683 -11.767 
1397140851.159520375 0.913039 -11.8461 
1397140851.194506188 1.32198 -11.8461 
1397140851.230261226 0.913039 -11.2177 
1397140851.265267572 1.14768 -11.1464 
1397140851.300251835 1.4136 -10.8267 
1397140851.336191023 1.5487 -10.377 
1397140851.371266514 1.5487 -9.77632 
1397140851.406127954 1.7532 -9.18515 
1397140851.442125179 1.85392 -8.85503 
1397140851.477002487 2.0524 -8.40047 
1397140851.511923579 1.85392 -8.11528 
1397140851.547994918 2.0524 -7.97759 
1397140851.583024850 1.95365 -7.35893 
1397140851.617891572 2.09024 -6.81433 
1397140851.654003182 2.43789 -6.62241 
1397140851.689013695 2.52174 -6.17054 
1397140851.723774983 2.189 -6.44038 
1397140851.759757284 2.71266 -5.36123 
1397140851.794599665 2.89996 -4.99918 
1397140851.829617360 3.13197 -4.46722 
1397140851.865689816 3.27319 -3.93991 
1397140851.900472903 3.36468 -3.71584 
1397140851.935372519 3.59814 -2.89749 
1397140851.971489993 3.97841 -2.68901 
1397140852.006474652 4.06745 -2.01775 
1397140852.041481547 4.21514 -1.76046 
1397140852.077359010 4.45277 -1.10349 
1397140852.112251300 4.54023 -0.736898 
1397140852.147249065 4.77804 -0.367091 
1397140852.183161931 4.71283 -0.111446 
1397140852.218137988 5.17146 0.399053 
1397140852.254136240 5.34114 0.640723 
1397140852.289120213 5.98667 1.41829 
1397140852.323993285 6.06522 1.80012 
1397140852.359981389 6.1449 1.92783 
1397140852.394866599 6.22729 2.83711 
1397140852.429828741 6.55401 3.08342 
1397140852.465875855 7.11525 3.59884 
1397140852.500702555 7.05793 3.85721 
1397140852.535761468 7.14881 4.25899 
1397140852.571746967 7.46933 4.78196 
1397140852.606782231 7.37566 5.04447 
1397140852.641646457 7.62565 5.19453 
1397140852.677631364 7.97629 5.4198 
1397140852.712611238 8.05356 5.94665 
1397140852.747508229 8.56575 6.10247 
1397140852.783494910 8.41291 6.10247 
1397140852.818472593 8.30883 5.96424 
1397140852.853241829 8.64125 6.4811 
1397140852.889305816 8.64125 6.79503 
1397140852.924237410 9.23299 7.22097 
1397140852.959236272 8.82437 7.48816 
1397140852.995126313 8.71617 7.20524 
1397140853.030097146 8.64125 7.85788 
1397140853.065133594 8.46037 7.95827 
1397140853.100922991 8.46037 7.89139 
1397140853.135870027 8.60954 8.15634 
1397140853.170997580 8.68325 7.76103 
1397140853.206861478 8.93742 8.08762 
1397140853.241844544 9.01005 7.85777 
1397140853.277909692 8.7564 7.8884 
1397140853.312756148 8.50447 7.8884 
1397140853.347750590 8.40093 7.9826 
1397140853.383728151 8.19834 7.9826 
1397140853.418591244 8.09925 7.76116 
1397140853.453500420 7.83513 7.33851 
1397140853.489583868 7.83513 7.63821 
1397140853.524375820 7.50807 7.42934 
1397140853.559479956 7.4659 7.4615 
1397140853.595471162 7.32828 7.40458 
1397140853.630496393 7.15359 6.92765 
1397140853.665304057 6.55012 7.15327 
1397140853.701381028 6.47139 6.96377 
1397140853.736224101 5.96828 6.91381 
1397140853.771222827 5.89639 6.68555 
1397140853.807253162 5.55549 6.63957 
1397140853.842118301 5.16125 6.54992 
1397140853.877108092 5.03263 6.17907 
1397140853.913118592 4.66248 6.01996 
1397140853.947992520 4.48438 5.94538 
1397140853.982824935 4.19356 5.60216 
1397140854.018989875 3.92662 5.34915 
1397140854.053861884 3.46928 5.18389 
1397140854.088813193 3.0427 4.74658 
1397140854.124743532 2.85951 4.92418 
1397140854.159660452 2.46037 4.72351 
1397140854.194713066 2.4176 4.50615 
1397140854.230538142 1.95095 4.35304 
1397140854.265616106 1.89059 3.90057 
1397140854.300601317 1.59359 3.98934 
1397140854.336496245 1.56668 3.72551 
1397140854.371470300 1.30837 3.61597 
1397140854.406496203 1.05655 3.6047 
1397140854.442368546 0.850579 3.42944 
1397140854.477371957 0.492786 3.18855 
1397140854.513382898 0.440375 3.18855 
1397140854.548233894 0.423336 2.87241 
1397140854.583243305 0.198543 2.80082 
1397140854.619251325 -0.0931816 2.79684 
1397140854.654269435 -0.164734 2.50231 
1397140854.689017431 -0.17706 2.42922 
1397140854.725116704 -0.247544 2.0726 
1397140854.759942338 -0.376194 2.21352 
1397140854.794953402 -0.445637 2.21434 
1397140854.830970387 -0.408065 2.00298 
1397140854.866859817 -0.650932 1.93391 
1397140854.900702178 -0.659681 1.93693 
1397140854.936876790 -0.726635 1.72532 
1397140854.971717718 -0.726635 1.65273 
1397140855.006613977 -0.910885 1.5796 
1397140855.042661837 -0.963745 1.50593 
1397140855.077515244 -1.03022 1.5796 
1397140855.112853590 -0.896786 1.35693 
1397140855.148448292 -0.889609 1.34956 
1397140855.183402668 -0.829343 1.14719 
1397140855.218419707 -0.642077 1.12915 
1397140855.254384383 -0.701544 0.984612 
1397140855.289989127 -0.386948 0.964042 
1397140855.324314738 -0.790067 0.943125 
1397140855.360127633 -0.790067 0.657445 
1397140855.395203897 -0.666645 0.874086 
1397140855.430223962 -0.577002 0.68811 
1397140855.466132711 -0.453585 0.68811 
1397140855.501118152 -0.421391 0.591958 
1397140855.536096433 -0.484173 0.283203 
1397140855.571845611 -0.261122 0.479282 
1397140855.606951324 -0.628132 0.377777 
1397140855.642836530 -0.365085 0.289996 
1397140855.677856464 -0.365085 0.16753 
1397140855.712842582 -0.263653 0.224521 
1397140855.748724400 -0.105862 0.132858 
1397140855.783728018 -0.0919986 0.132858 
1397140855.818763056 -0.0779664 -0.440352 
1397140855.854676316 -0.199214 -0.242036 
1397140855.889622654 -0.53629 -0.0916974 
1397140855.924511446 0.18383 -0.208142 
1397140855.960449912 0.132297 -0.480391 
1397140855.995461398 -0.0747481 -0.630736 
1397140856.030374115 0.0405994 -0.271392 
1397140856.066470108 0.127412 -0.473055 
1397140856.101367980 0.0562391 -0.417076 
1397140856.136400419 -0.00023273 -0.417076 
1397140856.172251056 -0.446444 -0.730856 
1397140856.207239274 -0.0731094 -0.62454 
1397140856.242111553 -0.0731094 -0.649608 
1397140856.278088652 -0.308188 -0.755863 
1397140856.313110692 -0.295284 -0.593395 
1397140856.348108406 -0.522965 -0.700684 
1397140856.384021720 -0.345551 -0.618362 
1397140856.418970112 -0.522965 -0.726704 
1397140856.453994734 -0.988759 -1.19144 
1397140856.489876130 -0.668081 -1.05823 
1397140856.524833508 -0.915369 -0.94662 
1397140856.559839746 -0.756408 -1.11055 
1397140856.595698467 -1.49677 -1.05823 
1397140856.630728394 -1.75418 -0.975158 
1397140856.665597151 -2.01399 -0.695154 
1397140856.701582804 -2.27215 -0.695154 
1397140856.736589930 -2.17761 -0.721401 
1397140856.772467028 -2.34667 -0.635262 
1397140856.807481871 -3.1383 -0.721401 
1397140856.842450764 -3.21894 -0.721401 
1397140856.878384740 -3.55026 -0.721401 
1397140856.913337413 -4.0681 -0.721401 
1397140856.948194844 -4.24143 -0.609802 
1397140856.984194690 -4.5893 -0.609802 
1397140857.019206140 -4.6389 -0.721401 
1397140857.054056776 -5.43493 -0.721401 
1397140857.089967669 -5.85705 -0.94662 
1397140857.125055513 -6.17151 -0.635262 
1397140857.159895309 -6.81288 -0.460581 
1397140857.195842857 -6.8565 -0.635262 
1397140857.230946997 -7.38442 -0.548326 
1397140857.265869856 -7.91985 -0.523664 
1397140857.301861173 -8.46354 -0.372015 
1397140857.336628884 -8.82866 -0.372015 
1397140857.371679781 -9.49855 -0.460581 
1397140857.407728687 -9.98573 -0.372015 
1397140857.442609987 -10.4738 -0.548326 
1397140857.477590367 -10.9634 -0.372015 
1397140857.513608323 -11.2309 -0.548326 
1397140857.548445707 -11.5771 -0.548326 
1397140857.583370159 -12.052 -0.372015 
1397140857.619478449 -12.3053 -0.713601 
1397140857.654348548 -12.7946 -0.533944 
1397140857.689298625 -13.2877 -0.740386 
1397140857.725343753 -13.7849 -0.889924 
1397140857.760288432 -14.128 -0.802173 
1397140857.796107408 -14.3107 -0.740386 
1397140857.831181836 -14.3329 -0.767517 
1397140857.866060215 -15.3509 -0.703011 
1397140857.902102452 -15.4828 -0.822843 
1397140857.937104580 -15.6965 -0.914836 
1397140857.971915436 -16.3507 -1.30674 
1397140858.007962173 -16.3936 -1.21732 
1397140858.043026639 -16.5734 -1.09622 
1397140858.077842174 -16.6161 -1.21732 
1397140858.113844176 -16.7009 -1.12705 
1397140858.148912460 -16.8409 -1.00329 
1397140858.183728361 -16.6586 -1.0663 
1397140858.219717874 -16.7984 -1.31494 
1397140858.254613551 -16.6161 -1.40695 
1397140858.289606273 -15.9985 -1.44127 
1397140858.325593888 -16.6695 -1.44127 
1397140858.360467054 -16.7672 -1.71471 
1397140858.395466156 -16.4506 -1.44127 
1397140858.431435893 -16.4506 -1.03356 
1397140858.466324992 -15.8232 -1.25458 
1397140858.501346660 -16.135 -1.03356 
1397140858.537345238 -15.7682 -1.34838 
1397140858.572211609 -15.7607 -1.15987 
1397140858.607223440 -15.3865 -1.06424 
1397140858.643207756 -14.7351 -0.96767 
1397140858.678101194 -14.5321 -0.96767 
1397140858.712995579 -14.2036 -0.92886 
1397140858.748963181 -13.7684 -1.25732 
1397140858.783888346 -13.6673 -1.19119 
1397140858.818901305 -13.444 -1.38921 
1397140858.854826691 -12.7604 -1.19119 
1397140858.889837084 -12.2976 -1.09069 
1397140858.925715202 -11.6042 -1.09069 
1397140858.960692878 -10.9701 -0.886629 
1397140858.995831702 -10.4004 -0.783033 
1397140859.031668307 -10.1462 -1.05115 
1397140859.066418935 -9.86518 -0.946483 
1397140859.101572544 -9.12466 -0.946483 
1397140859.137632982 -9.05072 -1.08278 
1397140859.172342010 -8.52026 -0.790915 
1397140859.207386927 -7.89557 -0.456618 
1397140859.243456632 -7.64774 -0.456618 
1397140859.278337241 -7.16346 -0.318817 
1397140859.313312694 -6.81208 -1.07122 
1397140859.349182460 -6.30625 -1.21376 
1397140859.384229116 -5.43361 -0.909758 
1397140859.419205797 -5.45763 -0.794696 
1397140859.455079111 -5.0244 -0.678388 
1397140859.490086837 -4.61676 -0.971697 
1397140859.525069973 -4.51247 -1.15428 
1397140859.560852286 -3.5329 -1.15428 
1397140859.595919834 -3.31544 -0.884452 
1397140859.630786666 -3.24085 -1.65604 
1397140859.666823525 -3.01255 -1.0354 
1397140859.701685154 -2.77972 -1.30701 
1397140859.736795000 -2.02402 -0.946423 
1397140859.772684891 -1.90882 -1.10094 
1397140859.807671009 -1.78708 -1.49902 
1397140859.842562846 -1.41434 -1.29263 
1397140859.878509945 -1.03481 -1.13442 
1397140859.913561786 -0.66039 -1.01018 
1397140859.949585516 -0.157779 -1.16839 
1397140859.984469943 0.110907 -1.04275 
1397140860.019307781 0.345258 -1.16839 
1397140860.055400942 0.481771 -1.16839 
1397140860.090291579 0.735048 -1.57564 
1397140860.125338945 1.12962 -1.32849 
1397140860.161272306 1.24247 -1.20285 
1397140860.196221830 1.89521 -1.16839 
1397140860.231184976 2.07603 -1.16839 
1397140860.267152408 2.32784 -1.37882 
1397140860.301941848 2.68411 -0.699331 
1397140860.336978612 3.0869 -0.699331 
1397140860.372934058 3.48828 -0.546628 
1397140860.407954193 3.79521 -0.823562 
1397140860.442958917 3.99014 -0.395695 
1397140860.478804585 4.18135 -0.823562 
1397140860.513812952 4.77572 -0.946423 
1397140860.548703794 5.20815 -1.18812 
1397140860.584714835 5.5476 -1.18812 
1397140860.619853896 5.80811 -1.00332 
1397140860.654724185 6.30773 -0.735248 
1397140860.690829680 6.64264 -0.587759 
1397140860.725579427 7.3902 -0.824199 
1397140860.760552630 7.97629 -0.560815 
1397140860.796439756 8.3849 -0.441955 
1397140860.831453000 8.79358 -0.824199 
1397140860.866454608 8.97251 -0.794696 
1397140860.902487654 9.7343 -0.909758 
1397140860.938595571 10.0093 -0.765598 
1397140860.972334816 10.5306 -0.623069 
1397140861.008195096 10.9799 -0.87943 
1397140861.043165057 11.6313 -0.909758 
1397140861.078064879 11.8817 -1.02359 
1397140861.114006744 12.7379 -1.02359 
1397140861.149010065 13.186 -0.736898 
1397140861.184945728 13.5738 -0.960952 
1397140861.219930821 13.746 -0.820016 
1397140861.254812525 14.0748 -0.930276 
1397140861.290840171 14.5686 -0.820016 
1397140861.325851486 15.0096 -0.820016 
1397140861.360827565 15.3944 -1.25422 
1397140861.396701256 15.8319 -0.790915 
1397140861.431675331 15.7572 -0.790915 
1397140861.466683840 16.1877 -0.90002 
1397140861.502560601 16.1877 -0.930276 
1397140861.537560289 16.3364 -1.22061 
1397140861.572406440 16.8533 -1.03939 
1397140861.608371342 16.9995 -0.90002 
1397140861.643316266 17.0958 -0.790915 
1397140861.678390038 17.6731 -0.930276 
1397140861.714443652 17.5251 -0.977026 
1397140861.749297875 17.5721 -0.625922 
1397140861.784189829 17.9083 -0.382041 
1397140861.820189163 17.7117 -0.491137 
1397140861.855169909 17.9547 -0.382041 
1397140861.890041273 18.0009 -0.382041 
1397140861.926009767 18.0009 -0.357828 
1397140861.960978775 18.0009 -0.22597 
1397140861.995982693 18.0009 -0.287044 
1397140862.031944148 18.0009 0.252829 
1397140862.066887694 17.2818 0.491901 
1397140862.101860065 17.4186 0.491901 
1397140862.137817097 17.0487 0.855782 
1397140862.172834999 16.9102 1.09328 
1397140862.207567789 16.6804 1.45184 
1397140862.243685105 16.6339 1.45661 
1397140862.278700423 16.2302 1.57524 
1397140862.314547117 16.0903 2.03909 
1397140862.349571126 15.8229 2.2694 
1397140862.384620297 15.5109 2.4939 
1397140862.420441958 15.4153 2.84118 
1397140862.455499703 14.8448 3.04762 
1397140862.490437758 14.6362 3.49885 
1397140862.526426007 14.0807 3.72502 
1397140862.561229624 14.1786 4.17866 
1397140862.596357179 13.4841 4.35601 
1397140862.632234187 13.2387 4.38027 
1397140862.667177864 13.1883 5.21957 
1397140862.702185761 12.6528 5.62979 
1397140862.737982005 12.331 5.90378 
1397140862.772918947 11.6041 6.30158 
1397140862.807903696 11.3728 6.21601 
1397140862.843809729 10.8081 6.91381 
1397140862.878939497 10.3577 7.3017 
1397140862.913815430 10.0243 7.68541 
1397140862.949843070 9.46969 7.76631 
1397140862.984935809 9.09142 8.00529 
1397140863.019530378 8.66248 8.59547 
1397140863.055675183 8.27345 8.88985 
1397140863.090636014 7.94113 9.18387 
1397140863.125572144 7.81905 9.77125 
1397140863.161562187 7.3965 9.99321 
1397140863.196512634 6.91591 10.2877 
1397140863.231494086 6.43812 10.4981 
1397140863.267426129 5.89136 10.3214 
1397140863.302434877 5.4224 11.2831 
1397140863.337410932 5.08635 11.5073 
1397140863.373299956 4.76473 11.7986 
1397140863.408286862 4.36164 11.9281 
1397140863.443044822 4.02338 11.9588 
1397140863.479110957 3.879 12.2447 
1397140863.514175223 3.55833 12.3069 
1397140863.550063180 2.97387 12.4301 
1397140863.584998162 2.78033 12.4912 
1397140863.619992098 2.51079 12.4912 
1397140863.655911756 2.31777 12.6721 
1397140863.690802619 1.85411 13.0596 
1397140863.725723214 1.30697 12.8946 
1397140863.761662764 1.3889 13.2267 
1397140863.796788752 1.27875 12.9539 
1397140863.831653965 1.47013 12.791 
1397140863.867645258 0.921721 12.9539 
1397140863.902654678 0.622605 12.1599 
1397140863.937421928 0.622605 12.791 
1397140863.973547354 0.516646 12.8946 
1397140864.008558063 0.579169 12.6122 
1397140864.043430012 0.0675973 12.6122 
1397140864.079419013 -0.139341 12.076 
1397140864.114412217 -0.227341 12.4301 
1397140864.149424885 -0.227341 12.3687 
1397140864.185306062 -0.43043 12.3687 
1397140864.220339136 -0.227341 12.2447 
1397140864.255195615 -0.227341 11.7372 
1397140864.291169226 -0.32936 11.3889 
1397140864.326057999 -0.241359 11.324 
1397140864.361038063 -0.32936 10.5219 
1397140864.396938975 -0.316158 10.7543 
1397140864.432028652 -0.32936 10.2537 
1397140864.466865751 -0.342428 10.1856 
1397140864.503228901 -0.530566 9.83187 
1397140864.537913646 -0.718602 9.2629 
1397140864.572782648 -0.62978 9.33247 
1397140864.608818876 -0.530566 8.90342 
1397140864.643656057 -0.355363 8.69074 
1397140864.679586056 -0.32936 8.4673 
1397140864.714668325 -0.227341 7.88843 
1397140864.749550632 -0.32936 7.59809 
1397140864.785535518 -0.241359 7.14604 
1397140864.820557148 -0.32936 6.72225 
1397140864.855302221 -0.32936 6.42837 
1397140864.891431974 -0.32936 5.92308 
1397140864.926422872 -0.139341 5.53939 
1397140864.961409677 -0.227341 5.1196 
1397140864.997165716 -0.43043 4.72907 
1397140865.032316256 -0.32936 4.51916 
1397140865.067146139 -0.32936 4.0266 
1397140865.103072351 -0.168823 3.62046 
1397140865.138118372 -0.227341 3.19534 
1397140865.173049615 -0.0204029 2.55416 
1397140865.209051054 0.0845457 2.4614 
1397140865.244011238 -0.00427012 1.9252 
1397140865.278814532 -0.00427012 1.4947 
1397140865.314780674 -0.1844 1.27255 
1397140865.349922537 -0.275741 0.722661 
1397140865.384821457 -0.275741 0.386553 
1397140865.420769406 -0.169787 0.0466411 
1397140865.455669148 0.045196 -0.49523 
1397140865.490633822 0.154254 -0.96767 
1397140865.526671473 0.045196 -1.22439 
1397140865.561546461 0.316668 -1.81236 
1397140865.596591145 0.172169 -2.36511 
1397140865.632415562 0.0790784 -2.86617 
1397140865.667500088 -0.125032 -2.96692 
1397140865.702408700 0.0962957 -3.49046 
1397140865.738396605 0.395676 -3.5478 
1397140865.773288500 0.341655 -4.27051 
1397140865.808252932 0.227112 -4.85759 
1397140865.844267902 0.149071 -5.07693 
1397140865.879132480 0.0513545 -5.49076 
1397140865.915137978 -0.161873 -5.66149 
1397140865.950148637 0.0683554 -6.34124 
1397140865.984904899 0.303234 -6.84962 
1397140866.021031601 0.185205 -7.20731 
1397140866.056046650 0.120423 -7.47119 
1397140866.090903229 0.203562 -7.65592 
1397140866.126928127 0.422462 -8.0327 
1397140866.161897912 0.203562 -8.30584 
1397140866.196738947 0.240864 -8.50057 
1397140866.232773226 0.259811 -9.18114 
1397140866.267668135 0.485464 -9.57358 
1397140866.302642176 0.382737 -9.54572 
1397140866.338670763 0.506933 -10.0441 
1397140866.373539264 0.812042 -10.2585 
1397140866.409969034 0.506933 -10.6962 
1397140866.444460927 0.735153 -11.3763 
1397140866.479423581 0.861954 -11.6095 
1397140866.514473985 1.09179 -11.5305 
1397140866.550430823 1.3909 -11.8461 
1397140866.585402668 1.01683 -11.6095 
1397140866.620377992 0.913039 -11.8461 
1397140866.656297236 1.11957 -12.0862 
1397140866.691066709 1.01683 -12.2506 
1397140866.726176470 1.11957 -12.0862 
1397140866.762175694 1.5204 -12.007 
1397140866.797032444 1.5204 -11.2177 
1397140866.831964529 1.71496 -10.9077 
1397140866.867966084 1.14768 -10.6812 
1397140866.902782187 1.25043 -10.6962 
1397140866.937926522 1.48441 -10.0204 
1397140866.973932889 2.11185 -9.56231 
1397140867.008768966 2.62515 -9.18515 
1397140867.044742592 2.34291 -8.97703 
1397140867.079768390 2.16899 -8.65244 
1397140867.114608302 2.43789 -8.31499 
1397140867.150533093 1.85392 -7.91823 
1397140867.185509207 1.95365 -7.55076 
1397140867.220643671 2.62515 -7.082 
1397140867.256474313 2.71746 -6.62241 
1397140867.291540719 2.8089 -5.99092 
1397140867.326416045 3.08376 -5.80685 
1397140867.362233271 3.17438 -5.54692 
1397140867.397349869 3.45533 -4.99918 
1397140867.432392983 3.0876 -4.53788 
1397140867.468244432 3.18083 -4.10426 
1397140867.503161921 3.63413 -3.6378 
1397140867.538151224 3.8097 -3.61715 
1397140867.574114943 4.26952 -2.68901 
1397140867.608894934 4.18366 -2.16878 
1397140867.644015902 4.75167 -1.76046 
1397140867.680023114 4.81657 -1.13623 
1397140867.714847595 4.4775 -0.992056 
1397140867.749877142 4.93088 -0.508014 
1397140867.785816165 5.43545 -0.250792 
1397140867.820757379 5.44489 0.382942 
1397140867.855688027 5.98948 0.908831 
1397140867.891716334 6.14789 1.29404 
1397140867.926654412 6.54504 1.54736 
1397140867.961620199 6.30815 2.05638 
1397140867.997467218 5.82269 2.69318 
1397140868.032433812 6.30898 2.96091 
1397140868.067393945 6.94913 3.59884 
1397140868.103363388 7.51294 3.85721 
1397140868.138291594 7.3605 4.25899 
1397140868.174427693 7.12715 4.09133 
1397140868.209324570 7.21812 4.93018 
1397140868.244244567 7.54781 5.04447 
1397140868.280086323 8.28169 5.53079 
1397140868.315102565 8.15483 5.79274 
1397140868.350147453 8.46037 5.64072 
1397140868.386100056 7.97629 6.21144 
1397140868.421009564 8.30883 6.42627 
1397140868.455986601 8.20625 6.37622 
1397140868.491902672 8.64125 7.11693 
1397140868.526822413 8.82437 7.38503 
1397140868.561923358 9.15916 7.65436 
1397140868.597904015 8.82437 7.75659 
1397140868.632741005 8.64125 7.26414 
1397140868.667669683 8.64125 7.95827 
1397140868.703639571 8.60954 7.62773 
1397140868.738536107 8.7564 8.15634 
1397140868.773585185 8.7564 8.15634 
1397140868.809517679 8.7564 7.60081 
1397140868.844467429 8.82899 8.02007 
1397140868.879463339 8.65013 7.85777 
1397140868.915503897 8.05399 7.9826 
1397140868.950442616 8.05399 7.8884 
1397140868.985294838 8.19834 8.07599 
1397140869.021379746 8.2697 7.94542 
1397140869.056403919 7.7644 7.7291 
1397140869.091121775 7.67063 7.5783 
1397140869.127142172 7.50807 7.5783 
1397140869.162118913 7.34741 7.5194 
1397140869.197000336 7.28911 7.40458 
1397140869.232934916 6.77995 7.72493 
1397140869.268029139 6.2585 7.10083 
1397140869.303008191 6.2585 6.91381 
1397140869.338851597 6.03512 6.4722 
1397140869.373924988 6.09403 6.13673 
1397140869.409906271 5.35637 6.59436 
1397140869.444620493 5.16125 5.93871 
1397140869.479731289 4.90536 5.93871 
1397140869.515819535 4.66248 5.44172 
1397140869.550636945 4.49297 5.41033 
1397140869.585597665 4.01329 5.34915 
1397140869.621627920 3.75224 5.02731 
1397140869.656502134 3.19016 4.77006 
1397140869.691494085 3.16889 5.129 
1397140869.727516672 2.92193 4.92418 
1397140869.762369824 2.52277 4.33412 
1397140869.797383219 2.48725 4.14515 
1397140869.833445621 2.44376 3.84003 
1397140869.868363248 2.04322 3.81263 
1397140869.903263237 1.59359 3.22747 
1397140869.939145691 1.41915 3.38499 
1397140869.974143791 1.13979 3.62747 
1397140870.009035012 1.21271 3.6047 
1397140870.044943578 0.730449 3.19599 
1397140870.079941397 0.571366 2.72525 
1397140870.114912926 0.397767 3.03144 
1397140870.150837807 0.364261 2.65031 
1397140870.185865158 0.12477 2.50231 
1397140870.220824476 0.12477 2.35674 
1397140870.256755210 -0.0344936 2.57388 
1397140870.291743182 -0.164734 2.35674 
1397140870.326497611 -0.247544 2.0726 
1397140870.362610452 -0.445637 1.93391 
1397140870.397636124 -0.328639 2.00546 
1397140870.433517220 -0.583 1.86893 
1397140870.468492814 -0.650932 1.86893 
1397140870.503495053 -0.659681 1.79332 
1397140870.539247611 -0.851805 1.45188 
1397140870.574296023 -0.970357 1.5796 
1397140870.609379000 -0.963745 1.30509 
1397140870.645365144 -0.785328 1.30509 
1397140870.680259209 -1.03022 1.29731 
1397140870.715247417 -0.896786 1.21412 
1397140870.751062694 -0.889609 1.28158 
1397140870.786008751 -0.943431 1.28158 
1397140870.821141742 -1.07287 1.05206 
1397140870.856916623 -1.00493 1.05206 
1397140870.891927892 -0.929484 0.83999 
1397140870.926796479 -0.85242 0.885126 
1397140870.962779466 -0.915208 0.943125 
1397140870.997781820 -0.907945 0.851713 
1397140871.032744375 -0.900597 0.68811 
1397140871.068741445 -0.82106 0.605308 
1397140871.103709166 -0.484173 0.578479 
1397140871.138605466 -0.79657 0.479282 
1397140871.174588478 -0.516717 0.35278 
1397140871.209611163 -0.637764 0.377777 
1397140871.244354801 -0.695109 0.289996 
1397140871.280503455 -0.276084 0.331228 
1397140871.315482386 -0.519981 0.150288 
1397140871.350383707 -0.667057 -0.0687757 
1397140871.386399373 -0.498413 0.132858 
1397140871.421357332 -0.33672 -0.072197 
1397140871.456372479 -0.476342 -0.0916974 
1397140871.492279377 -0.370539 -0.0916974 
1397140871.527223519 -0.28662 -0.0346492 
1397140871.562113699 -0.18838 -0.22898 
1397140871.598116302 -0.418905 -0.327493 
1397140871.633132382 -0.481078 -0.551155 
1397140871.668998058 -0.234132 -0.394278 
1397140871.703826095 -0.234132 -0.496541 
1397140871.738897287 -0.370554 -0.417076 
1397140871.774848790 -0.282232 -0.62454 
1397140871.809848428 -0.434642 -1.04358 
1397140871.844859071 -0.446444 -0.674988 
1397140871.880593462 -0.600126 -0.593395 
1397140871.915817208 -0.206963 -0.511074 
1397140871.950753201 -0.489113 -0.593395 
1397140871.986632123 -0.398449 -0.726704 
1397140872.021632433 -0.818449 -0.836117 
1397140872.056632814 -0.988759 -1.05823 
1397140872.092485420 -1.16467 -0.94662 
1397140872.127501636 -1.24167 -1.05823 
1397140872.162497897 -1.32084 -0.975158 
1397140872.198257337 -1.15902 -0.891338 
1397140872.233388169 -1.58362 -0.721401 
1397140872.268372788 -1.92675 -0.806756 
1397140872.304396939 -2.18408 -0.721401 
1397140872.339226792 -2.09433 -0.891338 
1397140872.374194745 -2.2602 -0.695154 
1397140872.409996095 -2.87321 -0.721401 
1397140872.445121959 -3.1383 -0.891338 
1397140872.480051915 -3.47153 -0.721401 
1397140872.515828340 -3.80003 -0.721401 
1397140872.550992827 -3.9347 -0.721401 
1397140872.585872593 -4.41515 -0.721401 
1397140872.621862046 -4.91141 -0.975158 
1397140872.656750986 -5.25989 -0.721401 
1397140872.691751619 -5.57708 -0.721401 
1397140872.727732291 -6.10269 -0.609802 
1397140872.762758369 -6.48276 -0.348987 
1397140872.797599428 -7.07788 -0.348987 
1397140872.835467255 -7.38442 -0.372015 
1397140872.868455942 -7.91985 -0.372015 
1397140872.904478736 -8.52495 -0.635262 
1397140872.939499317 -8.95191 -0.372015 
1397140872.974492441 -9.31391 -0.372015 
1397140873.010376926 -9.79942 -0.372015 
1397140873.045385965 -10.1548 -0.260421 
1397140873.080214441 -10.7731 -0.635262 
1397140873.116347097 -10.9889 -0.260421 
1397140873.151224664 -11.6648 -0.260421 
1397140873.186075119 -12.1541 -0.282614 
1397140873.222052770 -12.5465 -0.101258 
1397140873.257049396 -13.0937 -0.23584 
1397140873.292081855 -13.4881 -0.350849 
1397140873.328185039 -13.9416 -0.350849 
1397140873.363056587 -14.3329 -0.467034 
1397140873.397958334 -14.6307 -0.467034 
1397140873.433887508 -15.0494 -0.467034 
1397140873.468839996 -14.8544 -0.467034 
1397140873.503681762 -15.5651 -0.584415 
1397140873.539627268 -15.6965 -1.00596 
1397140873.574715237 -16.1304 -0.822843 
1397140873.609549552 -16.3936 -0.636189 
1397140873.645621566 -16.0413 -0.943931 
1397140873.680618709 -16.6586 -0.851051 
1397140873.715477437 -16.9255 -1.03593 
1397140873.751352839 -16.7009 -0.757271 
1397140873.786520461 -16.8409 -0.566959 
1397140873.821336302 -16.3014 -0.689313 
1397140873.857366126 -16.7984 -0.812964 
1397140873.892392380 -16.3507 -0.937933 
1397140873.927375571 -16.6695 -1.15987 
1397140873.963246680 -16.6261 -0.937933 
1397140873.998148187 -16.7234 -1.06424 
1397140874.034136831 -16.4506 -1.06424 
1397140874.068999049 -16.0898 -0.870142 
1397140874.104077320 -15.3311 -0.870142 
1397140874.139965317 -15.8557 -0.771643 
1397140874.174966424 -15.7128 -1.06424 
1397140874.209928157 -15.5677 -0.672159 
1397140874.245822759 -15.3207 -0.799817 
1397140874.280781059 -14.708 -0.672159 
1397140874.315715153 -14.3246 -0.597824 
1397140874.351660901 -13.7147 -1.05931 
1397140874.386663698 -13.612 -0.651167 
1397140874.421456650 -13.1598 -0.651167 
1397140874.457552450 -12.5946 -0.783033 
1397140874.492517575 -12.1341 -0.783033 
1397140874.527478998 -11.9286 -0.783033 
1397140874.563486676 -11.2858 -0.783033 
1397140874.598361777 -10.7979 -0.705943 
1397140874.633323234 -10.1462 -0.733886 
1397140874.669271805 -9.86518 -0.625922 
1397140874.704238809 -9.50221 -0.90002 
1397140874.739353723 -9.04983 -0.790915 
1397140874.775222010 -8.44208 -0.680659 
1397140874.810245909 -7.66917 -0.90002 
1397140874.845027433 -7.56378 -0.960952 
1397140874.880974006 -7.22097 -0.87943 
1397140874.916102599 -6.1169 -1.02359 
1397140874.950979474 -6.02675 -1.05558 
1397140874.986984261 -5.74595 -1.13623 
1397140875.021775053 -5.2227 -0.560815 
1397140875.056846196 -5.0244 -0.416665 
1397140875.092859327 -4.82245 -0.735248 
1397140875.127712849 -4.51247 -0.884452 
1397140875.163730792 -3.92471 -1.0354 
1397140875.198712244 -3.07757 -1.15428 
1397140875.233556304 -3.24085 -1.0354 
1397140875.269593114 -2.88206 -1.0354 
1397140875.304578606 -2.76623 -1.15428 
1397140875.339346625 -2.15535 -0.79371 
1397140875.375459661 -1.41749 -0.946423 
1397140875.410475070 -1.5393 -1.10094 
1397140875.445325816 -1.28977 -1.61792 
1397140875.481349892 -1.03481 -1.16839 
1397140875.516345952 -0.651335 -1.29263 
1397140875.551310065 0.0765707 -1.45275 
1397140875.587097240 -0.0241513 -1.45275 
1397140875.622168230 0.110907 -1.81741 
1397140875.657000062 0.619761 -1.32849 
1397140875.693024373 0.874541 -1.45275 
1397140875.727973327 0.849101 -1.29263 
1397140875.762898673 1.24247 -1.20285 
1397140875.798887115 1.6072 -0.853838 
1397140875.833974159 2.07603 -1.01018 
1397140875.868830036 2.47528 -1.01018 
1397140875.904748903 2.43278 -1.22246 
1397140875.939791915 3.0869 -0.699331 
1397140875.974706030 3.34129 -0.699331 
1397140876.010591923 3.79521 -0.699331 
1397140876.045608288 3.7388 -0.699331 
1397140876.080589551 3.93181 -1.27187 
1397140876.116574227 4.6832 -0.79371 
1397140876.151551499 5.27995 -0.79371 
1397140876.186401799 5.22572 -0.764275 
1397140876.222403294 6.0573 -0.706622 
1397140876.257190651 6.55946 -0.587759 
1397140876.293293771 6.89502 -0.587759 
1397140876.328304008 7.56436 -0.587759 
1397140876.363285305 7.89839 -0.706622 
1397140876.399212652 8.3849 -0.706622 
1397140876.434142733 8.60954 -0.824199 
1397140876.468963926 9.22463 -0.794696 
1397140876.505115541 9.66428 -0.909758 
1397140876.540048219 10.1295 -0.909758 
1397140876.574846849 10.3322 -0.623069 
1397140876.610946874 10.98 -0.342795 
1397140876.645891131 11.425 -0.482144 
1397140876.680833214 11.8197 -0.342795 
1397140876.716803223 12.1257 -0.930276 
1397140876.751868044 13.0351 -0.456618 
1397140876.786731674 13.6889 -0.456618 
1397140876.822617576 13.9152 -0.820016 
1397140876.857616158 14.5161 -0.680659 
1397140876.892522384 14.9559 -0.790915 
1397140876.928305227 15.447 -0.790915 
1397140876.963429569 15.4994 -0.790915 
1397140876.998473177 15.6034 -1.00799 
1397140877.034359180 15.7572 -0.790915 
1397140877.069335456 16.3193 -0.790915 
1397140877.104225856 16.4344 -0.790915 
1397140877.140178914 16.6178 -0.90002 
1397140877.175108698 16.951 -1.22061 
1397140877.211090321 17.2869 -0.90002 
1397140877.246102553 17.335 -0.90002 
1397140877.281060060 17.7206 -0.90002 
1397140877.316909782 17.7678 -1.03939 
1397140877.351954562 17.7678 -1.22061 
