1396541457.973623107 127
1396541457.997610241 127
1396541458.023505092 127
1396541458.047529301 128
1396541458.073484102 127
1396541458.097470551 127
1396541458.123457844 128
1396541458.148517872 127
1396541458.172551482 128
1396541458.198505673 127
1396541458.222342497 127
1396541458.248332447 127
1396541458.272332014 127
1396541458.297331816 132
1396541458.323329474 146
1396541458.347213250 142
1396541458.373207460 128
1396541458.397214771 125
1396541458.423196924 126
1396541458.448207479 127
1396541458.473266695 126
1396541458.499034602 127
1396541458.523088894 126
1396541458.549082809 126
1396541458.572960155 128
1396541458.597964968 126
1396541458.622910013 127
1396541458.647833186 127
1396541458.673833044 127
1396541458.697845888 129
1396541458.722887022 127
1396541458.747813350 127
1396541458.772712535 127
1396541458.797769720 127
1396541458.822759523 128
1396541458.848849180 127
1396541458.873707751 128
1396541458.898528102 128
1396541458.923584560 131
1396541458.948563593 131
1396541458.973601912 142
1396541458.998566693 142
1396541459.023481301 128
1396541459.048445772 125
1396541459.073453074 125
1396541459.098334722 126
1396541459.123296265 126
1396541459.147344124 128
1396541459.173283343 126
1396541459.198327271 127
1396541459.223223551 127
1396541459.248188128 127
1396541459.273200337 127
1396541459.298201245 126
1396541459.322170304 127
1396541459.348202195 128
1396541459.372199883 127
1396541459.398090484 127
1396541459.423083635 127
1396541459.447024396 127
1396541459.472958685 128
1396541459.496970495 127
1396541459.522948584 127
1396541459.546956591 127
1396541459.572901568 127
1396541459.598833610 128
1396541459.622844519 142
1396541459.648832073 141
1396541459.672877285 127
1396541459.698710937 125
1396541459.723636306 126
1396541459.747698755 125
1396541459.773720623 126
1396541459.797701152 128
1396541459.823592675 126
1396541459.847509228 127
1396541459.872571989 126
1396541459.897570952 127
1396541459.922557889 128
1396541459.948464326 127
1396541459.972401578 127
1396541459.998452923 127
1396541460.023343040 127
1396541460.048319758 128
1396541460.074325991 127
1396541460.098290680 127
1396541460.124277752 128
1396541460.148205425 127
1396541460.173203566 127
1396541460.198216327 127
1396541460.223200151 128
1396541460.249155476 128
1396541460.273201522 142
1396541460.298108754 142
1396541460.323070112 124
1396541460.348072067 125
1396541460.373017806 128
1396541460.397968250 126
1396541460.423928173 126
1396541460.447964229 126
1396541460.472945842 126
1396541460.497826424 127
1396541460.522770241 127
1396541460.547824257 127
1396541460.572803546 128
1396541460.596769504 126
1396541460.622698279 127
1396541460.647628609 127
1396541460.672692384 127
1396541460.697705862 128
1396541460.722573628 127
1396541460.748581839 127
1396541460.773568941 127
1396541460.798520814 127
1396541460.823563072 128
1396541460.848530816 127
1396541460.873444811 132
1396541460.897514492 131
1396541460.923388728 146
1396541460.948314384 146
1396541460.973315789 129
1396541460.998319654 125
1396541461.022313955 132
1396541461.048265893 129
1396541461.072187495 130
1396541461.098193678 130
1396541461.122199862 130
1396541461.148183042 132
1396541461.174190933 131
1396541461.198192250 131
1396541461.224186531 131
1396541461.248013285 131
1396541461.274064281 132
1396541461.298013676 131
1396541461.322878476 131
1396541461.348944353 132
1396541461.372937332 131
1396541461.398962362 128
1396541461.422827049 127
1396541461.447769921 131
1396541461.472816979 132
1396541461.497820809 132
1396541461.523842171 131
1396541461.547691729 147
1396541461.573674388 146
1396541461.597603875 132
1396541461.622652384 128
1396541461.647622738 130
1396541461.672638300 130
1396541461.698465586 130
1396541461.722469664 131
1396541461.747517904 130
1396541461.772521819 131
1396541461.797383924 132
1396541461.822381170 131
1396541461.847361659 131
1396541461.873383789 130
1396541461.898262512 131
1396541461.923261982 132
1396541461.948341549 131
1396541461.973332821 131
1396541461.998350150 131
1396541462.023208811 131
1396541462.048112229 132
1396541462.073135593 131
1396541462.098242748 131
1396541462.123099505 132
1396541462.148166918 131
1396541462.172006874 136
1396541462.198061111 150
1396541462.223040992 146
1396541462.247873319 132
1396541462.272917067 129
1396541462.297870123 129
1396541462.324005654 130
1396541462.347804567 134
1396541462.373793632 133
1396541462.398756475 130
1396541462.423765675 131
1396541462.448804670 131
1396541462.472680076 135
1396541462.498683057 136
1396541462.522619128 135
1396541462.548634271 135
1396541462.573660570 136
1396541462.597548826 135
1396541462.623710367 135
1396541462.647614317 135
1396541462.673499664 135
1396541462.697481577 136
1396541462.723437627 135
1396541462.748431515 136
1396541462.772419005 135
1396541462.798413790 135
1396541462.822321242 136
1396541462.848293266 151
1396541462.872305303 150
1396541462.897304943 133
1396541462.923163857 133
1396541462.947100262 134
1396541462.973177956 134
1396541462.997283660 134
1396541463.023205838 136
1396541463.048174959 134
1396541463.072989458 135
1396541463.099017015 135
1396541463.122938927 135
1396541463.148914366 140
1396541463.172928903 139
1396541463.197934131 139
1396541463.222861251 140
1396541463.247825181 140
1396541463.273861102 141
1396541463.297806817 139
1396541463.322784543 140
1396541463.347750516 140
1396541463.372655517 140
1396541463.397676773 140
1396541463.422658387 140
1396541463.448675244 139
1396541463.473608590 141
1396541463.498486128 155
1396541463.523575472 155
1396541463.548555994 136
1396541463.573557659 137
1396541463.598415438 141
1396541463.623398413 138
1396541463.648489147 138
1396541463.673318246 138
1396541463.698302347 139
1396541463.723313544 140
1396541463.747249391 139
1396541463.773303639 140
1396541463.798192222 141
1396541463.823170730 139
1396541463.848182042 144
1396541463.873176311 143
1396541463.898124977 143
1396541463.922163015 145
1396541463.948172055 144
1396541463.973050691 144
1396541463.998073579 144
1396541464.022983355 144
1396541464.046908661 145
1396541464.072923186 144
1396541464.096924935 144
1396541464.122933303 144
1396541464.147753760 159
1396541464.172801817 158
1396541464.198796083 142
1396541464.222798277 142
1396541464.248784289 144
1396541464.272649126 142
1396541464.298642582 142
1396541464.323734449 144
1396541464.347731201 143
1396541464.373559706 145
1396541464.397533937 143
1396541464.423499927 143
1396541464.447549515 143
1396541464.472495741 147
1396541464.498531905 149
1396541464.522390842 148
1396541464.548366258 148
1396541464.572401967 149
1396541464.598280740 148
1396541464.624290461 148
1396541464.648279505 148
1396541464.674296453 148
1396541464.698244867 149
1396541464.724196845 148
1396541464.748154697 148
1396541464.773092597 163
1396541464.798173027 163
1396541464.823101122 149
1396541464.849042226 146
1396541464.872995142 145
1396541464.898042661 146
1396541464.922870306 146
1396541464.947872211 147
1396541464.973885292 147
1396541464.997979359 147
1396541465.023760688 148
1396541465.047841498 148
1396541465.072776628 148
1396541465.097730672 148
1396541465.122792061 147
1396541465.148659829 149
1396541465.172802115 147
1396541465.197652443 148
1396541465.222612433 148
1396541465.247645906 148
1396541465.272593413 148
1396541465.297651365 147
1396541465.323559611 148
1396541465.348466125 148
1396541465.373424984 148
1396541465.398479589 148
1396541465.423430299 163
1396541465.448411602 162
1396541465.473304235 149
1396541465.497284474 145
1396541465.523343417 146
1396541465.548343724 147
1396541465.573288394 147
1396541465.598145021 148
1396541465.622107225 147
1396541465.648222925 147
1396541465.673762135 147
1396541465.698269267 147
1396541465.723085231 149
1396541465.747988400 147
1396541465.774047602 148
1396541465.797922507 149
1396541465.823921363 148
1396541465.848917405 148
1396541465.873898173 148
1396541465.898784913 148
1396541465.922786014 149
1396541465.948793505 148
1396541465.972792070 148
1396541465.998795867 148
1396541466.023572432 148
1396541466.047658757 149
1396541466.073696887 163
1396541466.097634876 163
1396541466.123725389 148
1396541466.148118781 145
1396541466.173538819 146
1396541466.198545105 146
1396541466.222437650 147
1396541466.248420986 148
1396541466.272346998 147
1396541466.298396307 143
1396541466.322401132 143
1396541466.347306013 143
1396541466.373283376 145
1396541466.397219744 144
1396541466.423283734 144
1396541466.447287100 144
1396541466.473161184 143
1396541466.498170707 144
1396541466.523210032 144
1396541466.549098381 144
1396541466.573157395 144
1396541466.599189362 144
1396541466.623033678 144
1396541466.647998825 144
1396541466.672971432 144
1396541466.697852205 145
1396541466.723916600 159
1396541466.747911557 158
1396541466.772920283 142
1396541466.797791624 141
1396541466.822786753 141
1396541466.847768934 138
1396541466.872808124 138
1396541466.898644948 139
1396541466.923632672 143
1396541466.948596282 140
1396541466.973732140 139
1396541466.998603409 140
1396541467.023519816 141
1396541467.048544498 139
1396541467.073539473 140
1396541467.098537164 140
1396541467.123405937 140
1396541467.148405778 141
1396541467.173523968 140
1396541467.197365968 135
1396541467.223368534 135
1396541467.248284955 140
1396541467.273282075 141
1396541467.298264517 140
1396541467.323279342 135
1396541467.348103903 136
1396541467.372156138 150
1396541467.398179719 150
1396541467.423153251 133
1396541467.448169299 133
1396541467.473107984 136
1396541467.497054017 134
1396541467.523023582 134
1396541467.547022138 135
1396541467.572916472 134
1396541467.597913843 136
1396541467.622858290 135
1396541467.648898396 135
1396541467.672785159 135
1396541467.698779019 131
1396541467.722786114 132
1396541467.748750511 131
1396541467.773801098 131
1396541467.797663129 131
1396541467.823667523 131
1396541467.847662581 131
1396541467.873673264 131
1396541467.897475205 132
1396541467.922534054 132
1396541467.948510604 131
1396541467.972522971 132
1396541467.998659549 147
1396541468.022353577 147
1396541468.048412427 128
1396541468.073379808 125
1396541468.098363513 125
1396541468.124278965 127
1396541468.148257421 126
1396541468.174222142 127
1396541468.198278952 126
1396541468.223270850 127
1396541468.248221619 128
1396541468.273164221 127
1396541468.299100752 127
1396541468.323136967 127
1396541468.348095981 127
1396541468.373127297 128
1396541468.398101317 126
1396541468.423028386 127
1396541468.448014651 127
1396541468.473893610 123
1396541468.497864989 124
1396541468.522920742 123
1396541468.548121268 123
1396541468.572706929 123
1396541468.597766437 123
1396541468.622774205 124
1396541468.647813941 138
1396541468.672778026 138
1396541468.697599421 124
1396541468.722637861 120
1396541468.747547743 121
1396541468.772664493 121
1396541468.798488403 122
1396541468.823535873 120
1396541468.848489822 118
1396541468.873522174 118
1396541468.898490599 119
1396541468.923392006 119
1396541468.947399773 119
1396541468.973378785 118
1396541468.998398325 118
1396541469.023276394 119
1396541469.048279467 119
1396541469.072269454 119
1396541469.098527129 120
1396541469.122276709 119
1396541469.148195769 120
1396541469.173201136 119
1396541469.198203133 119
1396541469.224142705 119
1396541469.248089307 115
1396541469.274161606 120
1396541469.298028271 134
1396541469.324011477 134
1396541469.349003500 119
1396541469.372838852 113
1396541469.398895238 113
1396541469.422897743 113
1396541469.448894728 113
1396541469.472766416 115
1396541469.497721969 114
1396541469.523768106 114
1396541469.547644440 114
1396541469.573643757 114
1396541469.597633337 115
1396541469.623564885 114
1396541469.647585637 115
1396541469.672489926 114
1396541469.698497262 114
1396541469.722516264 115
1396541469.748408994 114
1396541469.772321444 111
1396541469.797367901 111
1396541469.823396069 115
1396541469.847389994 111
1396541469.873280162 111
1396541469.897210299 111
1396541469.923262220 111
1396541469.948258839 126
1396541469.973270071 125
1396541469.999130137 109
1396541470.023142739 109
1396541470.049088312 112
1396541470.073138001 109
1396541470.098598953 110
1396541470.123165076 110
1396541470.147958688 110
1396541470.173951389 110
1396541470.198018006 110
1396541470.222866359 110
1396541470.247915411 111
1396541470.272917176 110
1396541470.297850178 111
1396541470.322745304 110
1396541470.348767223 111
1396541470.373767410 111
1396541470.398760976 110
1396541470.423657462 111
1396541470.448573427 111
1396541470.473636984 111
1396541470.498657477 112
1396541470.523619507 111
1396541470.548634000 108
1396541470.573468049 108
1396541470.598606060 123
1396541470.623506687 122
1396541470.647395438 110
1396541470.673387864 105
1396541470.698441367 108
1396541470.723301146 106
1396541470.748435036 107
1396541470.773258627 107
1396541470.798275883 107
1396541470.822244911 108
1396541470.848231920 107
1396541470.873156696 108
1396541470.898149827 107
1396541470.923138583 107
1396541470.947107281 109
1396541470.973069483 108
1396541470.997141951 108
1396541471.023137085 108
1396541471.047986906 104
1396541471.073013367 108
1396541471.099012268 108
1396541471.122819927 104
1396541471.148849030 109
1396541471.172881678 108
1396541471.198885922 108
1396541471.223762714 123
1396541471.247717226 119
1396541471.273740797 104
1396541471.297763657 101
1396541471.323755167 101
1396541471.347641775 102
1396541471.372583832 106
1396541471.398587280 103
1396541471.422630412 102
1396541471.448512223 103
1396541471.472472136 104
1396541471.498555694 103
1396541471.523443554 103
1396541471.548308629 103
1396541471.574318332 103
1396541471.598316367 104
1396541471.624308893 103
1396541471.648291618 104
1396541471.673181602 103
1396541471.698261217 103
1396541471.723200300 104
1396541471.749135096 103
1396541471.774074600 104
1396541471.798106992 104
1396541471.823065050 104
1396541471.848109861 104
1396541471.873064242 118
1396541471.898131509 118
1396541471.923946434 104
1396541471.948008191 101
1396541471.972853246 102
1396541471.997914862 102
1396541472.022877334 102
1396541472.047829662 104
1396541472.072755840 103
1396541472.096913025 98
1396541472.121735605 98
1396541472.146764547 98
1396541472.172569905 104
1396541472.197631901 103
1396541472.221633228 99
1396541472.248649792 100
1396541472.272489978 99
1396541472.298611904 104
1396541472.323471067 103
1396541472.348499967 103
1396541472.373384732 104
1396541472.398441918 103
1396541472.423471021 104
1396541472.448317405 104
1396541472.472196234 99
1396541472.498252158 100
1396541472.522275876 114
1396541472.548269771 114
1396541472.573170705 106
1396541472.597139205 97
1396541472.622105109 98
1396541472.647121182 97
1396541472.673079682 98
1396541472.698125437 104
1396541472.723928837 103
1396541472.747000268 99
1396541472.772983864 98
1396541472.798890757 103
1396541472.822853762 100
1396541472.847830560 99
1396541472.872875830 103
1396541472.898876590 103
1396541472.921732049 99
1396541472.947751853 100
1396541472.972731137 99
1396541472.997694937 103
1396541473.023722919 104
1396541473.046633387 99
1396541473.073631293 100
1396541473.096602760 99
1396541473.121424475 99
1396541473.148494317 100
1396541473.172476916 114
1396541473.198497937 114
1396541473.222478637 113
1396541473.246301556 96
1396541473.273350037 104
1396541473.297376044 101
1396541473.323395642 102
1396541473.347247064 102
1396541473.373235281 102
1396541473.397200859 99
1396541473.422248497 99
1396541473.448237750 99
1396541473.473130819 100
1396541473.498135612 99
1396541473.522066693 99
1396541473.547111758 99
1396541473.572188834 99
1396541473.598121626 100
1396541473.622976658 99
1396541473.646924486 99
1396541473.672014364 99
1396541473.696868204 99
1396541473.722856090 100
1396541473.746892907 99
1396541473.771849510 99
1396541473.797691162 99
1396541473.823766370 113
1396541473.848735195 115
1396541473.873750310 102
1396541473.897654126 97
1396541473.923554672 100
1396541473.947599054 98
1396541473.972632617 98
1396541473.997511157 98
1396541474.023498783 103
1396541474.048470335 100
1396541474.072414492 99
1396541474.096324618 99
1396541474.122361546 99
1396541474.147385089 98
1396541474.173344241 104
1396541474.198311075 103
1396541474.223222478 103
1396541474.248218320 104
1396541474.271245563 99
1396541474.297122045 99
1396541474.322069620 99
1396541474.347068427 99
1396541474.373089539 104
1396541474.397094865 104
1396541474.422118008 99
1396541474.447093339 116
1396541474.473026239 113
1396541474.497993934 100
1396541474.522013071 96
1396541474.547858504 96
1396541474.571861569 98
1396541474.597798267 97
1396541474.621861317 99
1396541474.647726145 98
1396541474.672720027 98
1396541474.696666829 99
1396541474.722739784 98
1396541474.746599179 99
1396541474.772624425 99
1396541474.796543918 99
1396541474.822636435 100
1396541474.847539606 99
1396541474.872439942 104
1396541474.898492376 103
1396541474.922489553 104
1396541474.948464520 100
1396541474.972368676 99
1396541474.997311462 99
1396541475.024302395 100
1396541475.047362491 99
1396541475.074255600 100
1396541475.098219642 117
1396541475.123216972 118
1396541475.148204786 104
1396541475.173236730 100
1396541475.199108448 102
1396541475.223067314 102
1396541475.247072774 97
1396541475.273041809 104
1396541475.298071828 102
1396541475.322115280 98
1396541475.347142238 98
1396541475.372988011 99
1396541475.398025294 104
1396541475.422916019 103
1396541475.446852636 99
1396541475.471861899 99
1396541475.497859102 104
1396541475.522880360 104
1396541475.547681206 103
1396541475.571707483 99
1396541475.597717064 104
1396541475.622752461 104
1396541475.647566536 103
1396541475.672536681 103
1396541475.698591612 104
1396541475.723610983 105
1396541475.748493222 119
1396541475.773494236 118
1396541475.798426398 104
1396541475.823482997 101
1396541475.847507176 101
1396541475.873359325 102
1396541475.898431266 102
1396541475.923341779 104
1396541475.948271595 103
1396541475.972359453 102
1396541475.998300012 102
1396541476.023232731 103
1396541476.048229545 104
1396541476.073164178 103
1396541476.098105671 103
1396541476.124099045 103
1396541476.148107318 103
1396541476.173953814 104
1396541476.198109836 103
1396541476.224066325 103
1396541476.248975256 104
1396541476.272975731 104
1396541476.298871599 104
1396541476.322853738 104
1396541476.348784223 103
1396541476.373854298 104
1396541476.397858788 118
1396541476.423858972 119
1396541476.447723629 117
1396541476.473740380 101
1396541476.499137773 104
1396541476.523721435 102
1396541476.547728741 102
1396541476.572605783 102
1396541476.598602916 102
1396541476.622592395 105
1396541476.648607187 103
1396541476.672476796 108
1396541476.697518488 108
1396541476.722473902 103
1396541476.747443443 108
1396541476.773479594 107
1396541476.797358724 104
1396541476.823366652 104
1396541476.848353724 103
1396541476.873297431 103
1396541476.898354884 103
1396541476.923223753 108
1396541476.949234616 108
1396541476.973224853 108
1396541476.998179284 107
1396541477.023190127 107
1396541477.048095017 118
1396541477.073111336 118
1396541477.098102968 113
1396541477.123104553 106
1396541477.148001457 108
1396541477.172951784 106
1396541477.197927952 106
1396541477.222974794 107
1396541477.247846480 107
1396541477.273781845 109
1396541477.298835034 107
1396541477.323845754 107
1396541477.348715455 107
1396541477.373893896 107
1396541477.398655431 108
1396541477.422777077 107
1396541477.448714343 107
1396541477.473658643 108
1396541477.498607138 108
1396541477.523599612 111
1396541477.547556534 110
1396541477.573466673 108
1396541477.597489609 109
1396541477.623475205 107
1396541477.648502443 111
1396541477.673400797 126
1396541477.698382560 126
1396541477.722355663 112
1396541477.748322976 124
1396541477.772338450 106
1396541477.798160698 106
1396541477.823235688 109
1396541477.847223905 112
1396541477.873181673 110
1396541477.897219817 110
1396541477.923026395 111
1396541477.947109195 110
1396541477.973094300 110
1396541477.999094995 110
1396541478.023105593 110
1396541478.049145718 112
1396541478.074420492 111
1396541478.099278918 110
1396541478.123862911 111
1396541478.147838980 111
1396541478.173841625 111
1396541478.197896452 111
1396541478.223838982 111
1396541478.247766326 110
1396541478.272690338 115
1396541478.298880565 115
1396541478.322654942 129
1396541478.348578874 125
1396541478.372558701 116
1396541478.398537212 119
1396541478.423456439 113
1396541478.448379519 113
1396541478.474534484 113
1396541478.498523606 116
1396541478.524531323 114
1396541478.548448158 114
1396541478.573353438 114
1396541478.598286977 114
1396541478.623339601 115
1396541478.649354152 114
1396541478.673164236 115
1396541478.698223331 115
1396541478.723168071 114
1396541478.748212233 115
1396541478.773095791 114
1396541478.798087519 114
1396541478.824086595 120
1396541478.848088347 119
1396541478.873087246 115
1396541478.898071302 115
1396541478.922917850 119
1396541478.947939486 120
1396541478.973134085 133
1396541478.997964918 134
1396541479.022859488 122
1396541479.047840241 115
1396541479.072822061 118
1396541479.097834050 117
1396541479.122659553 117
1396541479.148772249 119
1396541479.173681078 118
1396541479.198714466 119
1396541479.223550716 118
1396541479.248526164 118
1396541479.273656904 123
1396541479.297703955 123
1396541479.324681795 119
1396541479.348518249 118
1396541479.373465320 123
1396541479.398475508 124
1396541479.422398599 123
1396541479.448515292 123
1396541479.472392303 123
1396541479.498373619 123
1396541479.523288945 123
1396541479.548293254 123
1396541479.574293188 123
1396541479.598244817 124
1396541479.624227717 138
1396541479.648037597 138
1396541479.674094678 128
1396541479.699087694 121
1396541479.723080005 124
1396541479.749138051 121
1396541479.773046890 126
1396541479.798954236 126
1396541479.822953689 122
1396541479.847950042 124
1396541479.873832048 122
1396541479.897847122 127
1396541479.923773275 128
1396541479.947832981 127
1396541479.973703948 128
1396541479.997728643 127
1396541480.022712929 127
1396541480.048635889 128
1396541480.072729905 127
1396541480.098577392 127
1396541480.122517275 127
1396541480.147515027 127
1396541480.172510356 132
1396541480.197455159 131
1396541480.223455613 132
1396541480.247448781 146
1396541480.273450815 146
1396541480.298275559 147
1396541480.323325489 145
1396541480.348312551 128
1396541480.373334300 132
1396541480.399215541 130
1396541480.423170507 130
1396541480.448161077 130
1396541480.473179461 130
1396541480.498204638 132
1396541480.523077647 131
1396541480.548057743 135
1396541480.573007100 135
1396541480.598072710 135
1396541480.623036349 137
1396541480.648039572 136
1396541480.672956540 135
1396541480.697902538 136
1396541480.723940675 135
1396541480.748831483 136
1396541480.773834571 136
1396541480.798791801 135
1396541480.823819766 136
1396541480.848763220 135
1396541480.872847980 140
1396541480.898697196 154
1396541480.923699743 154
1396541480.948700577 140
1396541480.973521335 137
1396541480.997593324 137
1396541481.023550646 138
1396541481.047563979 138
1396541481.073481215 139
1396541481.098452628 139
1396541481.123412603 139
1396541481.148382136 140
1396541481.172442897 139
1396541481.198281625 139
1396541481.222333741 140
1396541481.248271156 139
1396541481.273322151 141
1396541481.297202634 139
1396541481.323196694 144
1396541481.347179058 144
1396541481.373138562 143
1396541481.399076824 145
1396541481.423051285 144
1396541481.449125572 144
1396541481.473068430 144
1396541481.499054889 144
1396541481.523003414 144
1396541481.549094302 158
1396541481.573942123 159
1396541481.597947028 144
1396541481.623940797 140
1396541481.647750556 146
1396541481.673824491 146
1396541481.697800767 146
1396541481.722779831 148
1396541481.747697389 147
1396541481.772630266 147
1396541481.798603698 147
1396541481.822688128 147
1396541481.848691725 149
1396541481.873599356 148
1396541481.898573138 147
1396541481.924512567 149
1396541481.948564176 148
1396541481.974448799 148
1396541481.998451894 148
1396541482.023468357 152
1396541482.048406963 153
1396541482.073451046 152
1396541482.099312546 152
1396541482.123332364 152
1396541482.148247228 152
1396541482.173318800 153
1396541482.198125559 167
1396541482.223196276 167
1396541482.248122746 162
1396541482.274156856 149
1396541482.298071377 150
1396541482.323011917 150
1396541482.348002025 151
1396541482.373095275 152
1396541482.398039796 151
1396541482.423099983 152
1396541482.447024846 152
1396541482.472954105 155
1396541482.497947406 158
1396541482.522817543 156
1396541482.547833736 156
1396541482.572817815 155
1396541482.598643212 156
1396541482.623645115 157
1396541482.648709377 156
1396541482.673728968 156
1396541482.698718169 156
1396541482.723689846 156
1396541482.747562431 157
1396541482.773559925 156
1396541482.798576474 157
1396541482.823567480 157
1396541482.848566673 171
1396541482.872371119 175
1396541482.898430879 165
1396541482.922445561 164
1396541482.948321654 161
1396541482.973311487 158
1396541482.998323901 159
1396541483.024259521 159
1396541483.048318041 159
1396541483.074196103 160
1396541483.098175015 160
1396541483.124185576 160
1396541483.149129774 161
1396541483.173188468 160
1396541483.199062848 164
1396541483.223063237 164
1396541483.249062399 164
1396541483.272979844 165
1396541483.298066423 164
1396541483.323064666 164
1396541483.347888167 164
1396541483.373941352 164
1396541483.397915486 165
1396541483.423753970 165
1396541483.447790691 165
1396541483.472805055 175
1396541483.498834666 185
1396541483.522813332 184
1396541483.548684492 182
1396541483.572682637 166
1396541483.597673809 169
1396541483.622559000 167
1396541483.647538640 168
1396541483.673565144 167
1396541483.697506273 168
1396541483.723554227 169
1396541483.748502897 168
1396541483.773441429 168
1396541483.798431076 168
1396541483.823375717 172
1396541483.849431222 174
1396541483.873297893 173
1396541483.898259919 173
1396541483.923307363 173
1396541483.948142830 172
1396541483.973170008 173
1396541483.998190983 172
1396541484.023182224 173
1396541484.048182802 178
1396541484.073180984 177
1396541484.098664856 178
1396541484.123025349 192
1396541484.148056726 193
1396541484.174061601 179
1396541484.199065517 191
1396541484.223990329 174
1396541484.248916701 176
1396541484.273931732 179
1396541484.298952185 181
1396541484.322808167 180
1396541484.348809554 180
1396541484.373754539 182
1396541484.398805938 181
1396541484.423695063 181
1396541484.447679172 181
1396541484.473653056 186
1396541484.497629664 186
1396541484.523630564 186
1396541484.548505239 186
1396541484.573525622 186
1396541484.598734868 185
1396541484.622535756 191
1396541484.648485063 190
1396541484.672563280 189
1396541484.698429962 189
1396541484.723452740 189
1396541484.747407291 191
1396541484.773251696 205
1396541484.797299427 204
1396541484.823330437 194
1396541484.847322423 207
1396541484.873306877 192
1396541484.899188377 192
1396541484.923105264 192
1396541484.949165888 194
1396541484.973361481 193
1396541484.999052103 197
1396541485.023030032 197
1396541485.048003173 197
1396541485.074087806 199
1396541485.098061783 197
1396541485.124101251 201
1396541485.149787594 202
1396541485.172911696 202
1396541485.197893786 202
1396541485.222945541 202
1396541485.248857184 202
1396541485.272820380 207
1396541485.298794916 206
1396541485.323727409 207
1396541485.348668862 207
1396541485.373678150 206
1396541485.398651742 212
1396541485.424686890 225
1396541485.448527839 225
1396541485.473479922 224
1396541485.498547930 214
1396541485.523551150 213
1396541485.548491075 212
1396541485.573354213 212
1396541485.598359766 215
1396541485.623398008 213
1396541485.648444490 218
1396541485.673226549 217
1396541485.698298738 218
1396541485.723230096 219
1396541485.748395924 218
1396541485.773117763 219
1396541485.798185901 218
1396541485.823115130 222
1396541485.848151261 224
1396541485.873170205 222
1396541485.897061872 227
1396541485.923046973 227
1396541485.948065571 227
1396541485.973056492 231
1396541485.997993131 231
1396541486.023062378 231
1396541486.048894702 236
1396541486.072908437 250
1396541486.098807818 250
1396541486.123736648 248
1396541486.148753562 233
1396541486.173701600 240
1396541486.197690188 238
1396541486.223732609 238
1396541486.247668863 238
1396541486.273599465 242
1396541486.298488539 244
1396541486.322553420 242
1396541486.348525284 246
1396541486.372542087 247
1396541486.398420796 246
1396541486.422431099 251
1396541486.448412328 251
1396541486.474387622 251
1396541486.498301566 256
1396541486.524247713 255
1396541486.548238319 255
1396541486.574272301 255
1396541486.599179978 259
1396541486.623165995 260
1396541486.649162556 259
1396541486.673112604 259
1396541486.699171258 259
1396541486.723044960 278
1396541486.748016703 282
1396541486.774066911 280
1396541486.798096026 264
1396541486.823969529 272
1396541486.848039921 269
1396541486.873940384 269
1396541486.897929443 270
1396541486.922915337 274
1396541486.948734934 276
1396541486.972793038 274
1396541486.998781966 278
1396541487.022790550 278
1396541487.047642525 279
1396541487.072569347 284
1396541487.097696642 282
1396541487.123727038 283
1396541487.147549484 283
1396541487.173541374 287
1396541487.198552898 291
1396541487.223609012 291
1396541487.248534478 291
1396541487.273426243 296
1396541487.299415514 295
1396541487.323420098 295
1396541487.348342173 312
1396541487.373368805 314
1396541487.398310548 304
1396541487.423268835 317
1396541487.448285905 304
1396541487.473179360 305
1396541487.498092805 306
1396541487.523116952 313
1396541487.548166334 310
1396541487.573160903 310
1396541487.598039630 312
1396541487.623966352 315
1396541487.649034809 320
1396541487.673953406 320
1396541487.699016405 319
1396541487.724031400 325
1396541487.748907040 323
1396541487.772897231 328
1396541487.798863409 327
1396541487.823780195 328
1396541487.848774183 333
1396541487.873700749 332
1396541487.897732522 336
1396541487.923639071 336
1396541487.947651433 336
1396541487.973644025 341
1396541487.998681998 340
1396541488.023478733 358
1396541488.048543076 349
1396541488.072528145 361
1396541488.098527051 361
1396541488.122528949 345
1396541488.148423454 350
1396541488.173380128 357
1396541488.197408611 354
1396541488.223402080 355
1396541488.247297010 355
1396541488.273287442 359
1396541488.297240130 365
1396541488.323280224 363
1396541488.349114852 367
1396541488.373133469 368
1396541488.399149714 369
1396541488.423105847 370
1396541488.449005335 369
1396541488.473069093 374
1396541488.498028021 379
1396541488.523977004 377
1396541488.548027097 382
1396541488.573978800 381
1396541488.598029966 385
1396541488.622900765 391
1396541488.647881115 390
1396541488.672775978 389
1396541488.698731619 405
1396541488.722767377 408
1396541488.748816352 412
1396541488.773781975 394
1396541488.798657233 398
1396541488.823640768 402
1396541488.848602073 399
1396541488.874631888 403
1396541488.898522805 404
1396541488.923525150 408
1396541488.948543313 414
1396541488.973494316 412
1396541488.998402171 416
1396541489.023395813 416
1396541489.048343610 420
1396541489.073368202 421
1396541489.098229127 420
1396541489.123206514 424
1396541489.148249488 424
1396541489.173258124 428
1396541489.198210327 434
1396541489.223148277 433
1396541489.248106563 437
1396541489.273128660 437
1396541489.298095669 441
1396541489.323050271 445
1396541489.347004104 444
1396541489.373040866 456
1396541489.397998387 449
1396541489.423023996 462
1396541489.448231619 465
1396541489.472912691 449
1396541489.498836499 453
1396541489.523843734 461
1396541489.548767864 458
1396541489.573758715 458
1396541489.598733365 461
1396541489.623767797 463
1396541489.647584568 467
1396541489.673598414 467
1396541489.698629153 471
1396541489.723623171 476
1396541489.748529404 475
1396541489.772518467 475
1396541489.798489801 475
1396541489.822545894 479
1396541489.848451859 484
1396541489.873463411 483
1396541489.898434682 486
1396541489.924343500 486
1396541489.948282780 487
1396541489.974234009 491
1396541489.998272074 491
1396541490.024272969 494
1396541490.049199599 495
1396541490.073107359 512
1396541490.099159486 512
1396541490.123202047 493
1396541490.149014991 498
1396541490.173002035 506
1396541490.198021972 503
1396541490.224021916 502
1396541490.248021975 504
1396541490.273915257 508
1396541490.298019712 510
1396541490.323841409 508
1396541490.347893008 512
1396541490.372881924 512
1396541490.398749122 512
1396541490.422790805 517
1396541490.448716962 516
1396541490.472672093 520
1396541490.497628050 521
1396541490.522645947 520
1396541490.547641268 524
1396541490.573793567 524
1396541490.599170212 523
1396541490.623557439 529
1396541490.648492724 527
1396541490.673565480 528
1396541490.698484573 527
1396541490.723447655 531
1396541490.749391381 547
1396541490.773390533 545
1396541490.798391537 545
1396541490.823267954 532
1396541490.848215547 528
1396541490.873264788 533
1396541490.898275680 533
1396541490.923243022 533
1396541490.948135840 536
1396541490.973083682 534
1396541490.998145941 534
1396541491.023145887 534
1396541491.048012350 538
1396541491.074031307 540
1396541491.099015854 538
1396541491.124007020 538
1396541491.149011515 538
1396541491.174019130 538
1396541491.199015538 539
1396541491.222857820 539
1396541491.248835513 542
1396541491.273765445 543
1396541491.298751184 543
1396541491.323760722 543
1396541491.347772583 543
1396541491.373695388 543
1396541491.397635615 544
1396541491.423633343 558
1396541491.448633745 557
1396541491.473651262 555
1396541491.498609625 542
1396541491.522556694 543
1396541491.548483361 539
1396541491.572511865 540
1396541491.598549082 543
1396541491.623402922 541
1396541491.647371670 542
1396541491.673403475 541
1396541491.697381563 541
1396541491.723380215 543
1396541491.747262788 538
1396541491.773204908 538
1396541491.799255334 538
1396541491.823242738 539
1396541491.849262697 540
1396541491.873128728 538
1396541491.899133503 539
1396541491.923073962 539
1396541491.948139562 535
1396541491.974023341 536
1396541491.998022383 535
1396541492.024068336 535
1396541492.048058653 535
1396541492.073059086 531
1396541492.098010466 532
1396541492.122876750 545
1396541492.148884210 542
1396541492.172828155 529
1396541492.198756549 524
1396541492.223754130 524
1396541492.248752737 526
1396541492.273756347 521
1396541492.298724455 525
1396541492.324632813 523
1396541492.348637978 522
1396541492.373628382 523
1396541492.398529549 519
1396541492.423459308 517
1396541492.448504245 516
1396541492.473499275 516
1396541492.498503446 517
1396541492.523547262 512
1396541492.548367239 513
1396541492.573327352 512
1396541492.598381540 509
1396541492.623327455 506
1396541492.648375864 505
1396541492.673201796 505
1396541492.698194627 506
1396541492.723252058 502
1396541492.748235867 499
1396541492.773075564 506
1396541492.797104174 515
1396541492.823080115 498
1396541492.848126720 507
1396541492.873021473 489
1396541492.898002261 487
1396541492.923007834 487
1396541492.949058883 487
1396541492.973005582 485
1396541492.998925995 481
1396541493.023887657 482
1396541493.048890968 478
1396541493.073683638 476
1396541493.097689152 474
1396541493.123748795 475
1396541493.147754577 474
1396541493.173752076 471
1396541493.198646822 468
1396541493.222578895 467
1396541493.248649316 464
1396541493.272620495 464
1396541493.298623300 460
1396541493.322516171 460
1396541493.348501580 460
1396541493.374449296 456
1396541493.398393699 453
1396541493.424449111 452
1396541493.448373927 448
1396541493.474371941 464
1396541493.498327543 459
1396541493.523323562 445
1396541493.549240397 440
1396541493.573246495 438
1396541493.599239548 441
1396541493.623061266 434
1396541493.648151358 432
1396541493.673125355 432
1396541493.698124580 427
1396541493.724100189 426
1396541493.747993215 423
1396541493.773957901 423
1396541493.797998254 423
1396541493.822993950 420
1396541493.847992659 418
1396541493.872996224 416
1396541493.898823434 413
1396541493.922874354 412
1396541493.947753276 408
1396541493.972768086 406
1396541493.997701918 405
1396541494.023750853 401
1396541494.047744105 401
1396541494.073644088 401
1396541494.098645989 398
1396541494.123623133 397
1396541494.148633693 409
1396541494.173569089 391
1396541494.199512659 403
1396541494.223496681 399
1396541494.248498482 382
1396541494.273492615 383
1396541494.298321581 383
1396541494.323374805 380
1396541494.348384128 376
1396541494.372422078 376
1396541494.398375070 373
1396541494.423241243 371
1396541494.448172412 369
1396541494.473228621 369
1396541494.498227220 370
1396541494.524096021 367
1396541494.548136437 363
1396541494.574095798 363
1396541494.600961274 359
1396541494.624004198 357
1396541494.648950588 356
1396541494.673005582 356
1396541494.698998590 355
1396541494.723999753 352
1396541494.748925867 349
1396541494.773866935 348
1396541494.797868703 344
1396541494.823755440 344
1396541494.847661093 358
1396541494.873731598 354
1396541494.898741793 337
1396541494.923739840 333
1396541494.948618962 337
1396541494.972549307 334
1396541494.999903807 330
1396541495.022608014 331
1396541495.048507263 327
1396541495.073495608 329
1396541495.097422868 327
1396541495.123436805 323
1396541495.147386457 324
1396541495.173359780 320
1396541495.197350995 321
1396541495.223357309 320
1396541495.249301239 316
1396541495.273274072 316
1396541495.299245711 312
1396541495.323233733 312
1396541495.349195440 312
1396541495.373114386 308
1396541495.398050045 309
1396541495.424113919 308
1396541495.448060191 304
1396541495.474109312 318
1396541495.497988006 314
1396541495.522931976 299
1396541495.547971721 306
1396541495.572985042 292
1396541495.599002631 293
1396541495.623014653 288
1396541495.648876288 290
1396541495.673795343 289
1396541495.698877282 286
1396541495.723712545 288
1396541495.748758917 286
1396541495.774735763 283
1396541495.798668899 282
1396541495.823614748 279
1396541495.848607333 280
1396541495.873652181 279
1396541495.898606028 276
1396541495.923540619 275
1396541495.948480556 275
1396541495.973461234 272
1396541495.998390521 271
1396541496.023484229 267
1396541496.048339066 267
1396541496.073307280 267
1396541496.098356497 263
1396541496.123388722 278
1396541496.148303879 278
1396541496.173229308 264
1396541496.198171915 276
1396541496.223234373 256
1396541496.247305342 257
1396541496.273258734 253
1396541496.298053016 256
1396541496.323102870 254
1396541496.348044382 249
1396541496.373105012 250
1396541496.399027675 250
1396541496.422983078 248
1396541496.448938815 246
1396541496.473925140 246
1396541496.498993569 248
1396541496.523976721 246
1396541496.547858793 243
1396541496.573873280 243
1396541496.597820223 243
1396541496.623674534 239
1396541496.648734218 239
1396541496.672726449 240
1396541496.698736130 239
1396541496.722784724 235
1396541496.748539134 236
1396541496.772614371 251
1396541496.798587032 245
1396541496.824609933 231
1396541496.848506247 244
1396541496.874417165 228
1396541496.898505443 228
1396541496.924511430 225
1396541496.948483154 228
1396541496.973347759 225
1396541496.999340251 222
1396541497.023302064 222
1396541497.049357277 222
1396541497.073348962 223
1396541497.098222807 222
1396541497.123245134 218
1396541497.148203725 218
1396541497.174188416 218
1396541497.198099037 220
1396541497.224106632 218
1396541497.248100378 214
1396541497.273051644 214
1396541497.297933918 214
1396541497.322918871 215
1396541497.348952330 214
1396541497.372983584 211
1396541497.397976154 211
1396541497.422910351 210
1396541497.447973436 226
1396541497.472847712 224
1396541497.497856182 219
1396541497.523850373 207
1396541497.548671545 204
1396541497.573736317 204
1396541497.598725369 205
1396541497.623733031 201
1396541497.648733419 202
1396541497.673622168 201
1396541497.698560224 201
1396541497.723579615 203
1396541497.748594079 201
1396541497.773457409 197
1396541497.798470210 197
1396541497.822402044 198
1396541497.848346969 199
1396541497.873362049 198
1396541497.898350936 194
1396541497.923548062 193
1396541497.948206646 194
1396541497.974157119 194
1396541497.998229917 194
1396541498.024351626 190
1396541498.049226377 189
1396541498.074107039 205
1396541498.099039845 205
1396541498.123092471 203
1396541498.148992619 203
1396541498.172982860 190
1396541498.198972726 188
1396541498.223966413 184
1396541498.247904206 185
1396541498.273988226 185
1396541498.297958417 187
1396541498.323846501 185
1396541498.347841519 185
1396541498.373780354 186
1396541498.398701868 185
1396541498.422720925 182
1396541498.448740493 181
1396541498.472572796 181
1396541498.498608897 182
1396541498.523525304 182
1396541498.547597773 182
1396541498.573472297 181
1396541498.597466913 182
1396541498.623472785 178
1396541498.647414996 177
1396541498.673466178 178
1396541498.699350219 181
1396541498.723359819 182
1396541498.749320377 178
1396541498.773344101 191
1396541498.799149525 191
1396541498.823220424 176
1396541498.848216370 171
1396541498.874225204 172
1396541498.898112973 171
1396541498.924036436 171
1396541498.948093227 173
1396541498.973115599 172
1396541498.998091961 173
1396541499.022966012 172
1396541499.048918724 172
1396541499.074128761 169
1396541499.098914652 168
1396541499.124009032 169
1396541499.148979275 168
1396541499.173968092 169
1396541499.198763047 169
1396541499.224819530 168
1396541499.248836207 168
1396541499.273717850 169
1396541499.298718357 169
1396541499.323712084 169
1396541499.348830259 168
1396541499.373566908 181
1396541499.398674579 165
1396541499.423588815 179
1396541499.448458160 178
1396541499.473408844 162
1396541499.498469749 163
1396541499.523441657 165
1396541499.548453681 163
1396541499.573286318 163
1396541499.598268998 164
1396541499.623337401 164
1396541499.648340449 165
1396541499.673158333 164
1396541499.697190048 164
1396541499.723159796 165
1396541499.748161863 160
1396541499.773090644 160
1396541499.798064201 160
1396541499.823140877 161
1396541499.849090414 161
1396541499.872892502 160
1396541499.898961250 160
1396541499.923889277 160
1396541499.948937193 160
1396541499.973890454 161
1396541499.997897110 160
1396541500.023863117 168
1396541500.047824816 174
1396541500.073789640 170
1396541500.098716386 170
1396541500.122712194 154
1396541500.148638858 154
1396541500.172702956 156
1396541500.198597967 155
1396541500.222583649 155
1396541500.248561724 155
1396541500.274558265 155
1396541500.298581826 157
1396541500.324568249 156
1396541500.348461421 156
1396541500.374511722 156
1396541500.398436426 156
1396541500.423459329 153
1396541500.449333859 152
1396541500.473324872 151
1396541500.499310579 153
1396541500.523357403 152
1396541500.548261687 152
1396541500.573210904 152
1396541500.598182065 152
1396541500.624205588 152
1396541500.648097556 152
1396541500.674034263 170
1396541500.698081688 166
1396541500.723076568 166
1396541500.748076228 153
1396541500.772979054 150
1396541500.798961417 150
1396541500.822953118 150
1396541500.847950654 147
1396541500.872949121 149
1396541500.897957252 147
1396541500.922949445 147
1396541500.947748080 148
1396541500.973849603 147
1396541500.998824548 148
1396541501.023822625 147
1396541501.048700259 148
1396541501.073635861 149
1396541501.098703694 148
1396541501.123625122 148
1396541501.148588691 148
1396541501.173553834 143
1396541501.198583137 145
1396541501.223581829 144
1396541501.248453369 144
1396541501.272405926 144
1396541501.298457883 144
1396541501.323447897 162
1396541501.348251557 158
1396541501.373318700 158
1396541501.398319213 144
1396541501.424324133 142
1396541501.448348894 142
1396541501.474156037 142
1396541501.499198221 143
1396541501.524197201 145
1396541501.549202048 143
1396541501.573091446 144
1396541501.599016946 143
1396541501.623073599 139
1396541501.649079219 140
1396541501.673946856 139
1396541501.697948343 140
1396541501.723924493 140
1396541501.748120080 139
1396541501.773939725 140
1396541501.797943342 140
1396541501.823821765 140
1396541501.848799812 141
1396541501.872753726 139
1396541501.898696670 141
1396541501.922695872 140
1396541501.948707984 139
1396541501.972703568 136
1396541501.997654364 150
1396541502.023527970 150
1396541502.047586636 133
1396541502.073568107 133
1396541502.097565516 136
1396541502.123449101 134
1396541502.148448416 134
1396541502.173503522 136
1396541502.199500018 134
1396541502.223430875 135
1396541502.249376225 135
1396541502.273373804 135
1396541502.298467273 136
1396541502.323323547 135
1396541502.348322125 131
1396541502.374182603 131
1396541502.398151091 131
1396541502.423193859 132
1396541502.448089684 131
1396541502.473088787 131
1396541502.498127181 132
1396541502.523124361 131
1396541502.548994985 132
1396541502.573928388 131
1396541502.598942264 131
1396541502.623940627 132
1396541502.648937592 146
1396541502.673895850 142
1396541502.698949311 123
1396541502.723844590 125
1396541502.748866284 128
1396541502.773710022 125
1396541502.798666248 126
1396541502.823859599 126
1396541502.847657336 126
1396541502.873713741 128
1396541502.898661028 127
1396541502.923516041 127
1396541502.948594675 128
1396541502.973562664 127
1396541502.998410862 127
1396541503.022449422 127
1396541503.048443818 127
1396541503.073396476 123
1396541503.098313787 123
1396541503.123333823 128
1396541503.147320021 127
1396541503.173312090 123
1396541503.197263290 124
1396541503.223182280 123
1396541503.248143110 123
1396541503.273185349 138
1396541503.299122575 138
1396541503.323012918 138
1396541503.349056839 120
1396541503.374096716 120
1396541503.398994938 120
1396541503.423925129 117
1396541503.447948095 118
1396541503.473871597 118
1396541503.497922701 117
1396541503.523942484 124
1396541503.547930325 123
1396541503.572937592 118
1396541503.598769013 118
1396541503.622809455 118
1396541503.648692334 119
1396541503.672672989 118
1396541503.698686332 119
1396541503.724687749 119
1396541503.748549575 118
1396541503.774565640 119
1396541503.798562303 118
1396541503.824543287 119
1396541503.848457160 120
1396541503.873381359 119
1396541503.899444647 119
1396541503.923415556 135
1396541503.949425106 130
1396541503.973314143 115
1396541503.998251563 128
1396541504.023320495 112
1396541504.048313796 113
1396541504.074316978 113
1396541504.098184015 115
1396541504.124197914 114
1396541504.148219793 114
1396541504.173185557 115
1396541504.198057944 114
1396541504.223071266 114
1396541504.249062965 115
1396541504.272998935 114
1396541504.297948787 116
1396541504.322930522 114
1396541504.347930684 115
1396541504.372943990 115
1396541504.397882684 114
1396541504.423931802 112
1396541504.449080125 110
1396541504.473824803 115
1396541504.498751678 115
1396541504.523613888 115
1396541504.548684472 111
1396541504.573660976 126
1396541504.598736138 129
1396541504.623613647 111
1396541504.648569723 124
1396541504.673550327 107
1396541504.698556852 109
1396541504.722449136 109
1396541504.748426820 111
1396541504.773433581 110
1396541504.798381444 109
1396541504.823432005 110
1396541504.848326257 110
1396541504.874308175 112
1396541504.898290398 110
1396541504.924254640 110
1396541504.949286725 111
1396541504.974204645 110
1396541504.999194233 108
1396541505.023203839 107
1396541505.049183872 108
1396541505.073077309 108
1396541505.099034240 108
1396541505.124075134 111
1396541505.148031459 111
1396541505.173931527 110
1396541505.197896116 109
1396541505.223931598 122
1396541505.247994625 123
1396541505.273936072 121
1396541505.298977262 121
1396541505.322777073 109
1396541505.348797953 106
1396541505.372796923 106
1396541505.398677477 108
1396541505.422679400 106
1396541505.447679552 107
1396541505.473609333 106
1396541505.497567826 107
1396541505.523544367 109
1396541505.547536548 107
1396541505.573556001 108
1396541505.598503329 107
1396541505.623411536 108
1396541505.649424734 109
1396541505.673438379 107
1396541505.699429639 104
1396541505.723335564 103
1396541505.748246162 108
1396541505.773284190 108
1396541505.798328367 108
1396541505.824275516 103
1396541505.848170296 108
1396541505.873112573 108
1396541505.898200222 121
1396541505.923179044 117
1396541505.948156555 117
1396541505.973069975 105
1396541505.999068215 101
1396541506.023978340 106
1396541506.048942437 106
1396541506.073943396 102
1396541506.098917248 104
1396541506.124915337 102
1396541506.148874430 103
1396541506.173924403 103
1396541506.198920816 103
1396541506.223779717 104
1396541506.248777384 103
1396541506.273805063 103
1396541506.297699814 104
1396541506.323680463 103
1396541506.348673292 103
1396541506.373669290 103
1396541506.398534727 104
1396541506.423477950 104
1396541506.448550891 103
1396541506.472492162 104
1396541506.498431782 104
1396541506.523362157 104
1396541506.548352900 115
1396541506.573409803 118
1396541506.597312265 117
1396541506.623238164 104
1396541506.647301724 101
1396541506.673210844 102
1396541506.698240734 103
1396541506.723187196 102
1396541506.749168762 105
1396541506.773123163 103
1396541506.799172434 103
1396541506.823984440 103
1396541506.849045589 103
1396541506.874045018 104
1396541506.898040903 103
1396541506.923864338 103
1396541506.947899530 103
1396541506.973866310 103
1396541506.998911598 104
1396541507.022907362 104
1396541507.047940162 99
1396541507.072795190 104
1396541507.098694113 103
1396541507.122794066 100
1396541507.147683476 99
1396541507.174613675 103
1396541507.198646848 100
1396541507.224719471 114
1396541507.248717732 117
1396541507.274621728 101
1396541507.297542644 97
1396541507.323554640 104
1396541507.349550846 102
1396541507.372593784 98
1396541507.398394943 99
1396541507.422399011 99
1396541507.447411987 99
1396541507.472399668 99
1396541507.498345710 103
1396541507.524288425 100
1396541507.547286938 98
1396541507.573292790 99
1396541507.597290899 99
1396541507.622143403 99
1396541507.648173118 100
1396541507.672218515 99
1396541507.699261739 104
1396541507.723062360 103
1396541507.748013571 103
1396541507.772970759 100
1396541507.797043935 99
1396541507.822041727 99
1396541507.846913883 99
1396541507.873918063 114
1396541507.898864101 118
1396541507.923915661 100
1396541507.947912889 97
1396541507.973978375 100
1396541507.997839695 98
1396541508.022721219 98
1396541508.046886394 98
1396541508.072635682 98
1396541508.098655551 100
1396541508.122757069 99
1396541508.147546543 98
1396541508.171490430 98
1396541508.198538692 104
1396541508.223540326 100
1396541508.247535714 99
1396541508.272408130 99
1396541508.298343676 104
1396541508.324374848 103
1396541508.347409704 99
1396541508.373281552 99
1396541508.398275885 99
1396541508.424288532 100
1396541508.448243349 99
1396541508.472175133 99
1396541508.499174699 115
1396541508.523160165 115
1396541508.549154254 114
1396541508.574090505 112
1396541508.597137008 97
1396541508.624038507 100
1396541508.647028350 98
1396541508.673028068 98
1396541508.697026903 98
1396541508.722911581 98
1396541508.748904970 100
1396541508.771901213 98
1396541508.797926685 99
1396541508.821845379 98
1396541508.847983185 99
1396541508.872882388 100
1396541508.896793576 99
1396541508.922655667 99
1396541508.946603389 99
1396541508.972655554 99
1396541508.997735582 100
1396541509.022671673 99
1396541509.047525614 99
1396541509.073533561 100
1396541509.098516462 99
1396541509.123524723 100
1396541509.149403933 116
1396541509.173409895 116
1396541509.198399824 100
1396541509.223337600 113
1396541509.247274275 99
1396541509.273260281 97
1396541509.297284760 97
1396541509.323165624 100
1396541509.347083053 98
1396541509.373445677 102
1396541509.399150065 104
1396541509.422153124 98
1396541509.448011927 99
1396541509.473041040 99
1396541509.497972094 99
1396541509.524021415 104
1396541509.548881294 103
1396541509.574902546 100
1396541509.597894279 99
1396541509.622869933 99
1396541509.648945985 104
1396541509.673921121 103
1396541509.697723291 99
1396541509.722769928 99
1396541509.748776612 104
1396541509.773596811 100
1396541509.797660253 99
1396541509.823645824 105
1396541509.848650867 100
1396541509.873525240 113
1396541509.898475145 117
1396541509.923537183 101
1396541509.947483655 98
1396541509.973401413 100
1396541509.997385686 98
1396541510.023350151 103
1396541510.047397321 102
1396541510.073313052 103
1396541510.098200231 104
1396541510.123290064 103
1396541510.148203229 103
1396541510.173220936 103
1396541510.199148028 103
1396541510.223150312 104
1396541510.249098067 103
1396541510.273173061 104
1396541510.298983893 100
1396541510.323037848 99
1396541510.348038735 104
1396541510.374043365 104
1396541510.398029187 104
1396541510.423880659 104
1396541510.448846945 104
1396541510.472891458 104
1396541510.498830534 118
1396541510.522894658 117
1396541510.548873005 104
1396541510.572732920 101
1396541510.598822948 101
1396541510.624766322 104
1396541510.648636938 102
1396541510.674717089 103
1396541510.698607490 103
1396541510.724582035 102
1396541510.748646756 104
1396541510.773507660 103
1396541510.799473848 103
1396541510.823576796 103
1396541510.849350126 103
1396541510.873472036 104
1396541510.898454973 103
1396541510.923394257 103
1396541510.948274101 103
1396541510.974192986 103
1396541510.998257346 104
1396541511.024272358 103
1396541511.048263882 103
1396541511.073161708 104
1396541511.098166104 104
1396541511.123056190 107
1396541511.149361652 117
1396541511.173123536 118
1396541511.198067190 105
1396541511.223018265 100
1396541511.247969169 102
1396541511.272893080 102
1396541511.297881118 102
1396541511.323891064 104
1396541511.348890555 103
1396541511.373889890 103
1396541511.398825172 104
1396541511.423885954 103
1396541511.448741707 103
1396541511.473771497 103
1396541511.498626870 107
1396541511.523570768 104
1396541511.548634621 103
1396541511.573639427 103
1396541511.598517607 103
1396541511.622522202 104
1396541511.648519966 104
1396541511.673426218 103
1396541511.698362141 107
1396541511.723398664 108
1396541511.748385731 104
1396541511.774372160 108
1396541511.799195460 122
1396541511.824224252 122
1396541511.849267205 108
1396541511.874266064 105
1396541511.899155450 106
1396541511.923073979 106
1396541511.949121205 106
1396541511.974158632 109
1396541511.999008687 107
1396541512.024012161 107
1396541512.048014360 107
1396541512.073920172 107
1396541512.097887741 108
1396541512.123941837 107
1396541512.148865790 107
1396541512.173892829 107
1396541512.198839612 108
1396541512.222883288 109
1396541512.248739590 108
1396541512.272875282 111
1396541512.298658038 108
1396541512.323646709 108
1396541512.347577701 108
1396541512.373632560 108
1396541512.397636657 111
1396541512.423510349 111
1396541512.447513135 126
1396541512.473431755 122
1396541512.499469363 104
1396541512.523380050 106
1396541512.549377050 111
1396541512.573364451 109
1396541512.599420402 110
1396541512.623348443 111
1396541512.648257258 109
1396541512.674278995 110
1396541512.698254158 110
1396541512.724256823 110
1396541512.748204291 112
1396541512.773151249 110
1396541512.798132092 111
1396541512.823133716 110
1396541512.849118285 110
1396541512.872940218 111
1396541512.899002761 111
1396541512.923989588 110
1396541512.949030041 111
1396541512.974028899 111
1396541512.998872531 115
1396541513.024855031 115
1396541513.048879941 115
1396541513.073881541 115
1396541513.098875388 130
1396541513.123836180 129
1396541513.148702093 117
1396541513.173705743 113
1396541513.198629341 115
1396541513.223610118 113
1396541513.248649969 114
1396541513.273586843 114
1396541513.298637800 113
1396541513.323535545 116
1396541513.348496082 114
1396541513.373516965 114
1396541513.398456665 115
1396541513.423375878 114
1396541513.448361501 119
1396541513.473309329 119
1396541513.497356771 115
1396541513.523381716 119
1396541513.548684762 119
1396541513.573248091 115
1396541513.598304325 114
1396541513.623220439 119
1396541513.649316091 120
1396541513.673058760 119
1396541513.699109415 119
1396541513.724084858 134
1396541513.749145360 133
1396541513.773947545 120
1396541513.797938371 132
1396541513.824001883 125
1396541513.848060715 119
1396541513.873799261 117
1396541513.898932796 118
1396541513.922954959 117
1396541513.948808393 118
1396541513.972858238 120
1396541513.998745451 118
1396541514.022744177 123
1396541514.048746982 122
1396541514.074597477 123
1396541514.098627098 124
1396541514.124610369 124
1396541514.148627231 123
1396541514.174574529 123
1396541514.198486025 123
1396541514.223446683 124
1396541514.249504195 123
1396541514.273510748 123
1396541514.299387955 123
1396541514.323384781 123
1396541514.348305284 123
1396541514.373388551 123
1396541514.398380044 141
1396541514.424220711 124
1396541514.448165460 137
1396541514.474228114 127
1396541514.498252018 125
1396541514.523130449 125
1396541514.548144397 128
1396541514.573099672 126
1396541514.599396127 127
1396541514.623122942 127
1396541514.647991531 127
1396541514.672996032 127
1396541514.697957241 127
1396541514.723974439 127
1396541514.747864483 128
1396541514.773857626 127
1396541514.798850947 131
1396541514.823854808 131
1396541514.848847277 127
1396541514.873833728 132
1396541514.898847605 132
1396541514.923734635 132
1396541514.948741758 131
1396541514.973630257 132
1396541514.998557645 133
1396541515.023627142 131
1396541515.048601464 149
1396541515.072613396 131
1396541515.098569445 146
1396541515.123493189 145
1396541515.148412354 129
1396541515.173472444 129
1396541515.198466532 132
1396541515.224346439 130
1396541515.249351466 135
1396541515.274319328 135
1396541515.299325114 134
1396541515.324234108 137
1396541515.349237814 135
1396541515.373245260 135
1396541515.399238518 136
1396541515.424063708 135
1396541515.449122317 136
1396541515.474139026 135
1396541515.498115322 135
1396541515.523997604 136
1396541515.547937254 135
1396541515.573989813 140
1396541515.599447447 140
1396541515.623861139 139
1396541515.648870797 141
1396541515.672854159 139
1396541515.698799735 144
1396541515.722936472 153
1396541515.748860368 154
1396541515.773724928 141
1396541515.797743966 137
1396541515.823567983 138
1396541515.847613553 138
1396541515.873629748 138
1396541515.897633179 140
1396541515.923615944 139
1396541515.949452592 139
1396541515.973464684 145
1396541515.999472194 143
1396541516.023486490 144
1396541516.049366798 143
1396541516.073366522 144
1396541516.098297510 144
1396541516.124358478 144
1396541516.148358096 144
1396541516.174236489 143
1396541516.198237616 144
1396541516.223186317 144
1396541516.248212442 144
1396541516.273127605 144
1396541516.299121009 144
1396541516.323112654 144
1396541516.349110739 154
1396541516.373894770 162
1396541516.398978727 162
1396541516.423962491 149
1396541516.448984638 146
1396541516.474984241 146
1396541516.498795662 146
1396541516.523865552 147
1396541516.548864441 149
1396541516.573880654 147
1396541516.598835217 147
1396541516.623843612 148
1396541516.648719092 151
1396541516.673706589 148
1396541516.698640230 148
1396541516.723563026 152
1396541516.748610771 153
1396541516.773539741 152
1396541516.798592704 152
1396541516.823491320 152
1396541516.848534247 152
1396541516.873476508 153
1396541516.898482954 152
1396541516.923472261 152
1396541516.947371412 152
1396541516.973492284 152
1396541516.998290435 153
1396541517.023363375 167
1396541517.048198166 166
1396541517.073227815 152
1396541517.099181669 149
1396541517.123213645 154
1396541517.149246328 154
1396541517.174076084 155
1396541517.199082114 156
1396541517.224103764 155
1396541517.248230169 156
1396541517.273965553 155
1396541517.298042221 155
1396541517.323928696 157
1396541517.349001279 156
1396541517.372846386 156
1396541517.398805379 156
1396541517.422857454 156
1396541517.448814170 161
1396541517.472842332 160
1396541517.498849618 156
1396541517.524711662 161
1396541517.548730635 160
1396541517.574706604 160
1396541517.598559841 160
1396541517.624579198 161
1396541517.648643322 161
1396541517.673637771 176
1396541517.699394221 175
1396541517.723434208 158
1396541517.749501875 158
1396541517.773474702 161
1396541517.798474167 158
1396541517.823353174 158
1396541517.848304093 159
1396541517.874351520 163
1396541517.898310071 164
1396541517.924243613 164
1396541517.948226583 164
1396541517.973227286 165
1396541517.998164388 164
1396541518.023097274 164
1396541518.049061477 164
1396541518.073097247 164
1396541518.098084674 165
1396541518.122932253 164
1396541518.147933835 164
1396541518.173976000 164
1396541518.197973032 164
1396541518.223853434 169
1396541518.248825587 169
1396541518.273776806 168
1396541518.298843762 169
1396541518.323843868 183
1396541518.349855603 183
1396541518.373720235 182
1396541518.398676925 166
1396541518.423723946 169
1396541518.448537620 166
1396541518.473610772 172
1396541518.498735230 172
1396541518.523578672 172
1396541518.548527294 173
1396541518.573447462 172
1396541518.598443064 172
1396541518.623449965 172
1396541518.648475193 172
1396541518.674359716 173
1396541518.699437005 172
1396541518.724349818 178
1396541518.749365760 178
1396541518.774334599 177
1396541518.799224421 178
1396541518.823157659 177
1396541518.849224163 178
1396541518.874225087 179
1396541518.899102680 178
1396541518.924099689 182
1396541518.948029446 199
1396541518.974121627 197
1396541518.998097938 183
1396541519.023972296 183
1396541519.048979844 182
1396541519.073989217 182
1396541519.098920914 180
1396541519.122845316 185
1396541519.148880174 184
1396541519.172842698 185
1396541519.198846395 186
1396541519.223776325 185
1396541519.247849883 185
1396541519.273847737 185
1396541519.297738709 185
1396541519.323714211 191
1396541519.347590405 189
1396541519.373524837 190
1396541519.399587581 189
1396541519.423547459 190
1396541519.449477795 195
1396541519.473464249 194
1396541519.499530973 194
1396541519.524923930 194
1396541519.548470692 194
1396541519.574342315 194
1396541519.598337281 211
1396541519.624345900 209
1396541519.648239411 199
1396541519.673214232 211
1396541519.698219305 195
1396541519.723212390 196
1396541519.749217289 196
1396541519.772990530 198
1396541519.799121561 197
1396541519.824090366 201
1396541519.849131676 201
1396541519.874077013 201
1396541519.898944178 202
1396541519.924894203 201
1396541519.948947534 206
1396541519.973841360 206
1396541519.998854079 206
1396541520.023830843 206
1396541520.048767756 206
1396541520.073826416 210
1396541520.098829159 211
1396541520.123717442 210
1396541520.148698073 210
1396541520.173743468 210
1396541520.198564784 215
1396541520.224568371 216
1396541520.248587749 218
1396541520.273639838 229
1396541520.298471693 215
1396541520.323392822 228
1396541520.348462280 216
1396541520.373407229 216
1396541520.397338334 216
1396541520.423282994 223
1396541520.448344953 221
1396541520.473313379 222
1396541520.498209059 222
1396541520.523154995 222
1396541520.549226874 228
1396541520.573143176 226
1396541520.599140617 227
1396541520.624087362 227
1396541520.649085298 231
1396541520.674032361 232
1396541520.698085930 231
1396541520.723966006 231
1396541520.748893402 231
1396541520.773960081 235
1396541520.798985911 236
1396541520.822908931 235
1396541520.848834790 239
1396541520.872765609 240
1396541520.898830754 239
1396541520.922737256 256
1396541520.948797757 257
1396541520.974657129 256
1396541520.998718234 245
1396541521.024641931 241
1396541521.048615720 245
1396541521.074520904 247
1396541521.099579728 249
1396541521.123646648 250
1396541521.149527469 250
1396541521.173474481 250
1396541521.199454000 256
1396541521.223465784 254
1396541521.248408911 254
1396541521.274330081 255
1396541521.298329734 259
1396541521.324344532 260
1396541521.348311451 259
1396541521.374191948 263
1396541521.398207668 262
1396541521.423129681 263
1396541521.449205869 269
1396541521.473083781 267
1396541521.499055265 271
1396541521.523084249 271
1396541521.548025606 271
1396541521.572955991 276
1396541521.598023185 289
1396541521.623949492 289
1396541521.647957930 280
1396541521.673897708 276
1396541521.698822057 277
1396541521.723826368 277
1396541521.748830298 281
1396541521.773801074 284
1396541521.799809215 282
1396541521.823792997 286
1396541521.848780666 286
1396541521.873661362 290
1396541521.898577298 292
1396541521.923572543 290
1396541521.948511130 295
1396541521.973571793 295
1396541521.998577694 295
1396541522.023434717 299
1396541522.048484711 299
1396541522.073388873 303
1396541522.098450686 304
1396541522.124330903 303
1396541522.149306128 308
1396541522.174336288 308
1396541522.199332581 312
1396541522.224273879 313
1396541522.249324896 328
1396541522.273213156 330
1396541522.299198698 316
1396541522.324094914 329
1396541522.349036399 318
1396541522.374057832 318
1396541522.398085975 322
1396541522.423952581 328
1396541522.448055684 326
1396541522.473877403 328
1396541522.498947348 327
1396541522.523946337 331
1396541522.548845826 337
1396541522.572842943 335
1396541522.598810674 335
1396541522.622767395 335
1396541522.648825755 340
1396541522.673821713 345
1396541522.697697535 344
1396541522.723681026 348
1396541522.747532228 348
1396541522.773570588 348
1396541522.797604740 353
1396541522.823576555 351
1396541522.849569934 356
1396541522.873383450 357
1396541522.899443634 356
1396541522.923430258 376
1396541522.949446348 373
1396541522.974458523 378
1396541522.998321406 365
1396541523.024267970 361
1396541523.048307067 365
1396541523.074330747 366
1396541523.098192739 368
1396541523.123199566 375
1396541523.149132824 373
1396541523.173199904 377
1396541523.199082777 379
1396541523.223064790 381
1396541523.249048457 385
1396541523.274000777 385
1396541523.299065835 385
1396541523.324956940 391
1396541523.348924060 389
1396541523.374948444 393
1396541523.398942816 393
1396541523.424198888 397
1396541523.448780209 403
1396541523.473820011 401
1396541523.499821448 402
1396541523.523808012 401
1396541523.548746985 405
1396541523.573816108 410
1396541523.598741955 424
1396541523.623694825 428
1396541523.648674545 413
1396541523.674627668 413
1396541523.698624104 417
1396541523.723633131 417
1396541523.748593927 419
1396541523.773447086 425
1396541523.798426250 422
1396541523.823337780 427
1396541523.847439090 428
1396541523.873445092 432
1396541523.898248035 438
1396541523.923300807 436
1396541523.948276850 440
1396541523.973313434 441
1396541523.999171672 440
1396541524.023168252 444
1396541524.049184578 444
1396541524.074193695 448
1396541524.099121236 453
1396541524.124048113 452
1396541524.148028292 456
1396541524.174065444 456
1396541524.199001325 456
1396541524.223873017 462
1396541524.248934677 460
1396541524.272955217 464
1396541524.298869862 478
1396541524.322818725 481
1396541524.348743621 485
1396541524.373751181 468
1396541524.398831261 472
1396541524.424754920 476
1396541524.448884886 473
1396541524.474705081 477
1396541524.498635733 477
1396541524.524849497 481
1396541524.549602908 487
1396541524.573559559 486
1396541524.599510381 486
1396541524.623453892 486
1396541524.649381147 489
1396541524.673413438 495
1396541524.698440139 494
1396541524.724431298 497
1396541524.748306900 497
1396541524.774256915 497
1396541524.798315814 502
1396541524.824307307 501
1396541524.848183264 501
1396541524.873176791 502
1396541524.899134482 505
1396541524.923164246 509
1396541524.949072286 510
1396541524.973068441 525
1396541524.998069871 514
1396541525.023019177 526
1396541525.048056057 525
1396541525.074060887 509
1396541525.097938419 513
1396541525.123932513 518
1396541525.148930094 514
1396541525.173865388 518
1396541525.198939463 521
1396541525.223798375 522
1396541525.249817056 523
1396541525.273807743 523
1396541525.298742749 527
1396541525.323808398 528
1396541525.348800827 527
1396541525.373656912 528
1396541525.398702501 527
1396541525.423685544 531
1396541525.448487492 532
1396541525.473550270 531
1396541525.498553229 531
1396541525.523449560 531
1396541525.548428542 535
1396541525.574385854 535
1396541525.599390677 535
1396541525.624498233 535
1396541525.649328073 536
1396541525.674303894 549
1396541525.699317426 553
1396541525.723298768 539
1396541525.749306424 535
1396541525.774220045 540
1396541525.799187657 536
1396541525.824182015 536
1396541525.848127289 537
1396541525.874040528 537
1396541525.898058708 544
1396541525.924058281 541
1396541525.949070319 541
1396541525.974009509 543
1396541525.998932029 542
1396541526.022923954 543
1396541526.048926569 542
1396541526.072820482 542
1396541526.098783106 543
1396541526.123748675 542
1396541526.147861083 543
1396541526.173859338 542
1396541526.197748732 543
1396541526.223874269 543
1396541526.247771713 542
1396541526.273727735 542
1396541526.299734669 543
1396541526.323549649 543
1396541526.349533195 551
1396541526.373529199 556
1396541526.399492074 552
1396541526.423443634 540
1396541526.448421625 536
1396541526.474426976 536
1396541526.498424133 536
1396541526.524370079 536
1396541526.548302094 540
1396541526.573308461 537
1396541526.598297627 534
1396541526.623300886 534
1396541526.649120003 534
1396541526.673171109 537
1396541526.699183666 534
1396541526.724170483 531
1396541526.749166550 530
1396541526.774048629 530
1396541526.798980165 528
1396541526.825049902 527
1396541526.849064053 528
1396541526.873925395 528
1396541526.898921503 527
1396541526.923853817 528
1396541526.948922818 527
1396541526.973797751 524
1396541526.998799767 525
1396541527.023794386 528
1396541527.048797659 535
1396541527.073754703 534
1396541527.098792280 529
1396541527.123622872 518
1396541527.148679677 513
1396541527.173687696 510
1396541527.198477286 513
1396541527.223537888 510
1396541527.248543287 508
1396541527.273547314 507
1396541527.297543270 504
1396541527.323355424 506
1396541527.348461748 504
1396541527.373390543 501
1396541527.398475122 501
1396541527.423386545 497
1396541527.449350133 498
1396541527.473294270 497
1396541527.499350046 494
1396541527.524290618 494
1396541527.549165836 490
1396541527.574262156 492
1396541527.598138691 490
1396541527.624165107 486
1396541527.647987479 487
1396541527.673973694 483
1396541527.699059643 479
1396541527.722973529 493
1396541527.748907920 493
1396541527.772895090 476
1396541527.798895095 488
1396541527.822940647 484
1396541527.848747659 468
1396541527.874749755 465
1396541527.898787837 465
1396541527.924719349 462
1396541527.948768551 462
1396541527.974757884 464
1396541527.998721921 459
1396541528.023662474 456
1396541528.049702298 455
1396541528.073528418 452
1396541528.099567511 449
1396541528.123535557 448
1396541528.148476827 444
1396541528.173517803 444
1396541528.198402825 445
1396541528.224602523 442
1396541528.248431979 440
1396541528.274368565 437
1396541528.298279275 436
1396541528.323283942 432
1396541528.348281354 430
1396541528.373272854 428
1396541528.399165395 424
1396541528.423093895 424
1396541528.448163775 439
1396541528.473185060 435
1396541528.498172679 418
1396541528.523070749 414
1396541528.547969540 417
1396541528.574038716 410
1396541528.599037124 407
1396541528.624034029 408
1396541528.648912099 407
1396541528.673919798 406
1396541528.699862214 404
1396541528.723909225 400
1396541528.749133265 401
1396541528.773791837 397
1396541528.798791127 394
1396541528.823738150 393
1396541528.848768418 389
1396541528.872837959 390
1396541528.898734103 389
1396541528.923616713 386
1396541528.948740330 385
1396541528.973486367 382
1396541528.998545490 379
1396541529.024531331 378
1396541529.049537778 374
1396541529.074558332 378
1396541529.099541275 386
1396541529.124418031 371
1396541529.149461319 384
1396541529.173395815 381
1396541529.199393294 368
1396541529.223229789 361
1396541529.249274863 358
1396541529.274280928 358
1396541529.298226618 358
1396541529.324096813 356
1396541529.348157254 355
1396541529.374133136 351
1396541529.399181143 351
1396541529.424059994 347
1396541529.449030053 345
1396541529.473041413 343
1396541529.498966724 344
1396541529.523046793 343
1396541529.548914430 340
1396541529.573908980 341
1396541529.597889901 340
1396541529.623797114 336
1396541529.647746905 336
1396541529.673810903 332
1396541529.697786351 328
1396541529.723774628 328
1396541529.749779985 328
1396541529.773729046 325
1396541529.799650454 338
1396541529.823636931 334
1396541529.849554102 317
1396541529.873544485 318
1396541529.898447882 317
1396541529.924489114 314
1396541529.948507615 310
1396541529.974416582 311
1396541529.998396801 311
1396541530.023407948 309
1396541530.048350996 307
1396541530.073401446 307
1396541530.099604605 308
1396541530.123279051 303
1396541530.149300498 299
1396541530.174307852 299
1396541530.199677061 299
1396541530.224150127 295
1396541530.249267889 295
1396541530.275149290 291
1396541530.299148983 291
1396541530.323991079 291
1396541530.349028763 288
1396541530.374026439 287
1396541530.399009512 287
1396541530.424024743 287
1396541530.448830579 298
1396541530.473907971 294
1396541530.498906638 284
1396541530.523893334 276
1396541530.548771425 276
1396541530.585837102 273
1396541530.598735075 274
1396541530.623929397 274
1396541530.648775950 270
1396541530.673771747 272
1396541530.698668745 270
1396541530.723603516 267
1396541530.747740889 267
1396541530.773544272 266
1396541530.798475436 264
1396541530.823513730 262
1396541530.848481827 259
1396541530.873394417 259
1396541530.899397864 259
1396541530.923393678 259
1396541530.949254165 258
1396541530.974252548 255
1396541530.999221693 252
1396541531.024232050 251
1396541531.048220541 251
1396541531.074148923 256
1396541531.098210621 263
1396541531.124095755 248
1396541531.149122247 261
1396541531.173016356 260
1396541531.198951540 244
1396541531.223010194 241
1396541531.248968865 242
1396541531.272991610 242
1396541531.298895186 238
1396541531.324896156 240
1396541531.348846770 238
1396541531.374900007 234
1396541531.398701514 234
1396541531.424730386 235
1396541531.448762668 231
1396541531.473780429 230
1396541531.499716992 231
1396541531.523766741 230
1396541531.549721271 231
1396541531.573631918 228
1396541531.598666593 227
1396541531.623537676 226
1396541531.648568598 226
1396541531.674486520 223
1396541531.698520442 224
1396541531.724542591 222
1396541531.748397746 229
1396541531.773452847 219
1396541531.798331996 232
1396541531.823389296 232
1396541531.849255857 216
1396541531.873281248 216
1396541531.898273437 215
1396541531.923197582 212
1396541531.948264154 213
1396541531.973119803 213
1396541531.998126670 213
1396541532.024136299 211
1396541532.049143026 210
1396541532.074177801 210
1396541532.099017565 211
1396541532.124023480 210
1396541532.149012080 207
1396541532.173909910 206
1396541532.198837926 206
1396541532.223895224 207
1396541532.248886401 206
1396541532.273890737 202
1396541532.298763504 202
1396541532.322696810 202
1396541532.348761317 203
1396541532.373654291 202
1396541532.398760553 214
1396541532.423759863 217
1396541532.448615721 212
1396541532.474574920 212
1396541532.498638457 195
1396541532.524507313 196
1396541532.549510136 195
1396541532.574579771 192
1396541532.599564545 193
1396541532.623387935 193
1396541532.649343238 193
1396541532.673388304 195
1396541532.699270044 193
1396541532.724209998 189
1396541532.748279516 190
1396541532.774257725 189
1396541532.798260836 190
1396541532.824137947 190
1396541532.848135490 189
1396541532.874101588 189
1396541532.899134703 186
1396541532.923136741 186
1396541532.949006695 185
1396541532.973095431 186
1396541532.998991502 186
1396541533.022993191 186
1396541533.047897606 185
1396541533.073896131 200
1396541533.097862093 195
1396541533.123833727 183
1396541533.147880431 180
1396541533.173745705 180
1396541533.199754614 180
1396541533.223760933 180
1396541533.249738821 177
1396541533.273763376 176
1396541533.299755416 177
1396541533.323614731 179
1396541533.348628083 177
1396541533.374532666 177
1396541533.398453986 178
1396541533.424504934 177
1396541533.448489188 173
1396541533.473505647 173
1396541533.498378676 173
1396541533.523314945 172
1396541533.549377376 173
1396541533.577679987 174
1396541533.599317008 173
1396541533.624251952 173
1396541533.649213960 173
1396541533.674253854 173
1396541533.699252432 179
1396541533.725109582 187
1396541533.749143854 182
1396541533.774135606 169
1396541533.798929188 166
1396541533.824009868 167
1396541533.849000027 167
1396541533.873964909 168
1396541533.898988374 170
1396541533.923944039 168
1396541533.948889327 168
1396541533.973869548 168
1396541533.998878089 168
1396541534.023879649 169
1396541534.048737132 168
1396541534.074081156 164
1396541534.098739625 165
1396541534.123747264 164
1396541534.148749606 164
1396541534.173833232 164
1396541534.197560594 164
1396541534.223609041 165
1396541534.248509947 164
1396541534.273459730 164
1396541534.298468000 164
1396541534.323509020 164
1396541534.349322878 161
1396541534.373377108 175
1396541534.399380399 175
1396541534.424376983 158
1396541534.449247150 158
1396541534.474202967 159
1396541534.499627225 159
1396541534.524248175 159
1396541534.548250565 161
1396541534.574062798 159
1396541534.599145523 160
1396541534.623058697 160
1396541534.649118393 160
1396541534.673426241 161
1396541534.698999637 160
1396541534.722941444 156
1396541534.748935755 156
1396541534.774872610 156
1396541534.798886330 158
1396541534.824818469 156
1396541534.848904439 156
1396541534.874803304 156
1396541534.898699543 156
1396541534.923749255 157
1396541534.949748979 156
1396541534.974143126 157
1396541534.999767268 157
1396541535.023574457 170
1396541535.048623532 170
1396541535.073515403 153
1396541535.098505168 154
1396541535.124598115 153
1396541535.148498595 150
1396541535.174437266 150
1396541535.198371864 151
1396541535.223373108 151
1396541535.249367299 153
1396541535.273432025 151
1396541535.299196547 152
1396541535.323244683 152
1396541535.348243320 152
1396541535.373241633 152
1396541535.398122274 152
1396541535.424067622 152
1396541535.448137612 152
1396541535.474118858 152
1396541535.499141455 153
1396541535.523994754 152
1396541535.548944749 148
1396541535.573958791 149
1396541535.599970867 148
1396541535.623991106 148
1396541535.648863964 163
1396541535.673869909 162
1396541535.698858766 163
1396541535.723893260 158
1396541535.748737959 146
1396541535.773764766 148
1396541535.798726385 146
1396541535.823695838 147
1396541535.848738280 147
1396541535.873711331 147
1396541535.898744136 145
1396541535.924624092 143
1396541535.949629667 144
1396541535.974550606 143
1396541535.999492408 144
1396541536.024487784 144
1396541536.049490600 144
1396541536.073494679 144
1396541536.099299731 144
1396541536.124382170 143
1396541536.149360687 144
1396541536.174360698 144
1396541536.198347808 143
1396541536.224172993 144
1396541536.248234143 144
1396541536.274237976 140
1396541536.299236844 154
1396541536.324174749 154
1396541536.349069320 140
1396541536.373106505 136
1396541536.399113490 138
1396541536.423111630 137
1396541536.448989837 138
1396541536.474002788 140
1396541536.497985257 139
1396541536.523982595 139
1396541536.547866070 140
1396541536.585685193 139
1396541536.597864884 139
1396541536.623794889 139
1396541536.649864195 135
1396541536.673746989 137
1396541536.699714739 135
1396541536.723737955 136
1396541536.749736080 135
1396541536.773732255 135
1396541536.798620328 137
1396541536.823736683 135
1396541536.848607401 135
1396541536.874615358 136
1396541536.898436699 135
1396541536.923498102 136
1396541536.948476314 151
1396541536.973493490 150
1396541536.998468829 132
1396541537.023328585 132
1396541537.049299466 130
1396541537.074358997 129
1396541537.099344301 131
1396541537.124243643 132
1396541537.149231992 130
1396541537.175184670 130
1396541537.199237719 131
1396541537.224254037 130
1396541537.249119108 132
1396541537.274115044 130
1396541537.299042359 131
1396541537.324108547 131
1396541537.348001729 127
1396541537.373986354 127
1396541537.398980792 127
1396541537.423934421 131
1396541537.448987479 128
1396541537.473850014 127
1396541537.498861637 127
1396541537.524004908 127
1396541537.548861589 127
1396541537.573680939 128
1396541537.598730455 137
1396541537.623728747 142
1396541537.647679540 141
1396541537.673694081 137
1396541537.697669906 128
1396541537.723589577 125
1396541537.748619135 121
1396541537.773621126 123
1396541537.799441222 122
1396541537.823498120 122
1396541537.849415245 122
1396541537.874483612 123
1396541537.899465643 124
1396541537.924359664 123
1396541537.948288826 122
1396541537.974289980 123
1396541537.998249986 122
1396541538.024212069 124
1396541538.049172855 123
1396541538.073234957 123
1396541538.099174567 123
1396541538.123114425 119
1396541538.149129278 119
1396541538.173129683 119
1396541538.199050944 119
1396541538.224989242 120
1396541538.248911381 119
1396541538.274979808 136
1396541538.298923288 133
1396541538.324866690 132
1396541538.348839843 120
1396541538.373819443 117
1396541538.399859582 117
1396541538.423745147 118
1396541538.449687998 118
1396541538.473731865 120
1396541538.498731585 117
1396541538.523551319 118
1396541538.548727137 119
1396541538.574724575 118
1396541538.598605179 115
1396541538.624604641 114
1396541538.648409896 114
1396541538.673454224 116
1396541538.698469145 114
1396541538.723494464 115
1396541538.749476197 114
1396541538.773362999 114
1396541538.798294460 115
1396541538.823351295 115
1396541538.848347962 115
1396541538.873221152 115
1396541538.898224386 115
1396541538.924155529 133
1396541538.949216322 129
1396541538.974089461 128
1396541538.999105219 115
1396541539.024098801 113
1396541539.049079703 113
1396541539.073970472 113
1396541539.098973214 113
1396541539.123975316 112
1396541539.148968176 110
1396541539.173870190 114
1396541539.198784157 114
1396541539.222842737 114
1396541539.248843313 116
1396541539.273779104 115
1396541539.298717726 111
1396541539.323682744 110
1396541539.348742269 110
1396541539.374747239 111
1396541539.398726621 110
1396541539.424741634 111
1396541539.449653150 111
1396541539.474522399 110
1396541539.499478651 111
1396541539.523471523 111
1396541539.549469167 111
1396541539.577711979 111
1396541539.599450410 125
1396541539.624350988 125
1396541539.648391474 108
1396541539.674415147 109
1396541539.698380958 111
1396541539.724299523 109
1396541539.748227052 109
1396541539.774222656 108
1396541539.799094371 107
1396541539.823090186 110
1396541539.849094685 110
1396541539.873043173 108
1396541539.899089360 112
1396541539.923946417 110
1396541539.947979426 108
1396541539.973969603 108
1396541539.997792847 107
1396541540.024020185 109
1396541540.047858652 108
1396541540.073839578 108
1396541540.099842373 108
1396541540.123865429 108
1396541540.149788719 108
1396541540.173831650 108
1396541540.199769132 108
1396541540.223708714 108
1396541540.248864298 122
1396541540.273711349 122
1396541540.298780742 105
1396541540.324590719 106
1396541540.348588839 109
1396541540.373652605 106
1396541540.398395761 107
1396541540.423459024 107
1396541540.449465221 108
1396541540.473684237 108
1396541540.499524919 107
1396541540.524314905 107
1396541540.549320754 108
1396541540.574347026 103
1396541540.599342726 103
1396541540.625201800 103
1396541540.649214153 107
1396541540.674155608 104
1396541540.699207796 103
1396541540.724086603 104
1396541540.749081732 103
1396541540.774103939 104
1396541540.799022932 104
1396541540.824084303 103
1396541540.849104670 104
1396541540.874036016 118
1396541540.898946805 118
1396541540.923896252 119
1396541540.948957286 101
1396541540.972785174 101
1396541540.998818434 103
1396541541.023813950 102
1396541541.048756641 102
1396541541.073840954 103
1396541541.097699367 102
1396541541.123716460 104
1396541541.147708239 102
1396541541.173712282 103
1396541541.198645099 103
1396541541.223591091 103
1396541541.249600231 104
1396541541.273531245 103
1396541541.299459679 103
1396541541.323395676 103
1396541541.349416854 103
1396541541.374432668 104
1396541541.398404763 103
1396541541.424316259 103
1396541541.448332871 104
1396541541.474265505 103
1396541541.499212695 104
1396541541.523264993 121
1396541541.549213258 118
1396541541.573300746 104
1396541541.599118291 109
1396541541.622206282 97
1396541541.648095940 97
1396541541.673070549 98
1396541541.699079928 104
1396541541.724968780 102
1396541541.747945640 98
1396541541.774079928 99
1396541541.797957404 98
1396541541.822945639 99
1396541541.847935160 99
1396541541.873782970 103
1396541541.899783886 104
1396541541.923828396 104
1396541541.947826651 99
1396541541.972717299 99
1396541541.997647136 99
1396541542.024638652 100
1396541542.047705416 99
1396541542.073787206 99
1396541542.098703191 100
1396541542.122708316 99
1396541542.148526289 100
1396541542.173600833 116
1396541542.199453242 118
1396541542.223436022 104
1396541542.248451218 117
1396541542.272388627 96
1396541542.297447698 98
1396541542.323322635 102
1396541542.348304225 100
1396541542.372349977 98
1396541542.399310614 103
1396541542.424133079 102
1396541542.448199582 99
1396541542.474186702 100
1396541542.498200984 99
1396541542.523203029 99
1396541542.547009284 99
1396541542.581687821 99
1396541542.599063945 100
1396541542.623077039 99
1396541542.649076822 104
1396541542.671917560 99
1396541542.697956755 99
1396541542.723932504 100
1396541542.747957981 99
1396541542.773829063 100
1396541542.798832461 100
1396541542.824778451 115
1396541542.848826004 115
1396541542.874724613 113
1396541542.899696816 113
1396541542.924696071 102
1396541542.949703393 101
1396541542.972696729 97
1396541542.999717338 100
1396541543.022702907 98
1396541543.048575697 99
1396541543.072580828 98
1396541543.097490350 98
1396541543.124516419 100
1396541543.147447564 98
1396541543.173447578 99
1396541543.197444731 99
1396541543.223271635 99
1396541543.249323077 100
1396541543.272319586 99
1396541543.299328106 100
1396541543.322322550 99
1396541543.348297968 99
1396541543.373135976 100
1396541543.398180885 100
1396541543.422181962 99
1396541543.447193650 99
1396541543.474089119 105
1396541543.498004616 114
1396541543.524076748 113
1396541543.549069904 113
1396541543.573947824 100
1396541543.597931752 97
1396541543.622897651 98
1396541543.648942780 98
1396541543.672826972 98
1396541543.698833065 100
1396541543.722800896 98
1396541543.747795615 98
1396541543.772767684 99
1396541543.798708613 103
1396541543.822674399 99
1396541543.847692492 99
1396541543.872674663 98
1396541543.898629133 100
1396541543.923673454 100
1396541543.948710791 104
1396541543.974561466 103
1396541543.998512564 99
1396541544.024458330 100
1396541544.048528289 99
1396541544.073441010 99
1396541544.098455560 99
1396541544.122440360 99
1396541544.149316400 114
1396541544.174267652 114
1396541544.199316612 117
1396541544.224334204 100
1396541544.247125504 97
1396541544.273201483 98
1396541544.297144037 98
1396541544.323190992 98
1396541544.349196673 104
1396541544.374066500 103
1396541544.398075770 99
1396541544.422065050 99
1396541544.448012578 99
1396541544.471949584 99
1396541544.497916385 99
1396541544.524010361 103
1396541544.547915858 104
1396541544.572874072 99
1396541544.597861620 100
1396541544.622879857 99
1396541544.646825172 99
1396541544.673878249 104
1396541544.699749416 103
1396541544.723800813 104
1396541544.749746376 103
1396541544.773693034 103
1396541544.799671174 100
1396541544.823668542 114
1396541544.848472126 117
1396541544.874563784 101
1396541544.897438761 97
1396541544.924511163 100
1396541544.947429263 97
1396541544.972369343 98
1396541544.997432107 99
1396541545.023326853 102
1396541545.049279470 103
1396541545.073308177 103
1396541545.099266607 103
1396541545.124138524 104
1396541545.149190672 103
1396541545.175180212 103
1396541545.199133393 103
1396541545.225181513 103
1396541545.248999939 105
1396541545.274061225 103
1396541545.299057603 103
1396541545.324054122 104
1396541545.349852532 104
1396541545.373934088 104
1396541545.398868716 103
1396541545.423949415 103
1396541545.448894140 104
1396541545.473791595 118
1396541545.498768003 118
1396541545.524744982 100
1396541545.548786352 101
1396541545.581608638 104
1396541545.598694326 102
1396541545.623684851 102
1396541545.648689042 103
1396541545.673687891 102
1396541545.697756104 104
1396541545.723545068 103
1396541545.748615540 103
1396541545.773656449 103
1396541545.798428925 103
1396541545.823483750 104
1396541545.849429089 104
1396541545.874489057 104
1396541545.899335902 109
1396541545.924252212 108
1396541545.949286753 104
1396541545.974303958 103
1396541545.998307033 103
1396541546.024236067 108
1396541546.049296741 108
1396541546.074229891 103
1396541546.099214733 121
1396541546.123046514 119
1396541546.149042344 104
1396541546.172010075 99
1396541546.199038403 100
1396541546.224033558 104
1396541546.248957437 102
1396541546.274928770 107
1396541546.298928849 107
1396541546.324866436 107
1396541546.348796933 109
1396541546.374803708 107
1396541546.399802004 108
1396541546.423656949 107
1396541546.449651336 107
1396541546.473641588 109
1396541546.499634361 108
1396541546.523682503 107
1396541546.548698670 107
1396541546.574676003 108
1396541546.598486332 109
1396541546.624529840 108
1396541546.648438180 108
1396541546.674438194 109
1396541546.698429438 108
1396541546.723363074 108
1396541546.749426442 122
1396541546.773310563 122
1396541546.799302604 108
1396541546.823302502 114
1396541546.848196693 107
1396541546.873106871 106
1396541546.898181572 106
1396541546.924174926 109
1396541546.948201314 107
1396541546.974065254 106
1396541546.998995810 108
1396541547.024022761 107
1396541547.049054910 111
1396541547.073963499 110
1396541547.099960460 110
1396541547.123940494 111
1396541547.148926098 110
1396541547.173924687 110
1396541547.198818878 110
1396541547.223851257 111
1396541547.248799335 112
1396541547.273750319 111
1396541547.298786515 111
1396541547.323782322 110
1396541547.348697240 111
1396541547.373660392 112
1396541547.398612208 125
1396541547.425153772 126
1396541547.449674012 111
1396541547.474665688 129
1396541547.499568433 110
1396541547.524532528 109
1396541547.549367330 109
1396541547.573438971 115
1396541547.599389463 113
1396541547.624417112 109
1396541547.649314765 110
1396541547.674248672 110
1396541547.698291368 112
1396541547.724291873 110
1396541547.749194770 114
1396541547.774167539 115
1396541547.799155392 111
1396541547.824101222 115
1396541547.849167603 114
1396541547.873059727 114
1396541547.899050145 115
1396541547.924019064 114
1396541547.948979521 115
1396541547.975487076 115
1396541547.997927424 114
1396541548.023917084 120
1396541548.047922891 119
1396541548.073904834 121
1396541548.098800038 129
1396541548.123801683 128
1396541548.149794175 115
1396541548.173804232 112
1396541548.199799123 113
1396541548.223621780 115
1396541548.249680743 117
1396541548.274669834 118
1396541548.298666907 118
1396541548.324664234 118
1396541548.348597073 119
1396541548.374547878 118
1396541548.398594944 119
1396541548.423382831 119
1396541548.449522309 119
1396541548.473349551 119
1396541548.499409912 119
1396541548.523389334 119
1396541548.549381505 118
1396541548.580031186 123
1396541548.599210501 120
1396541548.625293976 119
1396541548.649163135 119
1396541548.675143815 119
1396541548.699162872 119
1396541548.724112359 130
1396541548.748973994 133
1396541548.774046687 136
1396541548.800023935 124
1396541548.823991075 121
1396541548.848913224 121
1396541548.873901178 121
1396541548.898907493 122
1396541548.923918851 124
1396541548.948919213 122
1396541548.974846325 122
1396541548.998789662 122
1396541549.023736362 122
1396541549.048788461 123
1396541549.073698910 123
1396541549.098674882 123
1396541549.123641177 123
1396541549.148612770 123
1396541549.173699065 127
1396541549.198656039 127
1396541549.223642680 123
1396541549.248542996 128
1396541549.273560512 127
1396541549.299342413 127
1396541549.324430532 127
1396541549.349415579 127
1396541549.374526417 128
1396541549.399304445 142
1396541549.424236672 142
1396541549.448302159 127
1396541549.474306403 125
1396541549.499289652 125
1396541549.524263108 126
1396541549.549250341 130
1396541549.573150924 132
1396541549.599156580 130
1396541549.623155898 131
1396541549.649031219 131
1396541549.674039134 131
1396541549.698983678 132
1396541549.725010142 131
1396541549.748919771 131
1396541549.774910885 131
1396541549.798910032 135
1396541549.824845391 131
1396541549.849754940 131
1396541549.873793161 135
1396541549.899842071 136
1396541549.923847522 135
1396541549.949822129 131
1396541549.973651856 131
1396541549.998671727 135
1396541550.024658731 137
1396541550.048725883 150
1396541550.074640819 150
1396541550.098601845 133
1396541550.124581185 133
1396541550.148556022 136
1396541550.173385807 133
1396541550.199413134 134
1396541550.223363529 135
1396541550.250411735 135
1396541550.273295718 139
1396541550.298279970 139
1396541550.323337732 139
1396541550.348277557 140
1396541550.374223940 139
1396541550.398215504 140
1396541550.424156724 140
1396541550.449155272 140
1396541550.474165763 141
1396541550.499116319 140
1396541550.524033641 140
1396541550.550053459 140
1396541550.574078680 139
1396541550.599046083 140
1396541550.623996074 139
1396541550.648885532 144
1396541550.673974023 144
1396541550.698901164 159
1396541550.723902709 159
1396541550.748906008 157
1396541550.773765637 141
1396541550.798772243 145
1396541550.823759579 143
1396541550.848777366 142
1396541550.874775657 143
1396541550.899585606 143
1396541550.924629032 149
1396541550.949633298 148
1396541550.974528912 148
1396541550.999676157 147
1396541551.023591648 147
1396541551.049461828 148
1396541551.074517126 147
1396541551.099404040 148
1396541551.124378324 149
1396541551.148317995 148
1396541551.174384506 148
1396541551.198397474 148
1396541551.224438636 147
1396541551.249328086 149
1396541551.274325402 148
1396541551.299223066 148
1396541551.323151343 160
1396541551.349147272 164
1396541551.373145742 153
1396541551.399146708 166
1396541551.423955765 166
1396541551.448029167 150
1396541551.474024461 150
1396541551.497951897 151
1396541551.524027043 151
1396541551.547851646 152
1396541551.573857346 153
1396541551.599904131 151
1396541551.623895711 152
1396541551.649780228 151
1396541551.673792369 152
1396541551.699712724 153
1396541551.723832789 152
1396541551.748614998 156
1396541551.774628300 156
1396541551.798560944 156
1396541551.824596476 158
1396541551.848606397 156
1396541551.873651436 156
1396541551.898578500 157
1396541551.923506659 156
1396541551.949526347 157
1396541551.973476819 156
1396541551.999527849 166
1396541552.024392985 157
1396541552.049363118 170
1396541552.074456054 167
1396541552.099315206 154
1396541552.125276759 154
1396541552.149238696 157
1396541552.174314500 155
1396541552.199216437 159
1396541552.224098815 160
1396541552.249137076 160
1396541552.274168930 160
1396541552.299101306 160
1396541552.324193042 160
1396541552.349031090 161
1396541552.373964813 160
1396541552.399024830 160
1396541552.424011792 160
1396541552.449023039 160
1396541552.473905849 161
1396541552.498832793 160
1396541552.523945847 161
1396541552.548961895 160
1396541552.573824520 164
1396541552.597829140 165
1396541552.623734987 164
1396541552.648801767 178
1396541552.673660047 164
1396541552.698654045 178
1396541552.723645442 178
1396541552.749593961 162
1396541552.773641941 162
1396541552.799627332 165
1396541552.824512939 163
1396541552.849652192 163
1396541552.874445719 163
1396541552.898330115 168
1396541552.924456310 169
1396541552.948452395 168
1396541552.974370730 168
1396541552.999278838 168
1396541553.023194669 168
1396541553.049270560 170
1396541553.073284907 168
1396541553.099263242 169
1396541553.123156444 169
1396541553.149088153 168
1396541553.175110637 173
1396541553.199135904 173
1396541553.225021784 173
1396541553.249022545 174
1396541553.275009023 173
1396541553.299035289 173
1396541553.323907803 187
1396541553.349887556 187
1396541553.373890667 178
1396541553.399993484 175
1396541553.423823182 175
1396541553.448771395 176
1396541553.473708820 176
1396541553.498758790 177
1396541553.524758884 177
1396541553.548566221 177
1396541553.574590138 178
1396541553.598633796 177
1396541553.623642963 181
1396541553.648630807 181
1396541553.673660887 181
1396541553.699457099 182
1396541553.723512548 181
1396541553.748509412 182
1396541553.773381078 181
1396541553.798394906 185
1396541553.824341498 186
1396541553.848397344 185
1396541553.874258056 186
1396541553.899266236 186
1396541553.924283853 186
1396541553.949127184 190
1396541553.974118832 200
1396541554.000130200 204
1396541554.024138884 191
1396541554.049129960 187
1396541554.074014846 188
1396541554.098960059 188
1396541554.123951004 188
1396541554.148982535 195
1396541554.174006367 192
1396541554.198860322 193
1396541554.223832159 194
1396541554.248876426 193
1396541554.273928921 195
1396541554.298763332 194
1396541554.324753123 197
1396541554.349749386 198
1396541554.374705302 198
1396541554.399645382 198
1396541554.424648129 197
1396541554.449632817 197
1396541554.473634800 203
1396541554.499564258 202
1396541554.524631934 202
1396541554.549653308 202
1396541554.574512565 202
1396541554.598506190 207
1396541554.624409500 221
1396541554.648424243 221
1396541554.674352177 206
1396541554.699399485 202
1396541554.724258898 204
1396541554.749266487 204
1396541554.773201129 209
1396541554.799254087 211
1396541554.823231223 209
1396541554.849146544 214
1396541554.874129102 214
1396541554.898081022 214
1396541554.924082088 215
1396541554.948015792 214
1396541554.974007752 214
1396541554.998002439 214
1396541555.024002834 218
1396541555.049934507 219
1396541555.073876465 218
1396541555.099873952 218
1396541555.123879900 219
1396541555.149876506 222
1396541555.173699193 223
1396541555.198748752 222
1396541555.224749116 227
1396541555.248728848 228
1396541555.274749279 241
1396541555.298634283 246
1396541555.323627123 244
1396541555.348626067 227
1396541555.373575653 232
1396541555.399624527 229
1396541555.423571060 233
1396541555.449463800 234
1396541555.474512934 234
1396541555.499383602 239
1396541555.524322953 238
1396541555.549399736 238
1396541555.575378432 244
1396541555.599393966 242
1396541555.624373486 243
1396541555.649246474 242
1396541555.674194697 243
1396541555.699216138 248
1396541555.724155114 246
1396541555.749132035 247
1396541555.774061175 247
1396541555.799180467 251
1396541555.824182859 252
1396541555.849053539 251
1396541555.873947313 255
1396541555.898958450 255
1396541555.923985297 272
1396541555.948893183 274
1396541555.973861498 273
1396541555.998828110 272
1396541556.023879447 264
1396541556.047764475 260
1396541556.073745110 261
1396541556.098744224 262
1396541556.123693607 265
1396541556.148769038 268
1396541556.173746664 266
1396541556.199627632 271
1396541556.223601326 271
1396541556.249633944 275
1396541556.274553328 276
1396541556.299615801 274
1396541556.324491931 279
1396541556.348375341 279
1396541556.374385838 279
1396541556.398303460 283
1396541556.424333488 283
1396541556.449370423 283
1396541556.473246250 288
1396541556.499242966 287
1396541556.523196737 287
1396541556.549249819 287
1396541556.573225608 291
1396541556.599100183 296
1396541556.625127192 309
1396541556.649118005 308
1396541556.675027310 295
1396541556.699117783 296
1396541556.725131954 302
1396541556.750048851 301
1396541556.774042000 301
1396541556.799961656 309
1396541556.823874723 307
1396541556.849946225 311
1396541556.873878505 311
1396541556.898864283 311
1396541556.923822144 317
1396541556.948745286 316
1396541556.974752417 319
1396541556.998742157 319
1396541557.024738798 320
1396541557.048771525 325
1396541557.073633189 324
1396541557.098621338 328
1396541557.123611888 328
1396541557.149640647 328
1396541557.173642575 332
1396541557.198564544 332
1396541557.223490558 336
1396541557.248486476 337
1396541557.273494270 351
1396541557.298420203 355
1396541557.324334833 350
1396541557.349356689 340
1396541557.374381401 344
1396541557.399250190 341
1396541557.424258821 346
1396541557.449233465 347
1396541557.474243418 350
1396541557.499285180 352
1396541557.524122066 351
1396541557.549105711 355
1396541557.574114030 356
1396541557.599044633 359
1396541557.623003996 363
1396541557.649001469 363
1396541557.673991168 363
1396541557.699009355 368
1396541557.723933170 367
1396541557.748848091 370
1396541557.774860373 369
1396541557.798860217 374
1396541557.824853511 379
1396541557.849744479 377
1396541557.874647033 382
1396541557.899730992 382
1396541557.923730424 382

